-0.000178641630151686109875289453711097398379910624787340573523445919028378946267487153618791848078316166111945063331987670163
0.00760831927168889271670184936828659540088490508768756041773868788020701065250366339740484426829435189308858184715217197757
0.0362284472190806274835350562283769362328891571191172808462156478468723367361678239537765233195819637522970466114221430910
0.0784847631559347436074104325030597185784312413349199269938520228889100947029577862139054471216174825216452797944694744550
0.106923793786013996815870501458810318473005480077488437393503525211095646050820465662631934794990307796421264034618771311
0.104234597390691828864327231149648924542639879668043583515287988031395807576736923924587850971298192341600379322991875925
0.0780648987294322159911703285535006658198701917709314876597872537534412386615546061423419752765472705418227881414972670761
0.0470038232284101409266029257400491053078210857769996629592165530414373970800511328798077323228632038558068239788998574444
0.0234867508762157981935360827902634014644777040699195089395783500818040567363104042297618840737852211398189195855591475624
0.00997081652363578199323433695364225795506813768517001106685098530844708812518839556093944167724767927218640609487310121065
0.00366216958340004118458316359046254773801171056700683506817666865521553360463913599441877462439246812726639922303254173290
0.00118066709031818373406963439965943093667434311123879925262810538789701780602701636284833317268757429772173070288518413811
0.000338086179313954022824177480893810098431390294034398193907730554034177672996392630148543681106257062513476352993902340942
8.68381199067339018863387041510975297098636692452458745319217925865535815439866860411389777200973312370716826129590750628e-5
2.01739978254662971475470335903588662098519567211494730290232445272723343266517941811555946122275932641565216856982934489e-5
4.26946389415355947939017321498718376543550280247073255858794288659412049534369502788740189992779503892095952275338757414e-6
8.28218942808983630321296364443011632822363228864310805402529237265396925269063995326661456470124343379469207628039719153e-7
1.48069204436234546065770540505998977029300867725814951460327101715403894778257618221557868247902209848861621422506211629e-7
2.45140500955376860446315014467502618495204367645002449475978883410503539905833295930342769123931227095497817296668830421e-8
3.77442214061430025455159837908836082402851419331703463832431748045126127585212261736297113360304449385753761813284904845e-9
5.42541130048882246698206051930905908692033588239779915210675291867824717198314853121244679093652197130900618960726728201e-10
7.30566157913487971578483475337799085879285171200584152510254966008030763912155457318642182754087549832789560088823091911e-11
9.24460733771034503913312271152292700741418217391909216671609458414419986938831455940445644289816541283410825106811230653e-12
1.10244079808570561355368986365179213050979903243962584530015507457498697166768936237823295892052849354551424089991016776e-12
1.24219580928819362524124905558999701149995106698886079715343333701730470501873293042284695237689378235072195931078545770e-13
1.32565419623884933097972076765192894807576338637188129397873634742551100110452773220393834659432377096537651475197090367e-14
1.34286280981815971300187537003965622567625971666908229725070048563284910071864801539754515436457007570147221819192114247e-15
1.29383153774757381037493396099809785235860433948540720951787393956523131038334889706922085708684594752120410936226460074e-16
1.18792121706838308399183373752635985410298524587375598550089308817624360586189112461327953447074664463313532767685769434e-17
1.04117313517158963961112267019782609138650342698841516194120927165729237412205028226950679834491976612463112066939571575e-18
8.72556604818164369238825202954190135776809863797354569926699122156892539680671009066234222772581947980681350378960996307e-20
7.00265919737150932848741416451862354281346872935643803301947238137506358367350415002990066393280270560475114064642840922e-21
5.38954838178379035480052474843649791070662776351493191462295398584626387882780748457365356609776390468225513137169671200e-22
3.98331669764505593397985229168443423061811392743838341966372910463556629238139450657332570303661171155087427105868015081e-23
2.83066629073986312704717016425545639146595679527949970148938004296903782735362629147221648066532048993123467649488458542e-24
1.93642388453409298138090351848605648223872253105434930107545436264589343666992768928695941559745269991796110186793207595e-25
1.27663748310634286836556456747292902910214480855776083901978869205702735186493481344617128963345578854232388762091537476e-26
8.11990523612574810549278925483198209553899082190915016264714322500623995049663699060133414643467151449592100407210812909e-28
4.98754469341105008453947640962322062566104825811431343008574153628835426342757006320757779678825173109956508367788970598e-29
2.96134317814624342284629987023663962785336907796101049720943200496002201224480986848684575133563001192857157610922535897e-30
1.70117694344917607604332497086441345005674018580564748035078050108978121248582309014505810357030057642747209349475476071e-31
9.46329521313422931321023465618569633523899173247771098229452064017323400822600049965206867164224882034788052387347258301e-33
5.10179269169771388029953172124034956912204599233504773050534089168097356489419416021315011921646074967550427851583937658e-34
2.66765340663375193704607419394597763285421541396472843151706512969360529833254132673873714879206975469609925352446529814e-35
1.35389590770819158459344987194785365243268525255241460519168491239158776997945913772705750086946563266336081429599618764e-36
6.67419679544540702681296836649855619934244450143247884109253217728054916805797503648728762868096565446294825621130712429e-38
3.19790549176091367449906217191061811572563543361785708818832990691791726474670820832346929899977385648708852381715497552e-39
1.49027858210075074116856603258500716667957857779623860565924352611647682487330881220783232987389206439047952992573283809e-40
6.75888343370555374396892717231457526468618573664285797997509710960073606397466107058260264632256065073388436605496821538e-42
2.98502105459380809268945102464992388703141652502967643586506376284404540091771379554159089456447463691673726509275344182e-43
1.28449845210385770438062166255053822882338843382475175109325062125093880781273746375201610921634785077916921510500545244e-44
5.38855660191737018850126829940041803759931437166699563857540462749769592779449872330009605982100692862847281550833574616e-46
2.20492402534651142763791941222623641206058568231186972114014887871425691383955029701837724806526980586191386932871064531e-47
8.80476970597274677032945290292496453016119923884857010581635433471097280959623345501981676203549000522220724032259268289e-49
3.43287635965692260462142766627016911628627080438547183867481374714508458448916765027767783861225176524033267208931072553e-50
1.30743132787821704730841983642597746195382946101896727687783007573018728092055045488956158308932371806067359979605466888e-51
4.86628510543087722195697368556332491495251534822877900906198286304247550597711922040924516090008121843656743665916543480e-53
1.77086115663782686290317361569679912674605583991299347680816539120676441081175548199047374047303559761961631039324452407e-54
6.30323484342710206647390122025736901125393392663066635699969504159296437588203165233088231984495982378937233666025782263e-56
2.19539102797709756723482575019076981252769039126765643876926862842916372442063068546478566239283075809199555233049751770e-57
7.48516049748485424011981271054485899860014570219703421860001915428219337626513334605156066567191472796977882741928900920e-59
2.49917634932072727523987167253672788084986702388955710540203061286846793289761592242389441456885650029918626035335565561e-60
8.17446877987139138282696513012093660699060586337553475817657384292383356880691451759064271304039575817249099162635987025e-62
2.62025866483218196957470398908150275868864315407909746062328001610256128276798294321961215703565258843539562508686535972e-63
8.23381301103846241230260246302108273556145515267267561081587711528825903137162188024191930324437553219041853497680753682e-65
2.53732191107847613307082925996692697458620741587469974656631593018610091771388543877282869150185989882934723288884609225e-66
7.67023951894234078953380889198838741814137611369003329219419454427831423381279649623979632462684650206778818274134102546e-68
2.27529568110339720299515742518835406743239337918662523427011360940788709344930035026454355713475714437124125533121566030e-69
6.62513918504984813206375369506853913846420684631846596977349906401214468701469334983564121167275348884065747652263336962e-71
1.89412744345820926608629692464143791627477591827137264289741578465855129832847890270443917829785568076318123058664519854e-72
5.31869943910027248590602461583883511069459509663150079911616534583128024918864565978706701833008693680948015906081062454e-74
1.46725371631876689941951400037009846431709242520111161685005897675966993398290560796621425099723091782732892067705759338e-75
3.97764962614865167447171346224943541505595384341534446368689502048391543107450272438714198433898965672241843277307949816e-77
1.05994687775111844010573536885269219215310065888086108710803359608921992486007716643344532869817071770299667328450299603e-78
2.77708717837904277235903546143917838531374770002211663070769964420846134126024449273229994660360275314674351999910983559e-80
7.15568650952208836856947595234321941159149552528221608821858969040676947705850847190246545681117149368553810691025409750e-82
1.81374031472965089322944206463110154421347051785034145404378779306095221163257221994050607000079690346313217494435542762e-83
4.52338700361051292516955515444965861842574628376205993265597651107883287969068733976447694773706293141712758380587584238e-85
1.11024126740161879711052069500789377632383898910422548272810993104751429959757097355544145930839080812545450599278123184e-86
2.68246164129763317099469350626604083546628513770538145104688013760580154101460570191518306963890305516659417266241030525e-88
6.38127224018146043050410645151335762862216246527902791916079128588755235032772732567022431035122037764609876821060896274e-90
1.49496591251071919835483042329852499501783354146038144487677274803077091536410845540983659960400715378635554157088878335e-91
3.44981597006657778559226152116545257852999213030186039330012821322975379288331564851094574500276190229567913588224111126e-93
7.84312827388359587139892822017964430386937970826653052896084173278556878456897988657286507181066793344220106963716011315e-95
1.75710390261874561115419280707756400979647777329545711348901480497186693015638283305725585546677826221702241044983362424e-96
3.87975425937962920831880251183855214727172468375883337490464961394389745554679023712251829190310350754314502025497314657e-98
8.44484261099152768132342829718581361573138452301289852871798015415382078147334986060133365179774875379521885067216807365e-100
1.81233907771837835615298304283387656981585905002603512658499246526293183157401830484530415276735334782868904595984481219e-101
3.83553568897001578210215608458317096872616621681160289415692852885689507147923324888064620927353603562564215605960877692e-103
8.00622157004933839091833157303300265497046877547598877226463277162771912756843089671521636735716969203055945291906347816e-105
1.64861319222047851138490289413318404995688696361829095186154149346081617655168731228458513296806619749623220681767417882e-106
3.34944174882425718196639403164242622552720122260946644518487505430335281365441490766824096387489700771794007045734752940e-108
6.71521399735651948034092331749569032286793159209450819633700911936146216507175283332875392407043579579156801176891876060e-110
1.32877288381194614659159274161796477527634255733582380010823519478679144012323417964743730358608547857543896659107532268e-111
2.59545382808977021663182095120839339860213314584772354368884011835648628391442325540089702902439084548198758684849469962e-113
5.00511674488075469824725673008851720709707358769706942729653664620806098245937671819907887108162100135371277061193093662e-115
9.53056712920374862442157694382123172325577648579334081348983993975453337275334531248875748369940178591283644270573531768e-117
1.79221783684959139321495987669731234309307567847630229999975031932255078703756474568565484021786921886337564995802820460e-118
3.32883992113602045787012018325681554341539908855762601230385454833136036751795540735259892756814424472070988015107976107e-120
6.10782152707216542422723490495161221171066629141799597887105250769956109597917016025454863194046325211775208252454205984e-122
1.10721270637840768484037460099952672289086321620212657873442479805533637382630270145376460296016875821564940621644634867e-123
1.98328825187168516112118810935010158083128371028230316427839120716133385700083677453247944555911854634481765965091762017e-125
3.51081742088442154849896711871021329512790992433328726324918740651632854776707399514781173591906121545071837350771001333e-127
6.14263479697311406265331262077565973845418285289407812735335339341222392617978367841576304123611557913381864924356753923e-129
1.06238147871825800395506133807539635342167198534507847428908705515811211586146995576815593426239913109965026737604646677e-130
1.81651856540819557382745491871980462583811110103515831094392543545096748824860074629951251675820749638750283208166164401e-132
3.07104302042760160099016997563635671185399512629645081770048301742564429041911305765886458299780559876355055484202006916e-134
5.13417652066319018633368750713858478236359700883078404403648846879234469608601089675631229104919410326976398806387465032e-136
8.48878742372303572843049396795945749642150622156666986309694580747109864255507482196819445846477421573455492475964528303e-138
1.38822750366377657190807500847048219751527511137889479821589691874754129308207024765703664394181307954649521651021650109e-139
2.24576841776726515340119859076855400164224804119580739677679872623257168253357883681033233475100419286594964651787652586e-141
3.59423882967103841248396437016487059134553583445683386757116696627132703076081916311833483111570535364291315793155082678e-143
5.69159425889336702347911892977664707223630967809917803895628459144306570587438907315992333651268082822938202913975988530e-145
8.91851417004009015829016639798769462275837044416561968744404321305153670132345046054812609292684673703457509034665009799e-147
1.38301962006131431872030627067283388370171360628997519752589541705960367346587461642578625974575610640332231035622341487e-148
2.12268865861302991841478554892036970107984664575124770159771039729763475611483273169050258455189372382424603442333519762e-150
3.22485685600900150561977868471889868006134433963567517957912966562803728439326616803527242064800725580082783357235582008e-152
4.85002578503940275966629723470259685487392269958152383905320811961608607384122740052095271042636088844176054361442020918e-154
7.22153686556268805228378641881382559341237373090095452748070929622840932477484797487574088974526971875384655991767869812e-156
1.06465518050777540232861805871073011705034522991164720803920864723444300494193449248704929153410830381625675575568800637e-157
1.55425801319338252410810592193085094236418831422305701898160347986130576767262975757608474597058350272284050932912689050e-159
2.24704830095445963391348315160759667424880276274210870666655522025388618983976773000523986202220207538554937049090966269e-161
3.21748481900024358842739815919105326122532395573714029492353903639756171232571087413639174419139271039871306518834544937e-163
4.56325140917718939281236565510957060927954796219851528122551770222963866116766976187373291606151779760420052418116541004e-165
6.41097980628396892918914505250433948561529312801915338121435223087520700176503619840452493266211490481153192992938138147e-167
8.92286321174577824500275476026517350038831075198577164633986618516044864994649518468263165530695348884475313239338866839e-169
1.23041309308075929477783187956833656607797664812204365659298936763836426954190335061916391945351610745101323839586925366e-170
1.68112882385144412898478139743078089161055860287632083394821806910179628474968124594217884742728301164977298308690671274e-172
2.27609430545716251061212832007852879100892097913770835572709196757022701896845058490697818988811394376863516902949891826e-174
3.05389430717651634072718515049513943564902579992127346887039774314950150229051398289153038206882640886697105105078485724e-176
4.06094365093110755097821553229071718185708117385593196023054871764227344648582652194786275719191673121724976911234394194e-178
5.35233514670377031038045760021843558582532781775823784531473278203108280115654679045487007640357132710715909591718295587e-180
6.99256699060996430907367386837939110107697184238024774274369745095504783669230891045866876056722038930256644713258877626e-182
9.05607616633020994744548730541780513789606676165209305121969250921371280038170451886246494460268530434601045064018352259e-184
1.16274952562944803065053228391054472853693127290440507477674910574572221475195926245437430730386196426193470779560100643e-185
1.48015440900568119105027345597889269556431617491093519471154740698452847215558621890194078292821998507577009595074958054e-187
1.86824661153798121166161546884693966703542021513832383808985314509817220310791566710197466129726586119380852091478760792e-189
2.33829235032016189402034520180464782620815481808619858291728329116892783170103035673974596921147837777721466359224910322e-191
2.90222758451784704566600771833510884565398318321697676258569199959588267233727450066004817803508796973046040966596597845e-193
3.57241856135228304110441684066946923726296956713097831581815413402586975190583592740333154350408552959568652153043000433e-195
4.36135196207015563216491861217066880899691155142757365317807792925157160425830070055585595594296611978648090493356021502e-197
5.28125492657847884300515668171952577368665471652137317688467500254900216991090846409561567154875344963081109901482079138e-199
6.34364924511677890020225035959689341900453921912133807036703478286570118881996150540684627317655587186503197944442117062e-201
7.55884850627447421730119738286686346661439084322307692852983705841718440921086681854853466015643870572669436600541242665e-203
8.93541175071011127146544188889902207706364647134199498599738706959774763619929168950033002162748178806588903927748223854e-205
1.04795719066668612572109088244635461666851200453213493271039867521424588777619327538815305821736440757500242192703570522e-206
1.21946616393941324194288033286664872969245587848914747616637703153005486527284111907103622542030461085568915939335287174e-208
1.40805628713199169857876923343739749187161736805560577957935569921598676892130800601457203064094373798466251887792125903e-210
1.61332087667006893985330891673335924042038761928394063919275901481546577597899679464376280258160097148422353188236241321e-212
1.83441681013743935380263986709569191666809029799943208817298877048864019448568713441220055420132084923609524854544503766e-214
2.07003413986673354899077698030727214812048454502668819914712086643991361204054611670896832464766472037817903921371755723e-216
2.31837958445951767452871264690124046160157939278999169720993859197907507684108502832273511918685386023681405457165478258e-218
2.57717617557362342925128000016262030174079805687437976893144516374968090914692638318464821610831067913019426023691225954e-220
2.84368073520069444090005374014846378992081842442933023953730610175385102895778350546104948643906625773993589649363506581e-222
3.11472010137760684403943165017342349658372858131008823633868179306023447538780273808883083097437805961262761583555584616e-224
3.38674614409030867439040951908468973482570808396415162650833426398091984809770814549907307040895949079838999955703464358e-226
3.65590866573434048666694722814709470038007250225412070423420894909730906569936369570585947450846667739091185894115060913e-228
3.91814431806514220491924624890129214885434249037738262379592692261388221387196396518519768871095957660523766778733176635e-230
4.16927875087827536663045159010395714371405034050852505157674387528752949645036912498251280760032778686177665905411599532e-232
4.40513839760553004425899362905233343772718698439227234128667961830623601807838280130216547142983754518273219775588875902e-234
4.62166765592270891926587141234212764928434864469865443263313129716139138963462849545862683597614568981663282261101050855e-236
4.81504678458100702862863707386824127161986107678913825367983832471245834368180815465986379363857769380203997477551962658e-238
4.98180564525452716593548031213424468379149716179103136508897331829431728435492310339783095826114415334551639427265979989e-240
5.11892848858510245891290313198121812460871071394903400514510678103778121696006106134001552504761225440184481465152818302e-242
5.22394531754980518821586639625577759485185918217645377797213940676625857960520858062756232877165477455209620608896622827e-244
5.29500594165904250197835419395688367112112718625363287062403430712197002153580679031184739737360273332578125528253480040e-246
5.33093362850602913000657272805825171138573031892002962269349529626053393034940400670208931558124989427764683624069331266e-248
5.33125621684555985029879170150070625578768443126264611458850658014567401175848468044798662857776230569215132932393163420e-250
5.29621361913960318888393929828801443861186295474249840946957929059437783820307200696871320700694557131739810347626025976e-252
5.22674174667690115224051084463193030781147063716988576499151300451943609288610559118396334860371859444385261946248814389e-254
5.12443397090567924695360535837533224302452125023606040103361011869903042826046735519776917540674089610974542109509193351e-256
4.99148222787799886481796679981235047964623925955235542511417492699976942338097189711993993520826123765328053884476913905e-258
4.83060072381101786978905618097429014614071996003738219168957084995084721492915327366455360571406550767018648025939010735e-260
4.64493586516771041545249197149098053313231240021512685074250692177004098712859017037062811261773104593982675143846583098e-262
4.43796648665004670276187187214627767040127851852955820133893609501124068299502053317397889274158865445838061119113294575e-264
4.21339867059125372616376795556268086130790103754540342269256437324912699854034892393499885282112452814669842133796302028e-266
3.97505944226712892878161830961276110062278028858326624243698210766799410947185817430033213024479064460090856265775992690e-268
3.72679340274231686992928532911783876968405095644253979576512008974856287989914130125362285219865794760140979600612825207e-270
3.47236595140105692637200238627131758246090859195235107688090225449657428299131703715050997654868754268964807143483930200e-272
3.21537619112158887702988343806811779016534069115763935269289316437785233426549644736299827176427344476191435674433495832e-274
2.95918194318170483632599655140302485504232001993364814062446721196106315340407879531602934223585660022056950283656745811e-276
2.70683857224670915769366026124488897290138573158348303737235237565360169640733256502150612661017439377263656840922991058e-278
2.46105257946745012566462937796252057012274220771785665891355137495540660472187864857835887097781234438510220199777040268e-280
2.22415020559283242733796378351174992210373076519671531060281968403696253562700538972655860472388165003446155601575124260e-282
1.99806063198313735504350966352643488224698337888449293105030424097164742952713846262873281821170784675285211317516515929e-284
1.78431280380708234987490326915998275439088287637947784797853577225950446229888906261562760875230875780745217447769201988e-286
1.58404444625358869321871518100240996954114268441276466504872558148103515041175308709180771477781772230422653860287866393e-288
1.39802151219715353222491382593766728655877936338030355874681240614332423676950189471056142163884245384008207139546178199e-290
1.22666609089957411924110649398572109510094315469342760945674508894762063298063007339162922597221998809077208644240939317e-292
1.07009071698699262470276025814429634703996394266255935852321212527506587056388326176562496971586896295265456573374742075e-294
9.28137035914039418387953970047332624124094486294105849251544106821703617520888317881474635596095941729154799452664857300e-297
8.00416890615887623951197112262924523486129440273324803493488214996687468705426377519855738251114151370196680089785918577e-299
6.86354075306115912078174762218909391491400304155916779423452230686561102224228563495319823981782287541969679542523652686e-301
5.85225236317704897293798132814571185556679685057625764971460262022588531610218548007796010691549177821153288462344683015e-303
4.96198666535820064728852224421749586692312668934628027192488170380326335943579461620537566418459288543362066722524966617e-305
4.18370020693403424163658723789163833086537007849979786876547754115132718454164452677915401180424923160735099273689032821e-307
3.50794257209531660641535084290087091697777152951040740167742766516375311321988678986751295737860340494394331757091932858e-309
2.92513374838698768564845018877757188638973582663042329445715042665626902197496518503980391333322878283451075722823000941e-311
2.42579748859670322022714861584512281348588081971617684570792835636605082760543710859813186811759250330557829721269717820e-313
2.00075074813937741354877464348186482178094338665456998971543722037385374034962068938477321844228597662781849419429056407e-315
1.64125093942399004174210212600608618635223081452258343331669803014143396658077757273354271552468063898272105286804469379e-317
1.33910402251173012602449996625821396267892809909992506811229614277920732151532371637629912535563200236053358583831735004e-319
1.08673735648741316851181028241216256651348582503039324207028037568827508447006795244360841720731586449710892362262011062e-321
8.77241797097291990525111512154126494810046915956523186576997737840985077541335222553663752775058213991930951688578917930e-324
7.04387784719203816777416284332941422389444414783334873904204013436737236876925302889079593511050204334693015978253213707e-326
5.62620171644561593367580563627271496607926947155524943162639783999373890844245985793468648316236524138338909176051095083e-328
4.47036341209737768133522191662090752542565781509501063583588308313408474158542564327188629271448860345057907365826389268e-330
3.53351825288494583881390584102094195971470271915962072751588047646741750820185572770466291733064607341087641624362089809e-332
2.77857179476707091636149726152883298322436628435717000967950937337588584284977239880053179845542317031267159013648072835e-334
2.17369370021610618157680110819605355162178677849955610180618437090632177071425714600803836546258306158816198824028006540e-336
1.69180399608545518967870373287168853462961980939754641737928917475502405168325041823544872416023272807209638657253972641e-338
1.31005379786484084457952883691183678832821217929964189553194579739083006101395502720270470594460543963090562665435523228e-340
1.00931768201410548699098913953672602713775813443772824789741920502012024460613775169817566593325484931267450746472607046e-342
7.73710443174505274641476217514370286108396339423055163695762984319232789910568630290805646807871981309032125363955019556e-345
5.90137073821793975597841041075100262522226371410147743620994514831383582997035934063950285040959722112622167301158549576e-347
4.47881494420566487705705977097817915333332743633727069056431026941147152196851228664682605482047370934800848857992572372e-349
3.38236846077116838105493290450888768397341142702868846589349294759879175857918712431920316093645466004852687780367859627e-351
2.54178008322081261119077273510066634422997562136898180907704827963561330719444203931982102920723394674247029366724248064e-353
1.90075373972914057010175012725590454140339921662443737368123525072438411550273656159579983286487845406703372937815623571e-355
1.41447739833929465456235291485992920861386431361225629740240883271179126022919490345669866952493974610264488462408410776e-357
1.04751388651660880098915841453803030281404112054788615035333117443503453438255933624043142743365619244344077756404256578e-359
7.72019755119024328452602682631413595304754622975587128689740270492624748938265852310115328980655662353579482246806573570e-362
5.66256248569745112257737135692449060165485755520728941356218350308408852014927713403836220916348101843972747000153018281e-364
4.13356322126516438987846793098659591630385915714331447049085094976610345155183195869005273314302886135112002320362154277e-366
3.00312944692781953000567131099468900909607270633480269958180342447773609830518537668712542327899829106237986586137005307e-368
2.17156190918327672295710578285365879097636747484506964969566102297468010871317893102532243073843119654337094797589354523e-370
1.56289489749485616703400399533903371586791084835263017362693336734131430980622673333010192954085224885373747554195669155e-372
1.11958565625898679569095604212674166101929089154161301845497409543901250594126716786202700555847388655582472994470761181e-374
7.98298607230461596464911105966103506466231702954917659204728255780103341024874001565529358658270776807134669458592802614e-377
5.66584005898805897780523670102122581379054766414649270951137877678985958692124034000250118546710365842904647019295705602e-379
4.00280511071754490976520888512404160538952387818851852924016763576468852454844611397223617549051987431797255052021299595e-381
2.81498433758030345188142571479275978352526494043728368318823940781147208368670827880137869862537499501508530467472109233e-383
1.97064789471401585052985968305566285653426363225351529724791774776733153276764453719353407011857115941129042399694065648e-385
1.37332591734437764667662201503930900460352824154635586454621223663298045989727629827268460997328095103472088138169930222e-387
9.52751531440185812508112447259605154929800202433987633652674840225708084800193895046037039966762376190495623551419149308e-390
6.58016806568823177636374069411969317138434728698125284558897578538303233143833083268003593025940454505184569826128505521e-392
4.52434123004297922587430364639898953214142593812958137343704843577157928961180776549004444082897064158640823179609551808e-394
3.09702285028736503800345080531408002071948903823906076587157972319354643730037327449135572675806123630159607149393016144e-396
2.11063786854032630146320532979355449991633185138159816349892784260850835519262402842313989563655086016518009326015926584e-398
1.43209814578782173045787067069235362542317675489978658548271687770079708768397404685443695695489054517248926152019576577e-400
9.67455449712660373372483229258009288600875732444921026367009153379460476728971861662722486787762814842816872472344497167e-403
6.50725186256998598525709510671757520266734929441131329652486549609076604148313697653156595983585932400373585946993838909e-405
4.35794689871650826993158811975951254857719023788918197000534351080229352584443647221602263195325297233482312685202917203e-407
2.90598303732116846627300216081501814228201367009000009203652272302745028332978032593644616982918930464567272191951191059e-409
1.92947921358867573536118297101854948035147571653702122352644545125515289053825929229053121321252646986351185284326911998e-411
1.27565139231097955882306862574627669985439395786582846666320546579135391424457060381018169007063986710816564558346240642e-413
8.39803520048471388998666501125868647632949320280762251492211745537617965719327303993172671723220006433990566138809312060e-416
5.50536328566162336555179973810510151034629329619169181476129435357969507714191610724754314576208669440367650958295887949e-418
3.59389706062396821681062541202125245691141411806270883734270820960579810577092178874790863767447658994409310866343087575e-420
2.33628230399465321379619184288712921815808050787142020501140085234786256670727756949667002018639034437242257059086400428e-422
1.51242427750731120186061687778090795910487714018623776823405168440640927287880770042170897741923314520886904191990868180e-424
9.75032565468666796029029482195398688168569138691451193372823879108824765404389928599897418486225119790479729413807530012e-427
6.25994064026233270496572474865407694105013906192358841683507315098902378394362117631429320530756319922286331046978437027e-429
4.00253650859563586625684193199912170807110459977825141703961743391029431172773321013364211698505492905704358153189485492e-431
2.54872330727429209767442157014174159931985392187320274580127382006950923656102357454928940278256401649394865728848681231e-433
1.61636939392074009144242100597676293176181677787466599932643258093988166370777300146275833085933321533525421319585368659e-435
1.02093302875813521576808340913224041754304828250500841953625795835183469579515487513676820743917732144415778860163244431e-437
6.42244948094632019120845760870983814247324242244255720424778254719245830946364420072462851883407887014993248827275245342e-440
4.02400931677229451210648940958556114321585876564162591155589557886388136375884911221392693602312136443064908678105423045e-442
2.51119281674352091133091346928646774186769129936793531759547736396241213495561596379523701911662763035443286566273627153e-444
1.56088836270211744682973403039706116449522710059293060539396541606369427001704183846606344849257419043130965991098791092e-446
9.66367145315917651601188754315214475137020011092032058710359321828631567547378278653367286075643365998851115920255468344e-449
5.95934828874637502500913077142922104137628353877858009754015152004412036146370298843331679561868930414188770374490756372e-451
3.66057560291009904763472777044739703409716268158732021761695616689355682087692665532809596341663202157940079397308227026e-453
2.23976077252195823487224409567380627373275850578419623290719654470631064719790461582021948775669600199172704075908401269e-455
1.36509571849240552694045796063814243865971141891694446989295679099447427352987163156868133533931219203162080754539398317e-457
8.28783902556923562137354674961497888983306290948465968394440313996793473578606546543569214364369033244389432606320776423e-460
5.01237662369817593992113248224373158643286586585855766467207746568349757265826194640029351331819865162909614507966141830e-462
3.01979640664676225033459544800675986133415301077192675821532607092124306796707481491203863629661670770229942819564221212e-464
1.81238535905219605664934081467876892652074283103748199224617520521477276686432113516610386291107492202426713626043924233e-466
1.08360154109253921445777547590518714267153973982606657391897784874762354516629154556139230531724252374167401038304853564e-468
6.45419506257619327014384992370852940205642955687301598074585830799703679196327364561479998849033452165557200242106315536e-471
3.82979142150677722652033351757249537777322268422494721956617216218950196442907864813704838755851501434106963686226979352e-473
2.26399686575655331258080743569231403476274210157074330793256915198075509043572751656144068435256463452143995587511048449e-475
1.33337168917426741640054681197431729602863124777477510401128584362367578689754965494443287547361932093724144071354994661e-477
7.82363060219194529750209336003096906773163951589817906651381197566378043341051316537020820685290056502294754236972074501e-480
4.57355679660799826178758889355739209293823389477106568910420195143311125414717700888585910887731569345548601634364578772e-482
2.66376144966566933958286740213867858637021615207136566244113468272402357155448876732796490607100786658792279565815281230e-484
1.54574881033976998862452473081381221581379860181287113032851605762734468442252475483435844339345168063639831085161969718e-486
8.93699724059841501442833771871490074556300467196261589026788861006413752626454130934440300209854086372371953591634572981e-489
5.14825628384849807894881757273542639246060888167680889626619011923089143126397315168847903137763576494042501045744669467e-491
2.95495718134008707592770028453899546229556322596714368711687288136961538332100742929679742155216646317220004850679842321e-493
1.68994021928868365552171303237411785202966019331264275878068822801114217805965532800954928370592133389922532034273722254e-495
9.63001964863932342663627104343502207822811321928724479515049714736127870568612021134120316541748311975401078941318485264e-498
5.46795839175911443953368770981818832756936607471855742208729034914394530312282190766953525531929863953854821038998358587e-500
3.09365507769180196190797249342798862977132040145548683714364808646467173011399851095924065482552009083569528618661760350e-502
1.74410914415532670559326456208058827904974052220116717426748842681974410537567978602901360537705063324855327762606754871e-504
9.79798730588373268284265265781176555855167744446082840117950298433543206922828844511844502385673156033732475204384119418e-507
5.48488909397484203398388403245732333027995364926675054852254164594693856038491637789421001227771354969636049777922507193e-509
3.05965785562593419310856179909520683024481682572034256662024850477929528724206478316813639869314438903308441117604398555e-511
1.70081915720898945265706420018474906594412733180977221625237670962648427381447965137265494779148858005797650613037284193e-513
9.42171257723436180900389380208074725651830159759023337643919212138125004912697876779894753461664612220152486281471412910e-516
5.20108717865627864148713437997161698423774118605306565615024507227739492171555719800003194587865926871185559845925665616e-518
2.86125833425030238066639685013058376881639312850415802475210432368461483687502794633796686556648565775263367249661325049e-520
1.56864512502285319088351705392726007021189873358695264462414841040273066828970079607283958335641767678014792623670806365e-522
8.57043824025858697713804268671178410145863407783264826544942711583896444276367969103852334206646358839962474216601710386e-525
4.66657230259647906566247578093204585236701686864670608059809014620785562470549757705916954524393314169453535378652112873e-527
2.53230213016206488221289384478959129816535262513586051252305232940823087640372511765103534484315811475207019731586651619e-529
1.36949817611545099451002422319165841355474473723900069529408426040923756718885294280819853978958435025743444006002612122e-531
7.38144918961442410469965821767007385917032268763300707439684573696863455397636936241340488873365897004081142325931487512e-534
3.96517015898065614084507765645013588095519916809264003482055238589163010645656531170664904578755178112235393402722060880e-536
2.12289140766046675811938991827578454428718024193845719593550051217812706907355545587728782153812576557968940458164902130e-538
1.13277897879404537182204812335652636296488996304792878428276414589157695791972781796731851669304649809503801883642924265e-540
6.02448170349070248772330470013234728596934228502285652910184608879411377551131659662787337249766828772177075430378201360e-543
3.19342646034123517427571863691886942394200073519848047748378008421753943240747866411845376751988234950712553091658425913e-545
1.68718398530057817063989707096705146582128615524281459865601450967907589708721221255663132840144570007097595226802422927e-547
8.88468017451949105857189435330144378712760388866751478745734244320872274748653620257804323542533227111018955556582669492e-550
4.66337647905511131699577055666968663516548132857003739431961418938739111750057813337182704946261715416310040577093839946e-552
2.43974219429120711262265089034484330365547240731401770917247403558034800309326238704361088597546472580530698547699471780e-554
1.27226504164046003153395763017276903551151637342576866047982227055029852646907442511509133842130633011632384270059633150e-556
6.61312646201608614962595382629656798158718114820408042407645941735259957037009822032263845875623897247800218619448620055e-559
3.42639146281924882574703328813625695603036583746691780211250306243881346809666215139686504728744129579633854155668789324e-561
1.76959284069308722042441357258071509194553009684700699175941460593081041017743947111123510669002833638230635659387577021e-563
9.11005951770981272609611768244633990339412061226263469413945978312089171956669382737874504565030039291192695207564552988e-566
4.67504498837058083369469165903466861191394501160187209512109303201820398869350205488566403307016222614567905021473660459e-568
2.39151047132738210428524269302380176505259937658908406203414633206889246683256171896322289511245593732329482171957391213e-570
1.21951135640991894460047102043938374978070096015196281339352087912783692301292980606134849195677650717140050893761428706e-572
6.19914226294298276523724434510590601077285241934530519946096271541392962937322559891471101819296018447066377576922686815e-575
3.14133776814836768398109428174398104370397837671994641441891717094027036984430900798485430333749393596158046996727690468e-577
1.58686506553940097608270113722815072348197369245936528504146335500449384527006149292901914139373209307575293537300365723e-579
7.99121307844639569893235372151293326731785580160485454286900025629643151834690120487761932945098781694007453982789556273e-582
4.01178595462986155981549682045300044573754657333157272255172822737519844779792433339560939145606662721974604759995085164e-584
2.00779827414179560693879624557365723292354473604639127012681615685814008210678756848602369963022678903424614495906859409e-586
1.00176209715488061090144569176029075506657378878420592904632429005425825483510168708575955140528571359497623804981514071e-588
4.98283140610745454758058604810429546588693243220488969747001532275725084245535849485708157748430334025682349964638369031e-591
2.47092588193382761100522386481450536275918840932533535961180843650653567889381307117319256484926237376350232311361781490e-593
1.22157458524181192585867110278746723330223616637075723899637064517924663886558808363523524145592594397773982564549056063e-595
6.02090518759037535712827470552209602918346597348056895319933513018229524610748192911751223572694487854250468387104615374e-598
2.95862464181432984588089011415228759471284403538392363579667909471946845196878610563573336041366094564581254946810654513e-600
1.44946907819442033706085776604777518148261085570019625847569289227797947107395670915399354047294362101230669742836871541e-602
7.07984471759801221161753606990555415689423509548631093127202204443781788880955240605877067099492508371973780647823435711e-605
3.44777456253910058825061148764758925317970673755208813704852498032584446675943407759855152041974033350961798724548714260e-607
1.67401354965065030732039983623664596827837922322170835993819000534459634839087740514514684766238554235592127990779974798e-609
8.10379885779013959445283397432838821083379281070557422038906901379691571447293044498599337258596172781721672724080327329e-612
3.91140224324726134962447369047253490987772019938463833334361612629953391318764754377437626107694209543974331447542862960e-614
1.88232663976229225003984308674471153148144209934251051757122966343320750235196033394488304003554044856171563521878911693e-616
9.03193253802727707596842849531107075317868594865733334090542699518302423560831121356310314392654496097326881451517155056e-619
4.32109732309792373466376879532020738971866985844060212461111158450275590310611946325384409168047292991929765388138353097e-621
2.06129204134119745531342611542726826159026139262124336712761351397994993043412227456184733934926826272937876382391636746e-623
9.80441173196617814637227660117187034854784905080805596604593201723601180306028065643925544288772220395660385560855682945e-626
4.64990931707751211343713573600080258669618580281874984181060997106292387203813253158374233262289924555537725063489692196e-628
2.19893664642773515298738938091526482022162374864009537371984484768888834885589146688176107651189389826997718286720906125e-630
1.03688496645324212730421423470595450559198245975859938871405328805985557286485261812196912553054488100808931118432635733e-632
4.87531154275526646558867693757342637410432596072266339189903937916126374991387674512578843326000529282941671114047819957e-635
2.28576923871582165602855248478932032543390172731139289391802814488918520823109253261006469384999503662310586357952860887e-637
1.06862384937052203541885507308116619260755172749461656053607657029504098928865480414918237598811918021139709595490043391e-639
4.98177415627579026777554477521397123371326881744439925933001260905414358282234292028190544529242079239986549313181741801e-642
2.31586959938181780672825313700665181595120677811902867524917021705744482428917949023755560794359771654805682234051469606e-644
1.07354248094459421647531933377013234350602668078691668779491748627662810644954535100410478709015306000431133195052759529e-646
4.96253496972627399910368389775551585103041447334643302023628418405485772373007837577993629727517039593572702286001295443e-649
2.28755349646233717218573880289854469966297228111987153803350955939068287205934150329107159688767806676076968612258086316e-651
1.05154137718545911178363988398861674538360729159420810714679450838155621532526985016603912630994103346913669675497993118e-653
4.82028782233355077898733422691578111311894560368155342473839439393418380404448624054262849716608192048865607694459397582e-656
2.20351046146397429616673081900393942273423955707301116291676822711010910465696425631370141159636201963552499453508109010e-658
1.00451591610578071283462355599893242628395239922421262547515232632081535612822206393931903786937460073765653679204282134e-660
4.56669578602353827411874193669541224652401262248233185344015621329535954545385285725629120711747827192729955863261567110e-663
2.07040288431502047734719080281354902958003261636418296810002223734620653326447914061080994675241939902166942090563449719e-665
9.36093250795828684649139655163874901878023213191120106589062101524113510210564274218714735158574044311736663240239050490e-668
4.22083866465377980393192761506125810513243353793847890589980387473245018901379767748774238044690764172036188110414459039e-670
1.89800641139009313561424061501792201856045447980684433828344111506669485412056539975183169692252364655326824642420722263e-672
8.51176756203852054029006856896920183569892220018892841155214511535586670198484649839624100710960284004264766815059660028e-675
3.80687697679445726537820567493404421227657057283148481151777904792690518803294484995620731101492095656432871456093322061e-677
1.69804330389743329359657112064338907453928950599697026191582703636665975539769936581707851146429713090578757491043757261e-679
7.55376231896634936519321774328764564366768746423148606512622608337531037140530557292602626643500593675866508125699810866e-682
3.35132297546497844378697635328595893116254325748998069157102023146770157215119129846612391925795232877027381200103765149e-684
1.48289849181729053702082885771941065990635312970751842268658047409579189912039219811948695733895591711657833934914325567e-686
6.54413829333554756809749685836011137083862325452954603413610803492305600280582405634057538056623842641247422619270396940e-689
2.88033585490298704510283131449188890339389772571435128164961090784667160465180475684646834784939804562594719983923156406e-691
1.26440760588460952660492441002774489271590375919474561436957885833629078701649876049903916946838941612838650495064476596e-693
5.53589753487194652315553263423928125917827757433592607102596285130817035155172643678113052926989632044698797615588172108e-696
2.41740606170617909852476836040558417326041276622855661358650890431876089154064601068317603790292005858924878739320890088e-698
1.05287160886635871518627917246159494106827184839991035115524882212980550475012632700915447580580885478870626098654820631e-700
4.57371469551099343135209811058573752785139245701753074391744629731027516381742298356584593067022966828932289899469057716e-703
1.98168286455947375055872147364447691879801161911631560470530190301581828725645835857402324340257142862584102812844011299e-705
8.56395204987623643656903523018261601311408921919872519950621038016599248557694382885222130956029856435298941930495106261e-708
3.69141462367220409333034270834263941619068171443510258571237585412363222532747096832512517857449901056944538063070688901e-710
1.58706047895485559419267897788558348653673889985392536340368395753913542521408931696253899294238368156685391648451176506e-712
6.80580765552714724876135764418441768981631410422248906752549981336455567605301580864001038022016607831606862450363501581e-715
2.91108501187197184890108718384070136208717834122319847647035073718327782466470596095159296079696505629567044958151948036e-717
1.24200283267289125494069454673603935935372120545175527131489935496764587951678647042588256403889012472507523099777225786e-719
5.28550152981698711181113857390008082861319367122017060975139963018057718252695998059934691271816341597178385293771484461e-722
2.24361923927195289015353713288525187909528445004275255996761513670533049938735820651796926377870194773176163162077964556e-724
9.49980831243628923911687778786763260419505752888507475502204263454580940822036137963740040465300683525057927214431899980e-727
4.01223758009641734949677084974801728941998853304411631977017069877943760427743178857122055626106644345655165128799201622e-729
1.69031603793755381518480218637221333231759034192153329361665369726420894900823619181919356000313528651472670932935884916e-731
7.10333005045568468728825932778282727969236042832937742773595845056350437392394010469277638201640584128990022274743607515e-734
2.97764012806528073214418041675164774219581117439355570123028982676465519609890130431682166967614218185246147400015920465e-736
1.24509318745056526614823762138693859665726403215183343530752556416891044689714897483088820855588272390600399205376622125e-738
5.19342928178012995478826994147009754929334990145424767331155365115454475005088615430351621308524446523592286952268318814e-741
2.16088954988931616789190842968031423541249815582289389553681747468364135891875091387126795540668043738346564918375597186e-743
8.96891986757253675615773896427635256519601301895819299208433926801112937062323727912087749064300314430883126943213170377e-746
3.71347217260775346691478452356498407880450092180453886224426950146837658952862165770970559942967012724839265865641845505e-748
1.53375456642701769163648159355429113008819467726897850445062885998899363187960377837744024176652330696429598188362868712e-750
6.31932105284624508529809116862310368279242234711733584819293338561461847198171500104003198839607508859499416422814885692e-753
2.59732922372285728433236132215348009890577213203113814888662614757593762623220556212420404754435878818604608902320827445e-755
1.06494890179098815924245310898398016863077953963353156616693184593021841540805817448500827407341211782499638156107099186e-757
4.35590964707064075837148380585876414824409228023115989241257719611129563628963635163735926649132048416328183921634712275e-760
1.77738045956426549773305232626126173646221858994782687519883236088532836759012799060594613350346894559958096648139617562e-762
7.23496591011996408789883777147020843759847425711692022839459907924767111090067241052544768501468031332593864580400517911e-765
2.93798932188263396197918105549895194527001594812308896754007997664835636888554439722837412745753644531520041998743548031e-767
1.19021287091683436307775873402484965405842370283900290930555360355695682976200516664468113705250128467961645556089809801e-769
4.81019663246961103319829778107983956111195847650849222719478562443611583966223260290528876136020979627121638930120960396e-772
1.93940187673065393582232195658675664852061817576003063868330389519074464686123287935863849260213901978309054371186598672e-774
7.80086220322906796103635937859103143429004084521383070322093421002860117024982675042122677191288532357038139103150743460e-777
3.13033067853906649723310390284723351745026139098125743573791377727837875029976265053152376392682579917126611274200556606e-779
1.25318050762637852189524211009038177535459700174661400376408654448561080190564242860078496034896556133099933592999017219e-781
5.00513524848869102659709348623142399020588519736270104338149174459211854193148850823010595830550839987373583115576580176e-784
1.99434243738043887103421183426142230851141766944177371162551980771868710393914652547415991866145966986241981621115958519e-786
7.92808520230907687697999618752659226875000483822282000387921064820121751711906372099596177399834652414493868029477438922e-789
3.14430360927117124734355137370779867911500542573317132921351013200183977014374368198334320295220069941102150320900457497e-791
1.24414538629219247977566286819732530140998863652510130711434030915721676359913945978295867678262757563068172027100135351e-793
4.91146639919546588236266289260686758927629607041922990541649018877437489276180431281100320412080846928324397895512927100e-796
1.93440533488240615725781210076540488953870073982669775114726205709461853770995592385487069859053825991991832523711591302e-798
7.60121305299480445924673462119185244040279014829060536451145597574594829033046564852072115809907969680524106363394518390e-801
2.98002765704434206887796746047136605643991137092287895163971758879882625035554175168561890328558311024747333581316592128e-803
1.16563472977322799949504769030851180516627513571126809236306716375112583340503308418217214187294350635995072083234250597e-805
4.54896161274660543491708143589843332796481533488948269424137907755477238369718524242171530252056105165165487755905137232e-808
1.77121986535520260448609110928879504289052409315844331000369836496705444335185315403578819546802471901819073461008940286e-810
6.88090989860171486137136366105654600525715513202514706889835313385153809999698379436696056389779731577524404053361936258e-813
2.66707502192022120685791169199641050619150384125634602751454877569632843340571800786486324020590559955714721733639535064e-815
1.03143844115620632361857880888171203806175581131383380077974623187407587499142763426892998187489578552267610605703288403e-817
3.97990637751161830297276226821109513513246949008827720838143854816114919701992631461778029148982699491122866308176637390e-820
1.53223926372297320604678970560765522594578745725493900141004014669170114306152439675748649836888128408207252030867431799e-822
5.88582328907948229489644044277960898952101003423187467324137721538133058550756694312677239631136056267356421533877472015e-825
2.25588756764881265120886666729075774426603240465180699006040309084243190887291857835210197934293806562792567899373651877e-827
8.62700335150504748583262749315303192781332610588869177781839091321243274172444518557651306114406167857137601085136189095e-830
3.29183029296999434841032184176446475221719086388473677881758047797252529618800083847054471040638995959884489916756663833e-832
1.25329272825602431351073732468329759792959941841366369846134352632941658005076474485639562504728212359134399983766812450e-834
4.76110606918181920138686174071632063906430184473351097631398660990375123225032361595982561807071163725787038464574266931e-837
1.80470440406030268384592253870645842674974588473638559676117382006491710954736703388857948699162574095517153328164464761e-839
6.82574091245153911637450156843158882505115116127385111134385438497736837357806343057941875279153412348976545697939064467e-842
2.57597488031464565329875393337911542442749321502648477038269136566782772214134940248251212021149966332411010584926726535e-844
9.70027708163182451487332002236218549804122235047655247431201874262427721254830477803516325552894265010655033550291285801e-847
3.64485221368920620424758986626093209761008353884298192185819334148035910970964140970321683295994645456244904248990690064e-849
1.36656891864068834534364920105939507862632882824270303735991757816617656567762067921338196903119830788404286331665198853e-851
5.11259669224222073831782573453484250993430120029992550265724465033934970205340652005275688620551394225974404161549311387e-854
1.90858914007833174051250051290666882447801037259806840585729958933280470645030967119797913806621786613216410908434239430e-856
7.10962679488345681667189981105486432212272936618789845740855341412635881020909506642317606700629750792496221696667659440e-859
2.64269542513704265419709189449675603146632763273903967096131606967798112380711900937820748160756502810842126516356727936e-861
9.80202653714256653310577924210695530181410120618466857609755171843236692815202087464661715178630814404853035579507410221e-864
3.62790221998822278813148274511155283272520661516226881815632136734051871590131066388697781412234054483257409314919112471e-866
1.33988857761089007090376399003424321852334563095735108382327846898065699897104600851534319331530075486920139880538535004e-868
4.93807486371525405713512475237917587370932888695157583196526344490938202584069439683028700301087772068348777955733858474e-871
1.81603819035472063497710318897985486831585380804604058144164464944629576697723660071673035041398660490793010466673926340e-873
6.66458397059186662429080687389295781836970809637683469654432552954959488052063550700187860282433663169679312944503365148e-876
2.44064320747275977450577227420538119995871956061489397507948629291314245701027882672511267073641813750146729333681188121e-878
8.91910226917604819965346883273294772951317095905294374177484687594703864428447600005632366407835502583329928699105145853e-881
3.25256504099372038666096862397354909989632914332116147385682806109859618996818091500573537443195520040290556555152819541e-883
1.18364433212664960211744717275194829334037420874518017518459409146927453472912352911520790295488825469149545019112932970e-885
4.29842367820669183966795344973181902335654558748464083824335809805712745613979128553208888876562910712339889505033443464e-888
1.55773058345943267330622601893389220962282186662314647940100699992262623356261458876946170424697720754996571615924905174e-890
5.63343070995953452067305832583125265436162489445828127025457412641391117594645837467207373639105184333006525451316639102e-893
2.03307496843820524082762635868949313269889209621682757439480018260835388093574396469968231455880037135014033118077401251e-895
7.32210557659553228084404836292449140622048662263472644845138953325871956784055393621212869137610912325184879085929163384e-898
2.63161926261829608565467500948759464771393117804718727562576558142146729077483303783516243474570134730575005693940711713e-900
9.43880277742646358742636968866862534624199689415777427886585904918656136452245017013182939656779488036744204768490226629e-903
3.37846830429934895453742868839258551337720995708223182407310430224291687558567651392615502665555340395972225469102148834e-905
1.20679681226577434060928042959420504925409439061193436818908126890496129759974866864493351012518930346664399248399215715e-907
4.30191775335421233402134504049035871293117699943428455687257747719957104648859077311658536244457963388981210510642345417e-910
1.53040353097891600721488203853393936366890369392435625732663268017393737195363754977550075912416838643130099419403904286e-912
5.43335367347515553143597774483468815366348418693548844664962345282611513156698469885761662527414114175110178291693021171e-915
1.92508714857501631313476846392649801550090250915400659235340664265222015048622783075512215107611717703987175752997550176e-917
6.80699526440783467276906890983639526196647851565208703523060688117644357019098207774695930582592418154404303895152199419e-920
2.40206833116255866584681701744943155766926285722034483090432411007974182869278496513444243072359330175630685048599674655e-922
8.45945398293363065018648754261392147591842262812150196281389440087332464239526730382430690099672835445959667916615585631e-925
2.97323045517321441597913050242213414220685039609748492889622023529434134140985561248197013139431688335878827343257592834e-927
1.04290864630088496333763483646173153514946474741924321496123676310760328139805437122489958616980902135327742755252817182e-929
3.65088032697067660557531901100811194738043649385077282214276101830562477338424984617208596433758283253340061857652300395e-932
1.27551253038892217566333801563328462559154797133051161267189599349636875614616657658918493249022850818060288510918933422e-934
4.44743718259077243652016607056894690980032892225305542723440702602364276387861810264515166465538419705476179228709198355e-937
1.54765810148282148331331007253506801208152692298314860264847096315287982443365879958469054747282037212329195791366520798e-939
5.37504959772397990284111963669688753102712825608451059441311275350212718537451992568660471614636881595009239204291643793e-942
1.86309200671705013260982084190296380855065609197201028299810407533740116710405987896476735680422806208045198966418391255e-944
6.44514397619026102745398165418814017192813784618741143622974061598439303884644804955605177557674277833873034672216472763e-947
2.22525377665658759266649102311455968999652514620277535263052023110489217872988378775683463574733851721741540305726897538e-949
7.66791290479668524299265135009419294629987970908961742609882838623067717897847663034268482817249939749236559479070660342e-952
2.63710599378763429739639751080613193581551512067295707776979794052443753449887687485620921884379379042612810536577848115e-954
9.05175664203970320631429396653007162650529526122354869190201808040540182627525717051192498482967911458350477226879398176e-957
3.10095233976268886938902518490128205279361373399585710289637169077530156936977789724108349015254015160080784532006418518e-959
1.06026960556596792628310911763229586145426444224342533326771073378938683249842485681294581987110911612359084691575448903e-961
3.61825008527806812091936383076692164107598061311474085841625988476900300779475798739490330613715167104026653870427625361e-964
1.23237800901417747501520445412680433217747863116253961218846382060376455541666952333323895711173143230070979793787078255e-966
4.18942500372907752645447377743697886747488960102158094039779399738430286256644143153658627118947757104348345781517807525e-969
1.42145149435688049971349416987455513717473810837007460962488360893548404350074520941864211480773172680441293412372412267e-971
4.81369783307107653367432363927634058372709562772107172409387037551594445758057822993278700697152556834239996690694970339e-974
1.62703451680141793550347150631154227907557569251984843606377722940413477443328076336496679187587286469554773197137231834e-976
5.48893215676261727666709208395826734013846977693466267398084369651736762704292653481217652722735981485522565220439001511e-979
1.84822185062956211532338423210127165132187424772860512144933742308329388099734808076800949949135077162723474685962655102e-981
6.21151381426039669648975781783436579632077539027718707511662769396277336805368028407237128524371629935525250846212869057e-984
2.08362661260699696561463339825774164026731995831892592944259802196453787574056775575340362091336377746299453726589383060e-986
6.97627159825078696124558183296767922056998598428020878614639696672797790791150182293335929659879321204518126768076666377e-989
2.33136277884969993368297755855008424871112554588228493024137586800078559329241573322624046788859026714632819817656839636e-991
7.77644799804049155097199679443336993597168730180995060606729691723542228197588140634411403661361659172067305478546572495e-994
2.58904472949626383651409211327378329538480064396085072936319161080471792530407686221209432245739848622160941970883017366e-996
8.60372709768365728273085329001459853762421683916595792978024094389599745219955833556131076114728916379685329184174655243e-999
2.85380573397766493182568984796258505741251074665402038299362108112527736966174821094098333373110041340383967779483604326e-1001
9.44832447352056676289939988592480174540528216818856475970387253304644152187732639247266524601517157655317599440164341442e-1004
3.12233648658263298426661706787562050007691626047526714686192307137451253167238733162996100200538542130632947549565683228e-1006
1.02991411493381122454679496527448680118445878260920337583754770207637408203291485269263957834101970715235000840502874671e-1008
3.39094385377415388967850596830529928557374394620241430496634013582462541162903248952768099643578505713730340610177164712e-1011
1.11439804967683014936247262700651676716732361980668059582911377359502785423076594544341666744013916666256698264384784159e-1013
3.65562895192823729907245505971395918740933096332482796306775120211690565893177059402515661884288376596028267071998104489e-1016
1.19698235931375008992359934335808601757475725125974086465259115952864225613270815987571969282025280891528144990965054605e-1018
3.91218259874833103674373519794302487880435983675165132885548994780090456009517035644935657382789882785280218772930245350e-1021
1.27631551776897716551198650660747850746906961097722080386478087725475508437780843972726257241296930141554017876485229907e-1023
4.15629514261218333973311118228970096916012400719726236549698948864652308659395651046779960452099711723100882569413319389e-1026
1.35103292037088229627728147600367150007483190004844653510467484820189250920155499644193389624351024998766833400288144486e-1028
4.38367674265088001099144742440522148419426856160046206664228428607192002049676198322279936395166781324326659428100416635e-1031
1.41979602901284256467053646214081896218928865718332746856251182954951762655744153831016516261906862543246319769784969900e-1033
4.59018341603734297526223204034906427260708810231078708822075307969629696736197678617130058193177453175024043354912506373e-1036
1.48133253332383052318466344922338189938270941162968862237382467167776646457796500079842918226200130900599926391239456677e-1038
4.77194364625290182519044459181978405734299537473462115753044132222919857822898842564038354957378442176436171639223005697e-1041
1.53447583113926235828874458552665769176102962840635902947658120933741762456102359774191475135261925304832516509117608982e-1043
4.92548010129533881283825834617127398809086169053931202677010303846840591888563734953008650950393659352746736215599726033e-1046
1.57820210157637031251487365151947729831752088191619454696071747922095755341112935522192077015612694494239913967622715282e-1048
5.04782106993199851617662917382826380070703845697807444882270406471337870737289653488983487293960509719979822204629527030e-1051
1.61166331182116269284908100544017273428065911278843268249694361739860112426097624827468313958306287936798508092310884330e-1053
5.13659659235029552706168072363230565975456160633689000366166484081405123793285009838648738218229518270818757820818073034e-1056
1.63421466251238326747512253333507418629581953034117033249153118677359639757012137039860494407909356262443081899065069247e-1058
5.19011492227800813943692299680860822364055475903178693678230878823804575781558091105647283687398330416180136042947302855e-1061
1.64543522772516086709267857184070160445363025364009031729224685945393430674591137027520133882004155635588847360856038959e-1063
5.20741587330651784661368354543797908559368705887391874008707472660943680557821379105007887301292743654864250999032852471e-1066
1.64514086912622041326659540796208657236595383038178273632960721379727409169241261889273381053523544861368406469027846960e-1068