0.404078938006867282320830703419062739676637094457673566474529503614839882097690093116197473434353208863440038244746752186
0.0834455258624751133058520395388495386207476967781287228988074420171863883253265853502165028883047781826433988236834911630
0.00890189782208373935022635056878243948194311211493178221415062362982128914070350223353554642609308706770174317781358443224
0.000655157051602711810964244175261125572797437811225506363550604189887016886485629531375675398841641960575731318456133446722
3.74177006430236596895750350551316003069851575962216105948405715821303577039349398774981747213902187429337658912223292373e-5
1.76726702975031843278550966554844438906562848548114508934215180138301530426421934144545429244853856938154781993917260953e-6
7.18128710609494424677281718385535236644240864603007366624401620541766361345984285248949755473029943689752205831778774804e-8
2.57878155979125782198014689939589329651832406393015851437384114599172417722278856622272218665872217053383770168917453018e-9
8.34241639165454800749833386464988542916937739515486823791194617503868460319927318743143401686939197421671547358159202572e-11
2.46654739659457094504922968312066957307779864315525634381504354099560585540220398869634247143651526478496131856678534355e-12
6.73979241505958869473110607329845835923094709893586612789959195197197484365588432114720746906943082511658509877363626339e-14
1.71713534504899400278476016702070999662318598095438370332608665905018293407131212038678767860786563930789789887386771284e-15
4.10844843356307378518064347104449092180976646874493903793170339331790994559072087828576112451270927047471675136939686312e-17
9.28615472066444772182980858990152919932327775256384293978078734548323414921267846993551058029258340290099236567594628231e-19
1.99264676910783731013228010700161864380456524713338674884718897791250668473486607424867243775351381830099923936808513702e-20
4.07648432136599346954143620183289520627037398408263562745177694441706149823128900151579371003896663617120006389596882271e-22
7.97934097436741590131851147818396109888192305226711311120300197386609100277143211450899146338888808436928992314613412591e-24
1.49909422953219297692802891033246950220421059304326650181963286954379395669919682376506503180594523395558055263296864694e-25
2.71053339087118944049030911997837237945664648073723598211781427543560913504092337339214616257850830077857987601330801099e-27
4.72809100628941099467819267717478361701654549069170319171362649491730759076724361201726252510806266903957791594779385425e-29
7.97342353832470484471935147823959303170325273926224888779682924690126793099713933937667227048295531482424045292967312707e-31
1.30243020262887828057165830200377375062076974846610556868879405591161419975968413038162440341167375281103931891982724340e-32
2.06420259628119832975018802462063012730428428397163961214051497776877788891018392798599006908655063291539979387449584552e-34
3.17909245538313314719079127412103540456237328294142618262540365879226634897024229084151845737351563651746569130233926642e-36
4.76440687902002990172593540195902583704424053634328266846355113229388162788578095392332410357730137177183369157034855427e-38
6.95691440424981620240325203358248386628021299053182608679085806121618904032121665584484004734741046290361801883564868611e-40
9.90891796057558180086574930349735946750717514030474547778230667572926867317757311240167105823408397085213954032982021584e-42
1.37814635804815137551667897935495773602664685893131062687286073314993000627524471712631748602831877495167406213214784573e-43
1.87346183526047984671317176385360435094801111328181105909184986547467023658712483123048844787131579047434786255068116769e-45
2.49151152871867392415408253282285367539799062513195967589380505451749872456288803377562607764221037590854215529753668014e-47
3.24420664397077205756676473829501200071355466825216905162081076865670706698050743507327632736915501002650013788694663561e-49
4.13918330359724375194512123638372137636761993650295343755176155439270852437065020571884219298992376420898503218255118805e-51
5.17834502745668063076642945426921769316799727327192791714341409626243587073722518494223640275846163740320451569733025652e-53
6.35661767431512079798225778920795053577638745041516221879853429415372443463670097825268551817300773179023075058042539550e-55
7.66107305141630140850724494415478560972395994954580313744170559556190205191900738324636929940011139717092096688481451174e-57
9.07055662682058831433912387254742384773738440228899920569334697486265018301186769967595348508275944500927872026094780758e-59
1.05559149576212135632298843990754941330275759375688784520186064794124246038934787592392298617638788054662639847282052294e-60
1.20808634572722526931970496657874886406666759702836747112376099384576602650235096409778608279306737929208601148036134927e-62
1.36034713200441866902325421304392906736751141227693190259032977143629343709216287791511177286561584071279667716328397114e-64
1.50781757067232883313112404059996229814928937967670356019968242301549846643410007470817818800432256546977910709573934849e-66
1.64581799385639260269128700839477265814525861420422756919590473701591368829151352350802852649521975023592830380417204103e-68
1.76980478124037000194958099502655880925505308754632881477564528958530015710889114095052019673044472774656121122545246302e-70
1.87562836067055224417749168742767956629754528997516431564826339761287706600255410438079024724993090557870667066865204344e-72
1.95976875108976117363661210269809156208270902989910042374566621993060665883969156795131157162751714284428786431702223145e-74
2.01952986436911007045912112737910491708861231918992148591217625915329297363375747694293388981204339853874447920478761621e-76
2.05317792322993821330189064693595844747561695910780539984357869241583866907872642148228587273529224741693996491645253193e-78
2.06001483531079386704152766375367783817350631161345301336251107039914094779689695111620196951392391100907125661988930712e-80
2.04038349854738398199756412628601774028689722621992747124501864404576820752944548025848195682534928736042216914964057786e-82
1.99560807841901224074685088071192606561824902545598548073065295781814334173165637520512707690751377421112326360238968574e-84
1.92787763763379843759882165345129418053994328391224184211972911428271741372160834703260582127342618113927320830990527346e-86
1.84008560331438111680645402954967617815761981910036740768593205100538626181743848336305631396930258164601384230753973393e-88
1.73564011121627661599732761127594722834444587415886424647334882990923561959664147267744760507065949872252512118526341714e-90
1.61826116950324858087102141641000962433584005469017849347126087350090717081678239060550275611269246887694954127267575845e-92
1.49177993399831797879364143482765660576285849967754170971371729822983942009493373614534559318472332250675283315446398473e-94
1.35995344144422834280974892766022075284746996973623555562212495614543044340400710197750382668285415133992927790338069663e-96
1.22630527292469483429038519329830072953033949530169592663796038700424249291443372989835302159415241787611228137249323398e-98
1.09399922941684637684889781446130719288930329815587879070971640330886317880277502958963929312573248745742391717621180557e-100
9.65749600108196541366436498893892867998279151993779407718769523364992994344318019901219162049018902238774809946242066925e-103
8.43768342299254567257049779901293050955306266351809784103527089680302496754761603199059424743603492965783877696726716348e-105
7.29746735495863687427905433310907379909056123934505528698135327787324326048949578972137460692787036276753130138549126403e-107
6.24866988520463353857254136456892321150302189771059951131889905884085944699885560246085733222520991728626410320446505579e-109
5.29837934959888371567492898488986428612296765378663170180652134589382484994048139795546428900196001790350142867967971553e-111
4.44948329795127614154029549510905078034090733971765408460421088663548077355650196866819020649231277741121610839197623719e-113
3.70131272124030136315043866573542095588080813656937333121102090364366188778185921582743286515393935945030351309380161127e-115
3.05033795094122676787217184394145881481354341821434934771118459434099517847903352996941969440703413920583924263777570542e-117
2.49086533502410922053362569698313524811842597043672698115294061057303590880381944363699515498695858022856813808360007060e-119
2.01569450728138447220018131544551859492431680722100843707103467192687849452416319896114195305434006611519289181591171087e-121
1.61670743865058277626574833829230990071275107389861016262690836691448255578881809092522951704214158247944941584349849309e-123
1.28537138818515586579441992010957567993226767886463352578141330350146031967180498969374547900751879089816631570786951852e-125
1.01314755916500170605015129031815706945910714451877811562085197512281910217200252788983841135989178908097331773514526661e-127
7.91805222860201075987249867077942422106060154828355503437840435384281777236440061277373869388403768529380015236325008550e-130
6.13647087162379155574358805269651725351760971407903479145788875867445688332852684507091446310892800000360500064338604471e-132
4.71655774556498692108985488635465171768356634154553678414881661552312060672594682139563194521425763294977830190186295183e-134
3.59573613400309774855058712440139171919086123458414197210513467195246982342994258559614388974062768691726095396285189059e-136
2.71928820904841363285535666210800063784067289755948127274531827515685464415124861611615652540846812696436673101286006737e-138
2.04020896195382357964874026914126739531789295940543724348086651462417782268188667150384757701573556498156387717999299735e-140
1.51876981665964577464782415116211291268438461905373123489502823320417054155150411941867313744777056396693694733055832299e-142
1.12189396649915672162628422447061424006976640739471796744475281260711583108374848546403104028146507691097213927218174486e-144
8.22427575344214133177994737058436999761485902427920901411261809452599808222323712228492040908328006804460306174235379055e-147
5.98372742910409644667151833283734542555070410562658474469497039165984046417075576741499392438736631444845356070697181579e-149
4.32130987626080478632800759976214404678292089323946856498897876875094184587406028826134339633302072558190259461496240378e-151
3.09790860764882044664600942888415981668303537546389295254459692849659183016712402781366850510036707231668040635773634711e-153
2.20480641815909858506502723516654203671284505224487974594209017626807272949756689150202232495732721684893865331179088397e-155
1.55797003945698791300403975896358953874598942637194657441218276805701512168588380869744791619174172216489820888364704567e-157
1.09312962967623297806642210818277257595837722745275251891596691079045091250372738074628456823384185445971213429212734769e-159
7.61630622190793967111405453643166860904189834363146230290061999860324839620743847611988207691021870493794367705526277114e-162
5.27002473055669549140975226135128964309054880499656638189943947879407981280339568575847496342266555129187586270894821910e-164
3.62168726170053334717900082664405471895727153660427259142027662422407790391524030059305109246461730219535011890819356343e-166
2.47213946205443856724926923877258281515365157506957399143120617627506184275091899993048516074588166871652256114936174221e-168
1.67622233176518407252263664728930408649258930842799316881344826477095600080645127929121611635024119565589656625628191506e-170
1.12906528451302726602945193153636251869460179321262412530312735588710465607793637697092097799596043049935498565912364337e-172
7.55556022697917851559522825823408907278527926611407042244024702995098939928014454783131306468627754662685615829929682120e-175
5.02348574111787715695042970305431054950617781385843662064043778827879298227773918075985979852439299347579947036176735363e-177
3.31867385792959051781435894140312711981817311120715663154979500787155128388027136048735628430698766987470616341159695626e-179
2.17858357103450156957351818626105590863910512619628288339611157792379136984294329520815220992282203224387762821700130574e-181
1.42122498709697523949968044329760797828888833296299782640153105320539776262624211879489583576455916441955291235247519859e-183
9.21421827091684073295630626632396218540556279914212912383965040666137098258493487989398367651085643194377810399831680965e-186
5.93729598967084314394243213909769343735676314415318117868436670905122389917265256045440166047198545971929744133708084262e-188
3.80259750411386533503577930590764921641069928386136709546565510988299244272663198970916059328734567265331534244386575331e-190
2.42080507532720913312672865515154215916579068778051626821762393618983567157588089849137975509839666883430036297563934426e-192
1.53197928382643426110517019026284929118498355821090045888595535014500979251350038252192237358700477421628597376543727328e-194
9.63795403837540227420244613888553006315246741289128804467457275256632570291791830942887407585704890411033430315469965091e-197
6.02810020374219660846638771503649709531118830559007097046128453059163353374795341016294660479361144570643466534148985386e-199
3.74855596990431357243485149388139670639415630619002238229177493279110021129675087781544922784778078323036310718137632658e-201
2.31771083939087256397473251010479030849024132865497124827308627971079651019791898604778137536370880205367110398888965160e-203
1.42491692004262579301547265676201366943715600074695044494686712290718614203954161142324986192734451952368049153551838465e-205
8.71119521239005865317019767997051231095082299505916311049011700011276293515969012396237483313633835283165433096133809268e-208
5.29597945794756912997616282966182804101431851331954762661517619874397882522546995790940540066445660710112093766621208361e-210
3.20196946703629044521387864335912139239927789928761170676740151392649660270749947541137919437717179589375884518249504540e-212
1.92536033441912173875114340785473109395677508347417637307155511783207167599909932335467908867140267266398389005655178152e-214
1.15146828985087098440044356660241905673756508103379546839074560782730415624267825405196933003448792523124279995238781340e-216
6.84948422088295183346878302914986261542841779911440360312191994163295978353099542140470970664738560797806233375681811396e-219
4.05275264597662183987494230009620700351159190039292313159302517996803214245415274666595693805647868293937223585211700192e-221
2.38533134065028099221627177825568884509971180154246378825925480049481116475307713624745485146907999305143561686643546382e-223
1.39660439762385830820755345383967502592681276060155398352575136610571037815797893469785996544740385575405550815775694735e-225
8.13473682028369368707202617261330283063072443040662382639063054123805327024358606276636191926927692274056975832161567098e-228
4.71387449317377384716389228883749525394669426073014996130222700580609045256016701379350425955323687042337853063711818881e-230
2.71766295265385515159460280810339294795304057180626949355592948509172274579005406515648010561544120444739169652405515930e-232
1.55888681720916513808342777907617482023342927980086278854497125288736989779769538989113089431881638278048497176744694270e-234
8.89719302581041338320222144156686704359089257955171386750188986588268401713864011080725849990300754321781542233999021070e-237
5.05275917184703093761088201453224911254573630209387530213696824872497105797128481842369483534350964284216690089337710917e-239
2.85534615136539291851609540093236909895099412356760376354018324325055888698560984030359267919181131026409219312363861808e-241
1.60568607448626344588605280968817138179582537852678806042219071481084404950219546956723656600255764025842340951981264492e-243
8.98568259820626992593534630583663890459983501534275061260671222971209890227584561003248341665052556518769801966837483531e-246
5.00433799436769763363781903218741117314566733280320661465392935686995591692416651073428712890198194324180871428299492766e-248
2.77372641881332865193409351963536298116765103766230818018133344173666543299217536129837502641543973573376997684730991966e-250
1.53009387833815160878908496463777863501127221074541713727680388480556966507608115803729947082679318210405561032849609457e-252
8.40089930389458137225815041009801189139869708834841999589341380992929571121110625294964318833137850947297906015260372898e-255
4.59094677954721733320890386724327277647270914786864804753022003736898963522489572374274422549773658985613409379900020230e-257
2.49725448130380102580182676504801016386930569955076675548459422955936417757949096687589366483348768221150726859697818682e-259
1.35214247453537466390358859108361635378310648965785623591802225976709804543771217660976106939748063217080057845080317597e-261
7.28779311773914507956336770220377043048270642790885426603352330095713683099193290194738533249453396210236137684638770159e-264
3.91019241390156027932048564371686619785402350416087263428628507074114399186029074608755459173827993155279904753191043632e-266
2.08854145459544312993551514521919786043599035433276847137582965442595008736167661181798074588210752692513587584266224800e-268
1.11056784850620513895542655625253329684876637716500385521003704737507892140110761859809625811029188093820628612098515135e-270
5.87919755374347799528314958171017872326189081736784992865922390431072203035526074019673221643034821186204312966833894715e-273
3.09867265845096694074465806615744310763076414572820358793474358422538360189121773476044344082326354545222602124247173986e-275
1.62604125849982510251472808656242283455677579228577113326345248479413851698770285875086047666442940076500993147084971864e-277
8.49569599762056261660512378695760468607374100882224970656620556036124233979437417272753805584889895920242262870595033417e-280
4.41968219102305104787588632238644424203496419763028911059356075549854790015131245287915712792574369950361191507103793142e-282
2.28939504345125992784342708472055043002481765795778678517091343867669335168747737622546505160592851690815870524461431215e-284
1.18086652845378480082682390300863568615510336431538493434482888919808619650402416450183259114258793910553715264222753155e-286
6.06518206508316475972138216220021648856582705466250093141096690492873134663933800505151968050764303169919441399218737284e-289
3.10214594491809082213486270483688162347459366875096077005757358602526458867754782641315870999145526522768692757632457863e-291
1.58004039591103872616547583388947816825273988503261922718776189957260681626500569073679177358152212337401193606229304926e-293
8.01445124969764142557053885110743102296358238266676439947599473065661876435026885505967210433312428370333343942192435961e-296
4.04846993876979165931844405778723685664679155889691197001596209007881556722772049789793272062841995092347623539095606147e-298
2.03671986407145241150015018215367223051780347679653474969813464774579982279801110557527298365318047973884433518948929794e-300
1.02048470363829251079321144054127191935623720092442403305963555847907872603886215499660237839837454172325931758527162358e-302
5.09246356478139904672563030574511120620795670765936348668707896740913617437239548975979742747448733055372663684243873882e-305
2.53108569960830222844377088936447280160028972905898463427084663394221815879071992657047295650290827458302792261864590206e-307
1.25300950707287983715869934743121509086277204083269661164821061960959501810064905017153186220613958901538096128814639080e-309
6.17847707267673441232911099716115520077747305446923994227165890347934439805616750352690903257045533613715450533084072947e-312
3.03458206470687267456190798508662458166798224800581433277720890396977586069528003048403210833081855787589549699412162315e-314
1.48462709949830433466930684275949867699515379950366620721732957742371048525577079097277245175992335490933101678631711070e-316
7.23514880434064395183694779222074044639704166502909256162387005419433322603910952349859109693712677921973771861335117659e-319
3.51236418699899710388556043447309667647450524184708638978739984500144247667822102943508878410552937173294482142739416573e-321
1.69857164693818710426741075327481850572809647142869442173664410288745480183752368448441219603183066414829431872328311639e-323
8.18296316532276931616726050728422279345481986093944189319776428851645065967043423512179606090667023869170736390029017863e-326
3.92726066852697121359885178460868644726790943447673160514191329154319418809975414794903798834868929439978765636510154889e-328
1.87772137910473959346195324155648147013104494938996005441552180821214923015166129310191615545447373439311533490295845244e-330
8.94426435667406154449637125628771148536820296994871059333133414261720009126977503733388043411294013373270034040394203573e-333
4.24462958083181745977482536651531178488519697468667090935144121672124911916181961824784489297955962765684248156371484839e-335
2.00690207695887574874383889387393236268837673682912307686657176048454506685764322183597178857586331173860219686891554084e-337
9.45394760913739751740093948115874449713176959778537477787696859671891936200187094856398212484621083262685263883496774248e-340
4.43721134775530064055214876379609190756077858292657727857382154587239467533414720292959206212999457836193622822010773827e-342
2.07503837947257484100854926726356411398916345319694786536116612663746426618884260953322881923495543831015693003979949418e-344
9.66874970142098656287685875647759203362853773584285388894059939463251837360868440254006467113555879543341125894483806733e-347
4.48902091431146453754963702330844222616221325810030347525241170154761709009287239930756315724831927721273745719855934427e-349
2.07672467585733104431195006806965406312941710900933686065680516758192543969949835253873494925338849966159724976027057185e-351
9.57328422442990628024247784768141265759189153025194927785786866445768902573898854571946890558638676114794153240476286355e-354
4.39750526083308355504851870800480926672898355399959484313653099392452661779928282375646754325960192454664549535532268475e-356
2.01290702914362224557719066115027721613342178553745832349478740468326449706764744546288797793172965298880871946884957170e-358
9.18166513910863921040026952371567816843427290629830896147014134909489391435716792216849581621576494490273474630055236226e-361
4.17357210543701257029555253824241828437646520216807333493304896338038632152366937337874874108412222892951182323648451103e-363
1.89056402085201459458866413204740538959925368148987407450857483052787508838986622033639098585141194834200471241828734885e-365
8.53453801006153221242226523637119592327334598850750740335162027454957704202203745224179810543689235883456350084419884075e-368
3.83956371272385379214697915354863208901707129688878184414127745066967939686155854463289257721392093208013917358450946474e-370
1.72149178866458474311829712515121999867308079196441662302418491765516795097544253497730010448383411467977965150069975818e-372
7.69231642859013096908648226604540865572990844960483013617524523539805555400956548696364572145739851300303169093730870781e-375
3.42567564877903344166795915325050535449772526487868113404417868872141619499206147170644544866728400177938942393634989921e-377
1.52047741673147540310835214630099851986740578713531354355339172094296340483945683117364675236071832159219984415595578455e-379
6.72614114836992675977941851224186245066289059875556160279476059439420604729622773627884092219694609738102060884079754110e-382
2.96559472654773720763270570980284425244130977680551903395249607044041981606232641668378992140883945838148902425891237259e-384
1.30324154609858283635923252537170374889466188429782286798066191756169417156772485759433464076638677980114625609330885073e-386
5.70837786875066657601929311959762558250588882686213589466363849382077919891091526386811009920190236709865595870381615894e-389
2.49219777275800852380965092319745254695099053794927551201670270559719600011696214167410745624958654186956943107891079110e-391
1.08452987302859163692352611133043166006011307638073156650007910003846539745441842508132432142569549729456481146364177062e-393
4.70432065773205222278526577047367783252620619102076079689602229966148768048627632271577184675376898056590433490567574758e-396
2.03402261660958982036138333583774258596306142038804279334290040359944577434959807789984386431082729428230477200117991698e-398
8.76647722852858062890884164529458432834279544240141308354555567008018663043078027391314008975481609925681461574343959112e-401
3.76627341832201391633654205443302616497577185962442569330837616718497061042900523671349035853420177818938393939222047402e-403
1.61295721722714361348514186685225553327723035346175269838418807183346359836182064820673864101319809031710857678158463211e-405
6.88596656828019207043270016560700142021565729170716826197553431326973163480194572604446571499895990561733196237455142859e-408
2.93052042335801369057819819577441058969569584335824199727231639935851684622654711431410301657288068562580555532676463117e-410
1.24328023484386951770762540507111162995572701082737011461326943195582395148041562178766714246451402941639626092934491851e-412
5.25828749458845798525833512689554538339474469290862043646307618126539851936192316400408473029095169008038003824090033332e-415
2.21705856645560137528447819300256379667847484866256085586871025111745018779404753040540238293880423611846416809488368154e-417
9.31910058460828612482908135179199655424349700183255269184115744964132980357107097615016511976798622245141504281699315015e-420
3.90518145323844565378072895597726267241420148138626621578907463049916795073763774783085331723400790507918514853649935495e-422
1.63149275231164209049728146277855681677014838357806263682045327777581670431830412568982356175044195866785953887660565202e-424