2.58132250747059469099704259832448127875897266746145274722604296575667131549087430081073718332810201750965367732774585489e-6
-0.000120436751655021485752431411319442560044226802329735394538329643529564182512567920993963527093951691361640501275942084112
-0.00115865619480305054793214172685158766908104298828835556058211308614802451246965676029772386962225706255689604768774714570
-0.00437595214120557166081473542532448167457690963105100330601675742973449228826668602344440612861643218243810077128761653566
-0.00866810559244252474667744914991443556272799821443380936410425487556539049678461863845305241405283539703727979935327716353
-0.00771362565293365907253365250827890314553617605112068448306335053200117587447471888611600545872243653666301137276247158923
0.00655973143836713799270287018773940433502181456213229234784803747781005707453566791202723393728237722357709397507028277183
0.0351769279965375130033927088435016913667309459475650553733746790913381524588851192994383570678370841461641949164011042361
0.0681404438714572052128383412621293460846302198869784030502593149351955396967084384324419900076105646705265756205280404369
0.0909617193483294298374883609557424414494357761213963289681234901641889131508270203324422116652803941207445354100308386871
0.0950556605584848061947734515294331884814619180156946252596899819429076729842646224732681273493235975304961759167980811313
0.0821289597442741961432878720543984501535852053693713184759968105181859469157620576174086217813740429664622432987732785533
0.0605301455837396535338100956027712044321912510362876529062059479813457393092772616777404372904190297440598457067236440937
0.0388522233501041283703143105549878162644961102183185650815261825135766354795796903090452855553575255501576079951116723532
0.0220488426925730871759534966511748437771395642805344035416178738758553870234723767120252100505123338525522235444374820913
0.0111928218167968889287561452358652295071376328909913661462231433947497006083756776926690196220388163221194332078726073364
0.00513025325191626608234597199247188674512887860608329471391031183306425573959230371340906551801724449643617078192248110418
0.00213963900310941201200351610266139760002130910566935327323280209781334266729817306655463452385432291060309123056669768852
0.000817297985713040118543793422513942171466150950827427743356748218870745659746324696039092504551639524385030824317506906861
0.000287537668175674532393592983771168383471525976924550858456469361599886999585155306780337827128632495171544479136615602686
9.36278057034342570295423424698235175846573145254035348263165262486534484712617361647943430246276310143374247172634327848e-5
2.83386106217413550376784386844390734203901093556345635952830441986000331518378718496781989530255016936511031895507026431e-5
8.00342219741768133694976579783075297903616871117025794062370235319703728007500420695837433354658703707949776073736695794e-6
2.11632827840742142896984242504085560777928196968288142124960527995162416493489467263983425736915868223349030477653237245e-6
5.25582713897266749786711933228445937785177715730052218805015014172477112596998946388639255422341826816845982625752211164e-7
1.22932262344266142594805405340957489894574120192102030282199916037165628657803566409077336354294711666288782986008469079e-7
2.71497748534508387522235899801177409327531153843046141004491708024135546639507532098473816692866133468541485819202781115e-8
5.67489521991378974902425839535632422629206405638871185958588901833169593877751798354527760583507593940565708457226510234e-9
1.12505823036358396348916527597486521862602603472364641758465257744721650003663087794745875346959854746075866768624058708e-9
2.11972881780340698239745562914738517574202885654379224923790547031356102123508097078767254036226717707812791398447220867e-10
3.80253217477588637400665080533530720690237484047650081566439247722255007122897313549390328054615034331027514201808830048e-11
6.50572074519076128612260160070937249949072437205845490789929910554405892493784985390953470394316176518409598577858553761e-12
1.06326116166109595527245411123860347628912544997073607110987991554070019593332191471532209827361682927811418299036206700e-12
1.66246748302999879714441059735749777933956186892178557911224680975942043309640904077906754978719713605549006357122119760e-13
2.49023724721916595613216161962864382662547252512288043913455326639898590067615754207985957631681447660711209346995260502e-14
3.57825437237602383627282204617112046609962625218499824064729408452252798252095307383881722100546200844274002231879906535e-15
4.93832254106135860476279005554429886604653952115916167760957013788918647674997595769019637048325040469441815218017914854e-16
6.55344308183690444424564224680228654344710826897193857064665689752018951293275638638581711720431868795707332495080127694e-17
8.37177239697767849708071474797144172996340475640710990596185212376660774087245012758461583508079327027360485933576411251e-18
1.03055997314592178666556227916644479986809327808991467054014484131750648619046220968077019698651429191786905243531768676e-18
1.22366791560094312429991375198794906689699543567204617187328290789232505581308506573966407836085691429969055320094685321e-19
1.40279089109684046853584473149977858202850130103479247740187716183593964435984017106942041940125418045011002609405331072e-20
1.55398131998017867055723922776580821324951858954074135800566905770384876679578763217494534192017921678556990027825799663e-21
1.66489897712018041830948984922424013955484908216160933254461757619423999481672625758372939517795881171587379643749773108e-22
1.72650412704778053996925854600611987193725002214221693317889686497273079245980681394101659948275440825627314789547959009e-23
1.73427230216554106039516959630540901815406715861885743348912299234827664424308933110963422328452492766943608928236625837e-24
1.68870649120004236014857745203771204921660065869144902439954253108841145746340523131410055481744129594345495428892914477e-25
1.59507666048139621391856381303830956649212246087582187791626376709438713481774036518872520205573262439795061372639362853e-26
1.46247905786904098920096177213219841786293415347678005704483716930235882195932532967784838710604817373742081887463339631e-27
1.30243609121792678349138456139375092756770406716007345122719384423332670924237052998639230687896107788410124396532904550e-28
1.12732294987874763571494613582041889516575816161125417446217651175710325197223469021960448448024775123724417108208358520e-29
9.48901543646499276980368848261645718486499037681623561631031445985790527039388885066309648138425876904429867793826168545e-31
7.77177881852743877711565848555665730810111633229448371493791871309622741609469391187649074339629071339863508060234155077e-32
6.19701081757065691900274089144763175108537355024922121945908972800325628471551513229080111784662235837769419913272487648e-33
4.81319780037592802008403674782488219172204651729643431856441199177761403480587206712907707326409285772028688855143086784e-34
3.64328728487886376888197672829061277033484724440460057959114230054776624792679285433976084679189400849761285614047376465e-35
2.68888357888071860376913887853227725099263788716360114838183464719605929781590089520690306090667730337629088389740811526e-36
1.93585357637228539474290123156232298631751242278333312538087023987955313033627903959110142894123972490669728795165896971e-37
1.36016259741229786286173905300277415531575853618452068120318800660540663577546550594260283990844316400200088513585338467e-38
9.33073967133642175532171338605095949708730118513959172305707566718910252568289059041845650036376760330041465746453786078e-40
6.25217184520441440968258133964655115472924047496707472715498831385945749387863879830396826934150735795306247972560734656e-41
4.09366109075114095647851988195982732479685461221796442516673545905579524854141009058030409219592590075659402177743790949e-42
2.62017173249408900669779322094824741690161536899518447955664403939577066817022753319664026405287015920657582068977133320e-43
1.64002227276331404432502757619731433884676431322039386617398154665075382932113573533260717008919077857027440920200778278e-44
1.00422682510115079204352534194014732878818755472860735020433863973855276272793198297043768882344172279802344008061593489e-45
6.01770548080416541978230465616696907189986602909902570279822575712491427066254724013316639586625575724240031663322407165e-47
3.53018330155009651615396352852423835535311514046822880486134912938770297191184682907591578356803917028356707806797267034e-48
2.02803955720132153239739618610145376713694279381625829229582517596590857750115362270351871741438667391565161265650790153e-49
1.14132595212074245206156049945686188546793724977681247022763503268589307076567113784211958633194198814653621378678533961e-50
6.29410780525619318739870106543870469120195018578543626857198789778320707105571585257010469164183363558406504198768011962e-52
3.40238148247387267868104123940270963358058912444070268393621237052161807782424304339119387206890955789039773636707865640e-53
1.80337275125780450896353325805407530008908823144545991926492413060748698454491231957117335626873229441803602752499662917e-54
9.37491520157494693296563262307698181690818891764009616104087493844526213668988117489605712410729731512515773938080068765e-56
4.78135211301945222852805517608201527126206155478025368399237295809306962568313803930254590031853342483838043817426259806e-57
2.39306491951184424648190545288128370726135415787636331885081047675514096974845555473796108042201594908694267066192995165e-58
1.17569381357010932722577504226316103846765104429116619263608771498642626274868900628090786372756687642318254932554840721e-59
5.67129879053972528397705668560798090743694137127088102050879290921080982082871656834201792811658405397141282942034602203e-61
2.68676046434261951285491565609426971368081076682956843830052825212039568983037871692285207914282463035554739312636924869e-62
1.25037485257290879681241252379514087450274584728127957173104311444447477509413985295926019219175340735358767710308978105e-63
5.71768694786228560074676182864062921215014795070941195779989718167857501675534943637353413970106794008134338549581011513e-65
2.56963089629374258642622990070720415589902721401523699970255343667706120575174781925478747436410807516545525284322506976e-66
1.13524652592345129745600416144529658609201821169149911962451786197418242781564168479634847068359365066865926258599077635e-67
4.93145503058931693278938715714308316010188656593111367135734603846716589569879049482581803430849292151609986880912442563e-69
2.10678141081615722454870473703931129250733260167928623495370537324936926956802752508947858061048828408924273787109775045e-70
8.85350349948070961072812123023565927259973651613624161160342559082766160834761988669808491317051757162535500347031024580e-72
3.66059540194566615023442821722056733729519437120953472618489080781977986464645466086354104005768848514737413847973421175e-73
1.48941823336779414360509261704618134459317956091115869097178924882053639840983224440049221056521948632834487930314990063e-74
5.96479369248608085404378980857459351550360960833740653195276133898872740149163101505077104520700120381007884467691620189e-76
2.35164360232690482660533010564706767121082866042353200043923865130551981577240366007709011362497475440192975540976599316e-77
9.12906903133476071162962254770928621340532378658780543843449127038930575177741051480286665078950711959705047240572483442e-79
3.49011831651655924156167392228420544698295937282735827091709555884488427303189530259620586171596626686925094027110513686e-80
1.31428778022061252950041849948094350626119296275298503945644381387888927937079865278020639316553632746970361254497580094e-81
4.87588806350303709803978341267872530557763061019548384154196465641075753577097588593580002871844109694778446791915896829e-83
1.78239739382822069971984661374353339860988202196223091982997605525495371928782106271205806234930377377903172742381705053e-84
6.42119587474587796468753500837900901007819288977773835316534399601102991747642258981117210417545642404410623233502382765e-86
2.28012851200648230316546041457483855191088266544985535288856891706222503753510340165925559002916114627248039573112734533e-87
7.98187120111387457198237822876974515515419163958419849986761988633692975609361604818366950077140881638941898096748858876e-89
2.75499354988480464965478236823840197084239051490455701291601102440255785999399784420717063707407346114391842714780183985e-90
9.37721822081912369947994187797485644246506901449640296590293398907060838965379967800429606715486082061971774641555557349e-92
3.14797112383765267917075494001238873643197705291563896104550488912310539083508757131661795604983064110073429708393785048e-93
1.04244973934047180049396047071338481454092445577608113952271828471101462952497779571450032938906511183242062899773777265e-94
3.40573048511759176462391272479970026289514208472529233150596929873599684023579063437270656010876946988256114133436401878e-96
1.09788801288451774246498635697619640989920847332643057790981219369919685719603272061497097390795915217982537920031479997e-97
3.49268210676474657029091340356454844683700520294134969334396000001887977075201978157791842346102222364793746919175979000e-99
1.09666196351142461979909890229327352396242365268727597194564259291005901574350353863331307145302930364870260923006450572e-100
3.39904973384040199947693808596625036197522222229089037687802337873737959954366103562807642998958364368907140095401416257e-102
1.04008892944497337656891168340379872783552206238376895457564411761866253753511850618009394849881968449186308883786004698e-103
3.14244556725326684704917667348331504099933225550739848722709803330310130632354404200361737812239125332497931383935968759e-105
9.37571628426673938498567803657397109445612869643345538507394094206696641582435692782375214628570562507633622431000933406e-107
2.76270554933539233873230563371989711488480437114609185631279719434127107651031090440070908017483632536924644660619659975e-108
8.04102193164132691189094498722642908218150941552016890199845168829750045964887203405416504519121218651892055918615537588e-110
2.31199283290004210792700260101390070598377360656621556984001400965018385642319593754170611703554369661703098026537522026e-111
6.56767202314025345242874447620106155432893001281785902060928437712322794658304547146252219285315918338525209653477587829e-113
1.84347137226566613869068439638724370706225550558553564472950714808550780165036749683764349601650583112370039003517202660e-114
5.11341034721829103297267746150178338388460060726992771094805148317296640913392380420147614615305169290395705550341388831e-116
1.40178908271168030636763105575719235589706627159166831288445653147699873156182427420651221833440782347533893326068445824e-117
3.79839483341284424863948592639340447135327014653392745701916097272449048039279064339743118420333815952246967356642613983e-119
1.01744220448737365972656876465768107705974299220887980905237553748182858945951699062209028774612301013878063947585718909e-120
2.69437226944363897824016366391156673482625943694336070676267224804674512424804508531864806483807335996516074601807366231e-122
7.05486778657003826867685855396308018981849259892278499056238188489140400501132822447763875496794973360216852455800957682e-124
1.82661929794954996725142007953483732954108193482196226020709361553415272758917224085759919431835584988500499915748573356e-125
4.67712308784654503385306386934268324789725568663793254617133584135055795455976343891783661056386153380861543374096036029e-127
1.18447020139409085110502254370498835588537920242949101516370859306551014759186354020902632475221281929285607241111617830e-128
2.96706008137117715861298001800509283410520172870805448241497848480037513740868377518510807324274551504862575955315695583e-130
7.35236386935533286004991088884443219100690002448607565646700103129961239454001655918767058033195426962886686190754274778e-132
1.80246570028191899196943330631023861751049161766081130315904305057463240835101180791470521156785249550989712465835886986e-133
4.37206539172320326089579427276038281471870695181518504066325274633633055714663854489631295472967669401819901956610499411e-135
1.04936246818889801235886341602758920044718785640657778616480970773954613205051096097874964489899983631894665719864965876e-136
2.49242805946884690309341240057486487419261870036141814591955286403261047946529415707527126766553914389520697433166913501e-138
5.85890342607903143597514215585298542177006859296657572646299598819140325430808583420269946653802758910208264998398772742e-140
1.36315244794047312385300784364416534976680074149743724892745024946887452904509909647120486248478995761791253991275266643e-141
3.13938146825985863843417302129598886157122472922991510400925088516222719429511184657070485675898902744725689945916741736e-143
7.15734496076863365149783449679293294249169725272344916300806394577952527039700967900226519625283424654427118307520454917e-145
1.61548923687429479890338738733255960025742280644578138948314502865560507020414435150155346898060216256789360198299674616e-146
3.61023911722833503635578751214686827860994540941449778565139269297542608062314341540627518948631075319550736361628058723e-148
7.98881989130235070219714134011807539659592237603092656730971133626465268946265259970432131603121034154779174503771387699e-150
1.75056612281397053478200146458035404183708443177970605372040260959540441203176195217329840592502234279892213916685097198e-151
3.79889761809285813135178160582063714238956082610246866399600377273533546999288649108316939110914665792930757702971095497e-153
8.16494554458911434992256610694120258961567149052706949426672524809798000326077371418558648763877571212372911356266664635e-155
1.73819539476845531917430375870858627201825586339572192651836978395357212496900024871990895106271513797116216058880573039e-156
3.66543889423795060627680272873450953560421637550742178855975900456290566160494396891214985421329565072905489393591858225e-158
7.65715571856148433365723514154289791953143891178682548794844503392674455005934963238129873299589690687375806227180798162e-160
1.58472767677916092798178801475258460646538005308336833659281587512052184510853647097894605181421403591108230429151843150e-161
3.24951531943671318026430700011709234109390375517309220387068268372221930518558549692975456050025793249754772580219713927e-163
6.60222000220359534433960164321958450369369056427263698002427402206854499978758859126447123369660084513772316025421190562e-165
1.32922682749050985100153493332808207166659229596845234426277662284290545800689989140150688154671057686768750190820007392e-166
2.65201350404546596158542536113722354671711460900377420024990142195478157998307672490434980824710858909608554977747423313e-168
5.24383845257956645952705218421793532339089589304082368531222999981651253324373753649717186357761577526454901575834850506e-170
1.02765851362488220483261487333186196071482599396138480817202268347169390296888387255484174394030913959950427664207889876e-171
1.99619473466339623132507877932895101076631243958114788671413816922886074424840276425826147058017233846269737224801053090e-173
3.84361405174735683606630361942411684124058131324691255031933854899811510525326239197799213321283224680347241783064857141e-175
7.33647208609197569885609403580358649079919378867251561141829674130742780241424874416204943976701582097824789415437684489e-177
1.38826658049730270710923428944456986396945774171053422755205521923981070949038544257651236682268025953477627319753518640e-178
2.60449590136009641579649799100284707678826243491695097353408051512781686077131466749461246564745227560723677974292415100e-180
4.84469505673344938600071754569005392994842215146483619961794777617452801410322769691456400932523454204205860317833321382e-182
8.93567923039718746330539742726974376743869331929838530875793856478294110115941055528634461503171773113557989903435848688e-184
1.63430498005037573320084896805554219893193018037375980973295586213173082683395803743875666830450297541536627785459076050e-185
2.96420860192106994762299484452106862694390039343533226760981489496564017902464016019589847112233291318080676145508832827e-187
5.33187466359391872384371297002680064352979747410387285810464815124174600453266976798274203909461766909651762303174741932e-189
9.51199622394929937297968162042878963969391036984842974587060490537540628529971465408158669790832379535569596102019936601e-191
1.68309533114963218679519673363567968672434460858859209677338993986051725211819832721339984608297281289953076886690991220e-192
2.95403405165663248589709732455724026272677365669739217581203336616747598857394751053045687437530104148676409426432395860e-194
5.14299538738819655737859799568737048099790056557409621407547296816277607620688411394914883380269506613558928473750077153e-196
8.88248425711256022311179686580718412476517836668068291517963036719014253915520478691762688803147360776595784157400063615e-198
1.52192746451050935606291962447352391729471735400188177244278371590544720474108929087640389838949631478471593687391472849e-199
2.58712784415793804975739201215027989948775307943405059917101046067414447053052843401590326273330681718124105783953666774e-201
4.36344192425562720564124365544557926617946864433615011925858648395969855551078148977760701630776544770485270293094995187e-203
7.30214664071640014883080848884766433238805223682851996978870543530792418020128893791540641246702803363874914731738564545e-205
1.21256305336144072412072574961029404334439780681125063151640378611362058518628111371289028793816315843289279804861090380e-206
1.99807903841760612392317971834623933419141945470198923399917417274386493327081741169533687560713218767998378042152163250e-208
3.26736311920337678244010295568305466369930108867719598911591967263565864461225945902027011894924570896693666550112836694e-210
5.30249346442955950914679543684267699272917200614295725208442195451343722829718409715876301184847595911333112904804126601e-212
8.54047880869892156259943864723635445004610592657966025343162138271278695252399445733585877763773188177390236543552684101e-214
1.36528940825399185860338838215695144828024936513836979572317982858824924356979054558328862311516306520359384247938022338e-215
2.16634931004272336545059370966356906720026656356988308232836911050319306977210893754252816800920779175613654845575046999e-217
3.41203994574691865127391785036923988425867146098589094915649567636818803278230102407883176324813558090753336961624007274e-219
5.33460100493442784753446031550409260985127476463171664561051143998190704909301235334092002245576771382043686486861193852e-221
8.27965255793233682290756255294462966495291662250111203487391010466683573968078498891128700240016725124908530135563850139e-223
1.27574685897838621706282020570995800059530332113002149294722713026033183089929807287380164704134443151414880759094857879e-224
1.95154599006455176940283365556833547010279730950031326340139415443150791078713109001516561055557755182082671597380110527e-226
2.96397406958350403513803504996165892200960959224980266242689110613858366816579107386396786345217269685469882019825568939e-228
4.46961953241738212726961021709828808705672096940794548376232399248576796243071403243794143555509749001869923953951516092e-230
6.69246738097410053824982791739762396986331668937145563566564788335574251382444368451562474901470170846795248042765852243e-232
9.95039478325631141548946553790760624700595030490644327593483396016364359931505468934360805067509143964901015149665204627e-234
1.46909974884364901772379305735480102658086203688767465972950480881883025478888015383392557332048771915123144152443815701e-235
2.15395962263503792772008678744888685255973745898668559168744634727487013122590438358396565425733659017532034671730073033e-237
3.13629789384642821513915212289546256631702045548689360276372711921182869251282965271901082839023385300277513400332432799e-239
4.53532595473252339192771438010353637999708452778963886322592556728368578484716786745151700162086398471512157533826363378e-241
6.51371772431730827394151295457846006567255013326232789873714154805687441671029699794540441266393195517705763658318207490e-243
9.29172140657754132587943615467451651209410238558348961803429871402490557107568757635989395813689299442806491762935540674e-245
1.31652054054115988543417819844915848376024286724609699184123262934813999603802907345389866612938621630060017025766078219e-246
1.85285111547865765142096851570758912500609630095023588388639806474123004197750879339586436066374094550115531898942879516e-248
2.59031069227980013549994621195305710880511993094976079410202216486621909161522663830803413535205027456090102461722320524e-250
3.59731517747339749908465431099362483650763168546910705685235952999691170776286473110965081527771669152389882275213815709e-252
4.96291784986030628913242264785725319744466236140120470334430343505420640013067152742343513391466891161685120578186822126e-254
6.80211766080568270413535787985439516174157182505409750524146830325152806938853964741527946298732532159618653363338500677e-256
9.26223872369425492225863506102470287021254040488678966511865486225265423661401825906202214377909462092650946097371529886e-258
1.25305094157498441606175083829802819417195508148158525073805374939287916846284319766191409246956741203839444100618707220e-259
1.68429590635145569582478148777150621340542805852758595904296272364036643197033060360113290585660878091079217007885725633e-261
2.24947300398081549498428973923310039525926197428624563279971519177176698293132063349821610375262913004165581839143381499e-263
2.98518712332366367163082416737927838336969396081814261457308800204969902569477305173610611589063633247643915551379145761e-265