4.42226297674453560910338063427903722731693897720311433806577394285145752195307112220659592329167897609688888808793189335e-31
-3.36255003225088297850390420219599198996356778589632598208332999102629378624321569440598356253253575318510153926625068294e-28
3.39419782292414215394635458550175460906898191726990024559281086929526880187923810381123706963368514263316280544361777356e-27
5.62507576892997351610446457238799392565027429843631783391415926641789558489340074748020175738312414924996465637998165320e-25
8.81553498948302663657372035199644139697371509729729293047978497944552068978330689759138277856752680949295581705540324464e-24
-4.84581332335149752628570982817732440912266914182636471779324814961898392181363198651366399152641832355331739698703605603e-23
-2.60118733923661410808221132915133203493652837124044176839037917900980957768693242944000392780070278410912004094363773256e-21
-2.46310478392074120430156577070240253817081942662448631312689157284520900055216728994007943800466043650064947911257157084e-20
1.32762813282568764714986512809431531909485904968985218016866725326568911715165375785106187025038248502514031205590164859e-20
2.06147979851930092514272779339780020499908179612225040765390788538778164499633297235600947145801670545218023155971753319e-18
1.58086181491405689564413579644439818348746093526452966226103732971982952832817049724524562090592852428854184116662246431e-17
9.54852188952819938711952725537406930614789690961378603801371932789619108966002758735736865461948276957042124173075353755e-18
-6.21591499940030005796203080764031206792946652089042590806822413680699796251114837085011705148486956681668037341009175101e-16
-4.28479848836096217928526967171865080175728019538145097082027146059059337239092610637628236905292832750735634854393914412e-15
-5.63849712503451176491335558072333787350951883656637810079910850363393611011351390335910227776681452652152469274749468204e-15
8.70029628608972612515404904842270677835963123262050551260375121801711964029180791472794973631906192687343308048671879402e-14
5.96202419995982756034039598947525707253117634136832213400089253792892514835777571986777191431371149060669946390973999482e-13
1.11843775075945878974779740934071487545518673420644690627011004709458856753517757489765998070709538912651893159352843463e-12
-6.08954429918909194731952500729041794121395718211265270619675623007764210827264469483406166839444589476984212526754931323e-12
-4.70676931141404728366952833483040863871796129621619058477384176602930708837758189133130427808191314991883168009786755095e-11
-1.11441281300009222314960657171253570089801189995235500284368486153808849409022859317121703729566081760621008082548890583e-10
1.94821145196979174405175693642904732123714937281004510552983853965364755273380674561922228889199313367317798007287165257e-10
2.22072022341928279526795693930777081100636874711110983819787430324749532235414322622713813321397819731713689524881873166e-9
6.37977684406371760068593790444583084283949237035439899474212552941646388565941133198956945118879082607158320313344301698e-9
5.86123581158645071883563877631126958494493588607162983006185702021214602486847628966534819139624913232526306770977428694e-11
-6.34373153159655927417422666989307787686881798286352442339135988030052952787400225544351603112995665271223885430645093408e-8
-2.25197637796160802889711807052285936305426427338600197431571058084309726964588062923687370453390636533956211744990545752e-7
-2.30333522259158789762099564588769760228360925126870516246722217152826751004294883911716012255333745567983736119162739680e-7
1.02813216247605532633500630668248942148245572808150907355023533948438340292577581144032237495658166094259855288696811155e-6
5.06209986116762710471971205920645276983339965778115897366373030078359140050143539668513519356884721685044488711092353256e-6
8.87737447741209681804394038239753908119921746374342455534472011141445571334318840458536599221304893650630119303395097437e-6
-5.66893646405144972986534639500505759132173459491728038805819043337300153942985871682346499512141914603796676600801124231e-6
-7.17333695130510475598745430357665329692340396704442756237362281448241127963993725057971731594548150828819577562101595224e-5
-0.000178911884299671094153985268520098144293193462792019253711423093808343826871549140874438879217829949911584108923550583772
-0.000124405583497999933022370442048900729197772527899146269438826738779667391506975793114163240292885697792223958255995561389
0.000573189918409210668194699538258430454682767528213875280814665121188633388395062059091265603655936479260610539878479522057
0.00219694564128413808491693241879408192727123928996351471161913214985869768221325871767168684482856620798949727763821048692
0.00330616784784263635434940395900768389818148304616685566366015391970206067822263088332574213075278960297129589245950535703
-0.000877931689461521091164618533276464062545476053318554074308595660598655940908674482034978807673665315588413873604812469112
-0.0161680708551309140539671291186702080106205584724172974731735033797478511389821093427718311984784459439610563851801453813
-0.0380576671884428314557531779309538757713838338076965398229447616504249922796740566895320267033728801955132302800742022185
-0.0345605188134506063667514183732373162709390365935673127293912611345801932172851711587515345984854595143961087826250616673
0.0525901426727496235685586307626586632133474602887100769448650171194160127299728561788630912478867461465257578390490743645
0.248863320753346597280609655110126313600392182903736207905391059323843106014636584032178276731367971224309538601595135273
0.424230694346477459969671863486269253183812791513001162740188147868957224002825403256096827912870620191781959480355901238
0.212603168862697532000556578961747901159691645676353316780989140674091351223470945130101612461329277349883171890820414818
-0.800538275878899914274793711239833973234385857458068446102699825734470330988798545366317929273313869916827924308000716816
-2.46916630609221647703980275961318727118299748051910569758770439709240993686631428392999956794464219849151212471764705020
-3.35464645529722925677157793192757951973897382787305351235815057830219624402025975380692638419321688620805608494635015875
-0.826697684340602973550179436621980152278595274194711308129136114995680653743418752413262752713521297835981608468166499978
6.92686463125188892692987681771542593720695740020329421284327515535994771230038568770248020724005541360109721216682489340
17.2205299657530105413468333449801448344443831868969957597339533861833890931991772153632045253262173426273132900688143618
20.3944572807476782301818625843562750056060441497538684975762616744876354484434629636992974542297687660216248604681813212
3.24996812224066318549688197710763200570677881538204621520103368901581616222995973991604203197102931025573854412379046847
-39.1759573211255553809744982449689695323214469521821211015264712232544121023538510248367342082639301879722195829442229828
-88.7635349341468764147000699425035173612672346779453581047222666384486647043997411291717528732432733722639357921962691962
-100.461191061118241308164963330848816121433049293093249957696615657234547705231608978394316788036289547580275206346648014
-23.9747502185497646336647066631794633071078099781579145907364669972434292078588527271803160851935901713060528219845671530
149.819439193480117030268540582796121908408895220193855946791759633151882266589627703956611353615904503501284920771110439
345.128417199902629050806141249245849330222347934706029857873519687642845648135553140500978416822839823595373816752743397
405.261681170796141789845787662060586421664138653509198472391397499867929393915729375555853806842239559896453587232322301
174.265862890098277914434650361496542789575355538350750034363997235775038906569421664701395142361541548867279362365272045
-367.594127086750226289412501934130118294240479829766000793103522300229293120438088791023366226273269514443723208968388473
-1001.10532121138596325637144725811954549786732143051946723781861737705504670036039520377389612967566491061788050767726422
-1303.62391031308671976886455675202451783833790856321370737499214011805472879670646205957577435727394261326847759631629311
-865.021009479654908895570849719398833671027811692883290693846455418319732340194396519208448443248788424136366447325186351
401.233378263301930920542250095888881997907902579995811460414588450485257841817705069066081605904860461190063670783091883
2048.17148642294812244025497796512817517749216772011622209335718224745697499034167631836011806037867236516799102949433242
3181.41110565194300000472751876811247485086285774808347535834276812265013349208368821087423422259534456915951641225440014
2885.60147398797321042110937133121289171865545144904790226932405938417831667450146578025727350210566097788922499903242082
806.468414615485634473786767452549134270098545785364321920626605113816802229594374599914905435174021895376365225783935046
-2455.60559998225633416585704790212792199916329243102933851766247031986584397172498488112848635784003987184840260691800543
-5443.25049581264091093083307354382025792846178688341956757588889761290646832184240210868001312420003662171811588096131543
-6479.89593195298529262110713311775877494160808327458265793894303589219097790501107239593123337373716561356534010900278742
-4564.97679242973681290245533694585167180775585863945062531463444814757788075224385681560923740558432514839500620786916176
-41.6598025314129297950336537493842450631772675795232430500141827551393707804405319088011985775559311385781280080616533803
5375.73821725855164576451552465944695455155631426289243340010371370116155533087475349598897214075736386623289101132849540
9300.56452499604095100215235035634351902715703054297954969079184339766283322861083813106203176724228604127343946570421931
9784.02380379327358029521951514206263638501332975114810131798599940139639757499926628997980366364732369746437722528234731
6280.64685917089465569454323013980383272564767701238438221926601035734930257279779366341130377989699132062862797724536425
-26.8498885321069629266011159240249764161821778039384378112729386921338972071885148850790793453400917464372993440486018138
-6711.96330211260228244590829859180164647880618525409893236935853813197018846287351554782521143342502177423956393360677021
-11157.6054755895688572017794396045012417012863813884342952334482840560752924431095243799556446038038206507805631671114476
-11668.2207464613313362238546444701137467392326321945818495067380630647266940002382851522348160470379703798021228011525767
-8131.98345095032646019189995838506449157879822929299539489586490085417815068861418846459426458975160829943466619065308717
-1972.26782619518625283914660485035652598768514848924149558942075256621567709566857277206735284960000417676865223798216466
4525.77185305662536705564127472031819527105870056066519648473057685640160862539937451968724804044031347206965330716280527
9161.88474624486654494940604083553205946268971885222222229936310934023775960413589499709201597934461124721080218888949414
10618.1818149896516257810841001137049420964460677202829714181061750488044936414559213817782229475510907576523031427822645
8810.98402895853099319459264401655248377907196308298278875132455900265856306585580317804134398189516383014650017306597286
4732.73528658487300084584175931054227865864219349418525591438454509141213114451778012464097344914932614543699423740428697
-64.6187583240064895730887802941676082735183521959156841380185618372768773362216181524059560396599478660265711618707263042
-4083.52692857854282066183102419294163249908651885452560078926807407180589317048358963464612497887786298697299019623430401
-6349.68556085610610342769871292887916295150277302556390486489464648045432791641830028047071660067955227465671464400503277
-6603.18196745562694772704929063073338894607415656169540315791132770115586622435840135734901924780571679494351124324585432
-5212.78380192121190087274377803687291378801882718618428666591890684576777278556288103745871226515084736990710359554122060
-2912.62197889028691449426007273410529267306628042113727896216367758121831918074153679009550503631344645927556186780417913
-495.448912814869328066170854253789675073163127434776154536907392262259325009132609565954791879526245310631790913886638527
1426.72900832547117990326058908296743922578742099579896626775886246993454083862252175111975688388353249221469496017035912
2539.25188518160540322681875586253177154522415879415596314196199639873443515489927038764624499934723804969107884471767888
2820.46413909373712986878075293746442145663164843152101812712839310351048946922368881525344876484605680336732290091808643
2456.30025393295699240579888608068370800980331482169131592837972087141643583170903917853545677974222400940800405615322479
1725.72776108034810633873383729152621063652160450654471357884434498175030766437017366197781700256817611372791438890293079
899.989783150366869983958773046051397630267854106476024934299643357703691231495033379506775056310112556900554996698193915
179.156100469652228083370133302710571147579304617813419002411875429799596762329188973227458863137264333170668469974272986
-330.106401268931771435876304373363948335732078198580417883967575819040658849717160452342928756499703471784319701985741365
-604.991166750044307970370411905934374922424540836865084133441519946302999252544543953197069463912182644816215742318846962
-680.001312320168035725048257638446944251519828915492342243360401690048409397668360455178245956314920461309077647329319783
-616.997826707258663740011455407432259348840408869227761248696234434169142841004029922673712925044831361724443746924535233
-480.835735362957829363275204030936037873842343396042469464494232033039413042698685538000322751572570976024190891771304347
-324.341074774381898750405876236835126208962667195397764804124133250392176199339382723661819633367542041238300331108240580
-182.339143839483518384516706525537346607287825163342374170716727420474426817373636491898548230566255267397255128308505731
-72.2464262417774516487487613018095891908731922578345325486207930986381073945812624167219972332618354560172868409594280753
1.81196432463148911113711621787970569425446875322827191029802737578118720185136809071358670642225532741408140245073095085
43.8959012024300659450490176836794388281136351221419463263189416202317428451758739471460330767788482577689945937469754306
61.7635586109414964287214062608716272586890592871866569822768756976827127931307763597198762807292695591119500888730137856
63.7111993678774998981230400646289813192403849879792663635305182859084851383345978113520704121240472624056313963780975395
56.7983288919140822326588362414630972173430542444260120375132685358186802187787278916884029362690573347158537648963535913
46.1694116738189579230243227089749037262824970533906079624719330565823653117173091174730453256114080836100743475327482068
35.0771322458289016048721473889085265287346931356004069742879326335205197982116660418346845179905150075001196452176166611
25.2532773321558093620847117691657102477679303130116365436525435034818415487371265885479762971306770753654337047883186333
17.3765141963678251585740518593460956029396937122634225364030915285351542728393481936080215601538958141702398235380155501
11.4942451912193620978341411841593938845489336097366379353875754658022310854586776076987946251738485594037517274664245810
7.33975600486022308616655275977349945063972574842351961152596240558443715935679494714886944447242633453433975595585754386
4.53864905286440567246621787896550040628579521315397573518774162707155331026818077347372860954362705746479924038791686919
2.72442616275238786766760723212519257099401447962148784024497784572567895123573731691752886287477451362756344887123663494
1.59065699293532417575420783184046107143481390994874207909640560384750407722441035888611079089127516032945749278949836006
0.904750145874181246748133412647078882245373154262618454831863313935112795681617052795807018714965035439402994856078077453
0.502013744723058349439332833285768528166039282795361058761639929319057372717379922947520177685010683037512457876923792204
0.272041318127862757124239946433118396004537325258847548787360524270030288429548312646023408389779463284247939327081865705
0.144117321938047756718398271337987804852423672019060788503730993758700935924719629619023501122142111187163036822846425029
0.0747025329164191254582484465483181902984538171959557625336460222378929359541132904367870085279275153119511852568547452618
0.0379161662810818024038718025445354925198475053900759768034525994802998168515268223543816272035041957310938704413654632813
0.0188573092438228741313239523296933811732743661307013266494482090623275800517158824630581236249729919613757984053516728538
0.00919533791392065654989243045514055676226113157742149096457687151586921158562495389643909669543837120586382416130158199768
0.00439875438412490617938319526787347213251858579304171004988655383190201442569779085261613877446813474408646136045311535615
0.00206531292474417807941270971721845259657152488536894978248604091775462009904370215421779180990130050965141029410567884204
0.000952221455755050151181807972143235937223011909026061542990415920615681645049856716996357090646588087901781798735330017375
0.000431292635558313661473799933874592335186962965747505249548333934741757737671676640651838856035312156591921379858701365165
0.000191981940812867539354909186103163541760422781852765312870165936878580827169409288409801181589580624100484793038589105986
8.40162284675996359472059633894129061233902798030165116190262401929879591547017663191233174115904941469243468530852864788e-5
3.61601331617832679813817861248473796057220141760372865359618393536189335883688240340469315849321474301559709074035560874e-5
1.53109102198716096472005887447243622310393647983664291450821343323563507684259182826219288253600006227059142040719819801e-5
6.37981120967332509554631409185324903328465674320357345907426372045675994064496787537216806351662177157414921670172336578e-6
2.61682443872677936165803561153076334393191561835197663596085173051879991900433203457681700362326675078372960822079935141e-6
1.05686273780927845085166258733894210530368331223776210076494584055645804998520195576799020704397903882496776326297480646e-6
4.20388622797206567223002641296478900935171097002925518522360720726943724690934360233971102308116221479619181849789920050e-7
1.64731714145990689497742594767091247167178183474281352102168151665787386630433185039904446778521358476468188987894910473e-7
6.36059576529422157917330031593527621876422006143794684093085773319439593345557991473354370386525162971406850822629229871e-8
2.42051865446881964831350390572182770832572778424579260627489943833685037831457289184542119698388877137894846261298247617e-8
9.08030818308452415893566721266890027364290672880015397485715396587130323060243199849349428448006276576050861985021201759e-9
3.35862693832653991259468217893525276901281069279335898304237001724048234968610143798723112678083218479156479736134932119e-9
1.22511210480046733774724245612948605994939092286677027747690617252685712227153581374631668705491773353898859893860018490e-9
4.40781407743413613791216233290675719771862955904016597033977553613694961240255998225655461620364383698155460769872547014e-10
1.56452112643274897481584167591270343920157310051706690719731939376011472959232340371749714948535320237619201664568728595e-10
5.47929604404924953234636596455430580370968611511325884204177237676891459139173120785805855550046596607004165629668675602e-11
1.89376024072509027927384997246386950071416991713438746262694796392608499216837649244924579309035995645709191762438200752e-11
6.46027945600852508854574997682713565370864938552688843077662605308387418076662077254559631271195037736327271842402168823e-12
2.17555721251210989554207532728968914074149500941045143034316511672659945870363465846950921233321450156317301728923885610e-12
7.23347839151943810616654286731484733933714207032396311297130002336283452904104357109286460327071941614715638218655427160e-13
2.37489182165609662321132364782074439951413902700195198654540440046673190291167634286760081437984384114987160333900482476e-13
7.70053600515373241919744416929582632268702222249567597397992215106792197720185456212433930449485107789232820405017250483e-14
2.46625067858111445915290467629574231462760625560824951899235457412285730136597951975458276594659702827486085273916738630e-14
7.80278283498157637389764518051109375854409080348294545025283213779694912246014980008180195300677851029669773576283345181e-15
2.43900732273415246281456769041325271446258301267661375931510736769859956909414910088042708420396110963307894012852216900e-15
7.53323716214504243428215829600542946183905574213444585515125168392918699947414882871107495702591019043485618870433581107e-16
2.29936176768865673373073046717060139336738452345791709891799184891819289789378063685948748799943763772320462403425924407e-16
6.93650755357503051543110802717443092731592847940727129146689864201748458292369454417291192374963965082991108030670838985e-17
2.06838666206486709326586682409352270352880382691848137615498273524710280404429237485759410104132057164827527248819281805e-17
6.09716621905883602273576431022735034731885462076389853728495664760372792481354077509209882663554527319800060785202593816e-18
1.77695608278623187932144743845433088940796136449249906761627609483173982137864513521844187553302517435786585949552446255e-18
5.12063068395363404039906532986060659884728486632445163173278370126105533488973679868672222432767277583664428678616064411e-19
1.45919370747371151386568032827412832416342581546971661162670202887566460658245136198332332144489344077978843748366972842e-19
4.11233745997107609895259287751854627724519268290877410891940620488996471479643065324926165824112058768060141614397047904e-20
1.14628708345483834280163798874177594733529908097071088840082291850227842060786358500874628124089119387495796429721860810e-20
3.16059233952474820789280322947899346299641980681736421746985001020765395393038405548552332704802355134390136677412537989e-21
8.62094035400426462100052648344998649505699996011676674173210497781450194851639427981311094266808327947333546042097260857e-22
2.32643870440639376642659318418894913319477139685041464964119631661403593973043972901678394158278962462737594415926655853e-22
6.21181178572342477916457264267906214726268978266300839728696641578369441604470031623364147969405493812103206151947136056e-23
1.64124235793086035358393763876750246375401550662581114606181598468074885379020270646049845784256182372536849187645904975e-23
4.29133243084766116785703175238806308939228439626648463166897670243844498429328875699896038839205914157809195362838918618e-24
1.11048604726591802776227613903542696700584547526702424646827093841028213544701659428991894100733064092975032922147441507e-24
2.84427322857210435776990844606282005470624950593977504790370527757712617697517104395071834284538551543680858665516221625e-25
7.21110507153351483372642340324695169016325221949639418810869444140865762044500897819304104004499028201526779798385768236e-26
1.80983504347049493394275454057561168796057991159775779564271413861151756680344826167628251946939380960517392194156038392e-26
4.49693403104178324921434273366782956825667617505540804565330615097029555126577490496866919773416970433616352653058136687e-27
1.10628608367945137528085415764580418151991503465185215763553476611132362307441133188910868530821839608017355699744383706e-27
2.69478566538685829841771048368474269334661471376756079108875987362259168924984139823826040640303304135669137926808076855e-28
6.50007988776861084346963305508425567569654446432473169399814979791593266621928464870286118656082256562226113189426581369e-29
1.55268053602941944602831221000211111964376644680221996695710098951446049444493530995697242524573662916910678413727540375e-29
3.67320507118904068915174810880883282670886930794060536852060745675297925080577015746046116145465537850971491623779246673e-30
8.60672754042754374266131159353220653647409248359815778479280055853317770221367833140481457908107375470179061444173795936e-31
1.99751654278186538507471780234643293517626923060132543689908746365833757023805089305994562359953726024767657515550737340e-31
4.59231101248719322498000925826923409812721612856032251829291812829766429141792952695647703841982306256649517274253639869e-32
1.04589819695561850847817975529007392939339356995427296655196347097709180897681831510936302277380460983222821009573189347e-32
2.35989622567809190766935921102593778566897652841666621496005337260666837031988788827570032594120755405157108021623503453e-33
5.27557083805786259019956870910201589104899506236386885476912095680663942517322139907808597056080606059095631330993532993e-34
1.16854735034715573881955076964331510280179516658013734825720211632270448101171346472002456455898047775425815762114275116e-34
2.56478093426892551892058010533602743773687377448274478187471717410711717395060548506662454421862757636887190321509838237e-35
5.57837518967116487113849516264559524791280069009417249204231434617983111928708200543993918232796019929069392528198507829e-36
1.20238793498285383039480375793804181630429239233704579338300736925972049216743623596470945048253477498767667695482519922e-36