0.474870038205039802632853492058231166625681149792236575447313359231858774240505722357265494692462922969725825943531626154
0.0215485847777886700739630612199212807331493901954493562889941332023253084406383133112256492616513182412867504504524248947
0.000683554827838693920666634866877332592145443555919575066580995411859388856171012278712923566626205048975404588274626687016
1.81613307896395708710876131130976845998039148546961997093131802764837405035185475147910183364601527501993755131880690552e-5
4.29540726427513649889771690778448131026302024470402160520753184611829727012064217181282741847953775906934922592316128256e-7
9.31410698565251791378307588016247376039611560510933494514532418123374709221034434111243015391065411016816136949575769975e-9
1.88364863688262062924311237091762702971241911712075619990036544689143826773771932496054654961663799267912123900726541887e-10
3.59274202156075926581418758250188788765825859553459374536796034792735839281039984009248975081208742551083935288509397968e-12
6.51366506039917228140978729381300642715025574953002049691410487110235163366084434729221362916575132024938944038641714103e-14
1.12908462022259735123417818068090680755799937718557025393039118462406039196907278264504103969721922221687884689615591684e-15
1.87968339247663260702093521976190741816731887876362762620850516834551425881809053680455681475711917182068071211415259211e-17
3.01620543953274929260146806464847033428373178125440435081655893190436333062840695801824975784595020326420718671974721345e-19
4.67877940564270426847324125527132835668670443972317888886942738961125733053244517189844147631036486308382309081127572878e-21
7.03341910786146915876835637315310285636346065691505040287079744075613219133177657053463208096615748381853949177475601292e-23
1.02675926003814537647981327851779733440977186467667985451290778780275557856334118484510179158598138121828868229912149557e-24
1.45820651204128382119415813398018732705445923444339313462096326784863687540327603014743039991281953812137310814462216891e-26
2.01788947223292485190831289910354795124367157690089793503340251033845018742850732874423518327303924461239329768788683042e-28
2.72459428431272157413518519381787763983923793494363945773533586133547365005203394196670440701463058078457516222205229934e-30
3.59387970732003009236140462107903608091769060242878601300294575229601232760944397170373524232186658424693308050593328135e-32
4.63615141498138789964131985403274152179167880344595473577390652467045818799346346945749153916797569538563438098344017481e-34
5.85479943871099800361662910271923980591912931103033068718562092218344802885048224980447178411810710793068212344879357902e-36
7.24460180404142013954812777219801953862787176082890488272958981997290961889498915280958661886223302228249056555637139696e-38
8.79059543174205589840939571329454542999480447358017332433023388070298871696609182648956135805269946483764091887285579346e-40
1.04675872406936086858114603029544856552191658147152492314930460542762351778229149997219432465313178402691787246200138084e-41
1.22404257353179556661175166141137656442112958174335789336787093913260734001396986937568247507843327313429247861992842092e-43
1.40650816535046759515188641866477521063910349781024610143701868281420324353564469665210906064609106423733577246252765410e-45
1.58905040608502699756109889917751742939391547327522228580484373555365590672259908169257423237543729792038040552456148656e-47
1.76611359943782890883928906538658395039039247220983201280756334887803375806716656986803712223571755066473870022270341257e-49
1.93199019990163644980646771320998900288472844324745046554241180219399880876493310003768859045770871544054900902125539767e-51
2.08114278792800445898778553334177389449020772279198214113042195871359314369885945888002329734179054592653133329759870889e-53
2.20852271596883638146052746486720459015464374348383504159054563980123109458224842565298541848228765269665108387197414962e-55
2.30985919195952211071728197134773242635572212691208860174253357801904390064369329721050371175472809211438407333525899124e-57
2.38189567362087310375031295140092502135431497566892957988145191631636022689018684020921893425898019181125648378163586016e-59
2.42255587612503005837105894323794426059821162767667813480045485813708454054734301719682410421124490411553902130321592363e-61
2.43102870969945971840930210870894661954797866070690541809379170698750273057233739855753042744482102662124083116625775402e-63
2.40776917497946617372491590456858194250498912607895335121129247591343282673794899144668069989654109942824090094342041391e-65
2.35441974628180274444741202213014862926789720581051599287526968774153049224071885594652155099613396475192425629109425340e-67
2.27366326366297507984488022264188895241507126512872908464264760186443184109599800419682733704355757472753989795344093545e-69
2.16902322833665895413823121730044485391324317284764206831634288770424701454971216965044715268258384607592103717554601014e-71
2.04463030075406838804374670187057446935932630114721178183002885031303805163928575724723718148466791453679368859154718724e-73
1.90497465181850008147750347915507488062857018737849622865127690334177314783267940949794318585477979929182444247289766447e-75
1.75466277423555717284335781677964358168924063964272591578654277250422836593479331856285589563073820242938796002374461440e-77
1.59819477237365305254715979121725296059448359421190437054850113263176837515869095806130267686552751738322592063284431896e-79
1.43977448525696533446145248396763396431938070191497071979437124123791836769975628328082215567202173411959108536269119254e-81
1.28316057450717642779837681921596060032660650374716154179968402144820157113909325891339236228679723812138463828807299602e-83
1.13156242131146896391204796653139257445834105915938522157610155532014513399028991411799415079386853728787681581278705582e-85
9.87580742591351827416127054219668373506677656685884214450471645200571904621837571771307129884712107942783234817561289534e-88
8.53189565539828929472059765993775086569861572916121750071778587825388001091171311047872606497665050499373163284957012197e-90
7.29753776492220189344067289114407947706814948614805949466432993231211917107005724373983338346595060479941816941241543757e-92
6.18074948838757880260031728043215568776256731714058076610787683689461670546387648519638015585144621362900665355568293191e-94
5.18457515834576391334484486569384709577353856431801596865932968519423082808252678861176515472057125233432799629253546483e-96
4.30787470192930039422412753095871415642747381223718068696315875467962372670033722494648114065844025121919368295841009833e-98
3.54616476946992412672876227712678417270649328803658903310315447124863295288604384903175781815237585984721283476599335811e-100
2.89245392402243419818887395716233703732354996019593234601525354513361388279117352301633142742007349659785787828582859433e-102
2.33802506831136286069104456085330199655779230450310120782222320537910430170024369243638342801306890489436813613861422291e-104
1.87313210248113089397364248149004913020447753691517272201212703199995792142801708427154916726835629104289353726776310011e-106
1.48759090386793127257873647132179126004684013157539708419820359592069960251652766614118241348099674093222985926387440622e-108
1.17125618880680679565855237047031590658299231025178634287867719090013247359439964920210599230783514415368394545676752135e-110
9.14385119416732223908381005627997470368805934795530469113524162960716727139411521861775283480020745453374161530648384146e-113
7.07895448621961087278272871020326595696093293826802458164987641168528850225929247444935358743058506915895462984988364628e-115
5.43530611144785089055866124957416371926195392003562400473598586863187570804071064242741277321482997511303038561908894441e-117
4.13946711073667352966434110011634645622193842094104841269758472646765110315779334030568187487586712145500603583286324876e-119
3.12737185119283388291213221087726882389884818775127073173485083192337104211230000320445725087840649062121914758133892086e-121
2.34410440037481690896360722937617390240469493371868813854238366684776815757904200338293853903867178923548646310997097294e-123
1.74334374850128527755308177358246010022226328919627548830115447317649508464308388555854788470753673243077126078041864969e-125
1.28659766084546883383078379917119679305488676539156528320537331132889411626527027006440440224750526893235902555562981724e-127
9.42323192324393788557644771830774858961435979687856671644746531134002071182582719528864122418008241390047202013456755462e-130
6.85010042343074757131073383585316650073352465605194916474471210432502860916873415936758919889401528817989891915391333068e-132
4.94282600467572417360507857536628230437591663388863168586833075081302238694569749754552386770866263023676448068916624146e-134
3.54058740485907561472770356427457203185343722235383715621660227632378353183048696497748654789850261170166428592534737595e-136
2.51788654675333760909136563610415198457509116183031460368477402590145240937578193799634969903018201975103050258266426526e-138
1.77785380457450803820862538022019652830483496829194416801784078631523693847686899172578780321531204087613604651901462202e-140
1.24649981539824449476184546056381050388410757577561161576643287459548986714311283681090525118088647622480077120077841571e-142
8.67882581815246656087220510249501679093307094673961789781064541406800613022890967980922518060808974497699874403719414606e-145
6.00119446390527474502981526459932985580904984114099515456445643006396007247992723851976461869631882462071844870047006451e-147
4.12151539666255124672801791264930120063095353590651412122531701123722403295567032974721069294616723954464719764998643618e-149
2.81159227427499411245439512177424068127268013778262732753614003741087038949923592099141680484874712393784736926829694965e-151
1.90527131230352275579221103194977000448410423195976162215097736484824534416686668117870150928650320496373387481477264158e-153
1.28263325649833402271952235279972159825343200023150621986213214781285850549504797065028234030076754175348798433848563519e-155
8.57868469365494426138375371399790688809363829359831387643953936027943284495865500754036693671761151324250912437577427275e-158
5.70088258593764781608137123234379925293397022470330096549740102112639886828536906094220216118590894888280518746209052849e-160
3.76440734219814391175067804052604140901794639828863312930049297571342765662346462192316482102251273531737704187697549985e-162
2.47009424276538730969342593368395797603985313352001139160340847259981581393274086521217631092418697058734470580971853325e-164
1.61072520272621490490710844741643068433382044601540524579651767618974934087074059661554466670420524719492761353779202234e-166
1.04387476613397957617395236888909434464423119027686032360490895678352738130925256026416759952455959033241935405368592754e-168
6.72390779079100279956475093194167537593196768632572440359202034975973778969197178419043931753026149252074184770126292967e-171
4.30495193176376406293964703513244495357613560542674213886378159515718826038071007651344415556867540659087692407823554897e-173
2.73977127802432543270184684444785097100348339277807868543528922510596535508994441379235170244517621207253739823660189012e-175
1.73334671874696179488442838269510574914348110309627028711824762302870902227434242597626524127859831919909791527709014476e-177
1.09020172712838350650940704795171433619188658048334047207136732627898582879858598840626084034291185861279183472244968340e-179
6.81715580311879421714483201956873939846925992676934910893888401971784097865445991805484498560788186148471475825980478487e-182
4.23836786674209751993915876388150028080287586726942672856476644297787286224958072295723148207966864233828630561338290675e-184
2.62009363535063331681106416922417441505526690797362666149449404806796823749272894961013682379668577394248339046456176109e-186
1.61057481375090778134536016512217895300833350824937657279659981036286386572588950428795154299558284864251669456268059745e-188
9.84495328386337589981208135261253682901375093834739361277447632345402527269744144078167852718716535489935731796146879246e-191
5.98463100876886546799360031018550204691407809539172409440085192385067277669174384260949344858252903251564489232862352431e-193
3.61804470956741058030118267347868907159862033614033122025246502736997518327201737872433488094424858519961581166153834141e-195
2.17542826214147647559397350377999764958421498694907450713120368433680583120092165455189740521262477341049681452011217043e-197
1.30098096065262032841410948490868115387121912192501272628581578415347999229160383394081831247308404337688125682975577599e-199
7.73879089935726382996561114643459837802860943061352664677238426769972029969847892849111642994608244805755989669883326607e-202
4.57900965728667416139037494899737477214978390248002190422616300952702685183068679943705235898598421142173832973767587310e-204
2.69517017184143296093780023393695178055897558242948994492742637699725824359478753737095439593181488410553355107801099511e-206
1.57810740595093232217328468371177618219451103462776172851027245669750112136752444096710644260213462850038514314177855970e-208
9.19267398791500980836266599848466528981786704336087626161979229884210970647305114864623079490112811207653067885631171178e-211
5.32746926072268732298186784288211345156644180984743901350756850480049146320499333452611086503507663216604377219908979729e-213
3.07179598801159475490529470525558597614276675993490383718979042040397511378149492179532778894776344767944487332535919008e-215
1.76227757052191702044849536013416179777198375676799346259822330569072598452780870888605585895318187490380702111183807800e-217
1.00596919081922440130697874993178613420911707741143512731621677652673075578613439110010748112032172632016734259899579670e-219
5.71401077695389261748626885452357638868885901377654234839383842592239608139244439671791116692135511329771982756519442195e-222
3.22968918298827688227646255310071058282413545757709679882683116529974659676594871549151854922988847062303828557643627188e-224
1.81660582151626446236360149584817963573616558356409701438268330642329068154979969310880731747778875639071444856765439674e-226
1.01685186808662261409708392609807562066489543631510327057814536049390188424876582280547402594184089283513519043395754079e-228
5.66458553602098546898591098998749011226296917372301246485275975186893594404427546411395814640708778182319662439873842893e-231
3.14056813939558263437912240960507796190861721412364430604620341705040307746806508153512739885724860718678404282589518874e-233
1.73298118479057948628609923149606544577078484477726757667524907786193662265273145872816382636363865712611596843972582707e-235
9.51788991412853586259702119702022314032074575588289600618909542376320372211899071761946662813595170194726328047031705132e-238
5.20312330592761193470753759552105408708381338013272839780057362228377874160570049462164911425409063431678116158876026255e-240
2.83125727347624478922681178820640845379614557055112538897567693116085702424857080519572509631605271744212446332325872585e-242
1.53356170889970807951222833236389314433480386819162675616358608873210001640621266581912056282885650968086681750760415180e-244
8.26883980300821028382913395063313040330312596657392117753983984844557501523479214576552990706588887632233315697830407994e-247
4.43837273426406733360112159821370141142559747382248644256125632978493911198970410203646819410141524000948457926022919804e-249
2.37166358746324564480102423001285700619072534425004897507884641414251238098811181903708238607526582936288777782189457107e-251
1.26167226309770754971620245228125786239694041279337393416031464415515232664942033655186441763592077663637465232862267294e-253
6.68217744376779339265086607950532042696703554059930556798833501144767906864160197111848049372049089723550165858890524201e-256
3.52355495303989907767153318159751833355812514980889334011755820954277565874352161789608572280104160944660040711207414996e-258
1.84990364121022440661767394737922499064930573266349906603974875530139347793629721913334822701200654802249047893617320163e-260
9.67019870881324679856449185765256817541079214312952056094202873495710648852435594018417775411107719980166735609960584836e-263
5.03330154779387928663350016200515411673235480597381417667441219051183516073466070563300830344496248735805793910766133064e-265
2.60864271857840065726554240815603046410365222227051911402976111022188678249331316586639081637862262884975726686744613775e-267
1.34627260911682085663066880145643273681289040160787388626746078260207133711299565765975104847958661330950925500065041518e-269
6.91863866669709157197054536712207565932861961660441178180524836589053807867772252317711110783891270533875124225395448628e-272
3.54070562898056668598820446419351650765132744343043401688041828876605534092430033255661866373299232688721424929361423612e-274
1.80448240915332229475087893707983557251345511294480941411618005239155986438002405545953706906064821683721917414000901269e-276
9.15843152954206756506161237359805232942963956267117673176033956511193059920536706026874635264559283609554940458682451555e-279
4.62921089023837196610716268465293590478910388949865211056659514112749514413612854191926349421176917333566689610915756335e-281
2.33035387282415050696594838672361234739974915026555373142640713425599728046575872259550000738122750462904951655481536152e-283
1.16836168098863555102478758567218384362184447014607852640772002773772416903574724497619528182258919173062215980684637407e-285
5.83424381957335532768295796143667178550916318966672862412913037365320218950391595872029534633285838474937772777322878727e-288
2.90171565745163921520385990365129965390806557846074284278731801506074103562513080937197682439733466522294916545520970670e-290
1.43747122366806250873595571341944052893574493388946201382299225567914493269734407964233727700397394470973238124374500643e-292
7.09297399483702583743065526403729063902057050745145805487304770520263915621921952793637955990770767457548298228683524427e-295
3.48620730783626076348810585872411779114241494354365478543482657222760350351082856660754016312032133289037966149594413026e-297
1.70680644832803029168680152623371640266937475183841823084118680255592642575900958087201321183317863529989137705126286836e-299
8.32399901505773435409319960514135754976664155065927603974885438834682071050009449509382090188527757447637509367334706995e-302
4.04395919404385146240496541801515740228961130998814482368465451813160798553976609633608720802075913578453156964229352943e-304
1.95712559626895287398389584103333048523595526061286112463169277465030556132856240690862283906907454087070909145639510535e-306
9.43578151327717422911969876709976205522753997988307749177798579105130933944883634040290276055938441120000430478299421861e-309
4.53204522650921685958003014051714075338053353703446193056607709254456109262206797938015885120719815081642017113932965182e-311
2.16859065630169491161534809394581227189901298995427685700381258491379500454541421842292058997443101968846054870875295636e-313
1.03380256154587860480350628086989761496860304736537532222684527084013595642907891917842578674026742682886455123293040746e-315
4.91002685264113346901542964710355624621783775965183563380083769041220680446444506686601890499236536570700641667578237284e-318
2.32340982701520188569751680910400453167493380237857079105314625183872333248599415677926479717008560795416316193370627019e-320
1.09540016598442482106856237504591101914796681556028556437208772839522460500810575687811723391612793097624119363704053587e-322
5.14557639353022545525328202686127215488829133930441501375894302373407175080641871109165749657594287152633273879203499329e-325
2.40834453275208687838925967389725569547466435421927283787951725227155623600927635527059026608022643404189697557236231339e-327
1.12314431220082262488081266003534952798668027892415614130165735176631153315591824704128716469395919335496878452624177272e-329
5.21907770098675472323066839210544872343673725894893591160235530688155014324218001674939853967866772170634520530209418539e-332
2.41658462331800643169548648318105766538208269050431527898705499438851383153711881509807057215893268312231299096670518255e-334
1.11498489596504559577560454329851562045431687775484593641098941901110222455282771998756688254437843996870454681108122907e-336
5.12629126023400271526801944788335726063796319744360831260469865942069365300988094146850767493331323214975009547143480860e-339
2.34862335095739856966776640170133218411831477633610435792603494706229103764611461897541981478863321848169955973902149537e-341
1.07227865940607387304804079880498716072258436430802610672106992223489958052792189874871768341804720846018209605062617393e-343
4.87859127671909638922261831638660860719369602077037353471255687250673275514075029781112266134416838596103964093251503141e-346
2.21198353120480074278958829616435949864425045018019698417539594136592866774067424918439249580159091029872270462501299410e-348
9.99489258406657297339898178442337958338995383313491630406607707113360041020411197218516499976308993134871612283664407842e-351
4.50081513121495590537148437572007914626688200867533207759960608304844945514070267465250773996498411227826774641606958713e-353
2.01989570350299307310302939676665120674135970927073882363579287282056327485996510391685955262765002049864306556976250600e-355
9.03439925879808847230608258910639033614084884589478517180570901781170895491623482287485019016156274338664968157909591505e-358
4.02726240061905365379992088764809414161474618757539853139995510340609002221488662975306434562205847638974306248970180447e-360
1.78923981811055320077770710341042459161649729325468303053150958576052076003806710359003041236668986530610981224113246644e-362
7.92287387082287151206582826902724185795822663422327590585517573834835638882332707066579716740815762013783088133778912901e-365
3.49671301361560413327216480833724104333459743180322835676252089846305905493745336295599644587978967995298454040156755888e-367
1.53818196815407817615949797327705570119282953432768761417428162608204174126439494141690724034494677128771760419147194742e-369
6.74424376584764638284444109219821724649365505783897000891711441517119131635468949561849892855852185330745481264300195590e-372
2.94743258310922980234403983077976691459469788206861480692848806031127928133839474262890981335496797329757963150631933926e-374
1.28394601182785122960646838029469163959242693289511587890179288707162943620058125601242600953394263249396488491522060490e-376
5.57505317648142453161283095354384466898826930858959904502342126706665251845547699611583324523732728352289237958319532750e-379
2.41300192339645300554253460925851695578788807928778662732421095203463096247223692942383543242867144709170028132015230191e-381
1.04106940659326350954179269401266171143912912705190197151635530616212476909277010438922039297388051120769367817142575438e-383
4.47735933359319724124339300969184006426160472769809690839430951172786015745829837619108522857086077950584810546617317933e-386
1.91951399601868413322569482918435058261396338810050600649202349417027298098393552101849117618136752092596955050542728654e-388
8.20341021316388537886279879980155902207063094795949155362203280499631569555506690220759954983133103338602472671807006047e-391
3.49492665622759050946077651721105773690191281141103337506831902773006287764999717365385776260367939710969906910894287932e-393
1.48432432409261314345460546285128546541737334982677897241215267323634255831241190426531638014958239008504784747538598821e-395
6.28453554882629472016299342176226371142490721226829452076493659825279554984603254300848583563899268521644265350887873214e-398
2.65263619996027731050558188563670441724992638398512750183300323588362260762598189888923404617877887469222840181584686427e-400
1.11621725546506659331010658781871005193941350671755967044087181185293272626025016193095282827060258370335467027681060613e-402
4.68266032864547105015105071556404831144649599796749013243442486235559008202128008838157184980894714355217353716473808493e-405
1.95846471190101215508071037112802060365777700410418044064778805730701580287899644090344763492283114891426891200933432036e-407
8.16627951156851424868548322537227447489823736134204965644919861644975272197244744211610311933281564140007520018604491620e-410
3.39487891985844479442117174785876018347398126839969927619061946780920934374802306780123883508916786862766976084820589956e-412
1.40709040346994796307377827031817557237463306352097825751422745906884499092351569901936898108334953607171391958897860249e-414
5.81464787798977717910567202058694221030249109885872116024075786522192935977782019732726225677360577202374525305204569051e-417
2.39571158230954421285354360469465424833337747463795739033455239777550380199014553688634171517566146153854408583353952452e-419
9.84149934254277928650666084080111833925055349656902201119035901748231658050077859354839688253108858276603068200937108098e-422
4.03096937172069765713167155433142040435872313784737165917504298640682552494702492779485646887041919103441211337724539817e-424
1.64620926179228575968926164229211253612208963053883092473954068152859279075285595638031942280202553431770638493635966410e-426
6.70337718697375161924285447608200381448689102597195239069160318583777750884317886655371785138937357324940997031843880011e-429
2.72170502355287544285428617550065265011973877261514268899046973678904513422322439810081511483460233379386330727913865332e-431
1.10187641829484268497500376076788990281074886139483456561913620953981068212953263152253750180603538448870630327018513337e-433
4.44810223098606667159555576875486250613690686756036624539030457721600318239923880342016906297139673261353613073624242692e-436
1.79049131671345456479582495639519211772011472414715844629687752164163178829955462588280865665774380340591228001225884398e-438
7.18672066030669342944728981680413444612069124015808979786637098571843623737199230662043804261973987069224923028646179564e-441
2.87644348041176644682582234015681054642322450822341769597529648933602772516624934736444850600085624022947704978960231129e-443
1.14802899987891978794322089858263386414384276287686185082439016288285952722607555293931862241581766157368438379862566943e-445
4.56906309873111298598884232793907923457471213625556418883562238084362266276532627311557162293708826441599637821859190784e-448
1.81336002327893295111082986017579370006043101480781507361453437375415140252129494084873302240723669351344911704916388947e-450
7.17676551529738253175390793269402709204738505163765960565758455735238485124955189234159593256594314389571694588556662492e-453
2.83247784357349844742365787666819482143587393170854307501199920402408424356996160376244672838564308008721001600552768355e-455
1.11481419759290525974706795700507372372886059843470809939618725072365436272509718963891998856665720921783057280515863471e-457
4.37564197893733412163871688405534685075509690924670485992206293773745389906254703707347065026311275956006289670839626084e-460
1.71273218308611021679489376325983893058112107549160132836687876925258625340785022699524168821116813742817730968330352727e-462
6.68575642637818865392956702686204517220542626226123941559311327401254736050176347189867558443658194024296431102237002767e-465
2.60273550929879072939253155438643716943889359739529309821192762599050480675241622581953014802161328197979411843595360678e-467
1.01049194582765215243774007182635672512648367265006205902739487331527542077854295681092506536494574141307010644494790951e-469
3.91258605269087057054716784686370520932575393530735865958436039862300898521308959849984098753033994944138145620463418978e-472
1.51087323662811941581435970696214058735423623697546815517473401886224573942232913597367681706236161781681784645471741820e-474
5.81875463911264813284421477041674086492559349351008686532817725163544509362213356507892611554407014229477667871582788011e-477
2.23498555839515470717142358973186894328824654932833785801560782708304736734187203884959924645371370040141638915705951280e-479
8.56183368668284758529449030568408408277087340825889388774466134794815237294738864088612416437772561732954886285218711130e-482
3.27122888423065861615437965994729510253284483934820282487186064461382332673572368548580509403521509517753956556380329161e-484
1.24655603444109714306419129220129255093444248200016711044897285404714351466617673549372382075114029451588929120623584478e-486
4.73777047761722766268987258529775215727344030416924856294157476795293547075920989452715926116219727107430638850029453767e-489
1.79598266394332527454638153256677036833607441469310317334154784069130784936960444019898430410146237361345371739488860475e-491
6.79048365106629127494840816762417610123449610914730232223658354464930509014490488987122292449379644058468488738218895529e-494
2.56079148405743163388625525843812990646475846873899512045522298227157818972650427061447482686532679583899634903676288879e-496
9.63223625955691329356687415259626852422020182557251885321744955061665354318194455922849190450258046381802861125286600628e-499
3.61379788377473653224394146749031022429359808958668096145082283039016570335203997223972107822460428125434668444473307540e-501
1.35234905487102466670337265248024077270867160986237798990790698204117875684533889417088003251613958772991061368369927063e-503
5.04784841868678420790124867487596023936845973562050255752673078613808618498143555462711477937238827848833825011307589575e-506
1.87940632616205740533886452136723210537886519664635258531877465444397561899994100468987558701404763316073011104403248851e-508
6.97969138948270681785906518958757856264949375588697797679929899509698396954491896551735044314035210214633851958535102071e-511
2.58557511775761709643888632781311614358951240791014558935065625818009339379476835190369315567850473732599747977247596679e-513
9.55405449701526412202322600646023504697074150955251622657467123780983327998909222396045395883632369181981155944179039613e-516
3.52153543452817671689543856552799405074640933310447270784533168685292634067316421456256356894481221251026867774396941902e-518
1.29477513557941546167491707120830601628371670342687389336078486208107304582590522510418981329155288455837753939102210627e-520
4.74874326988226093246006761405831843822197579504530051283696955296342665045618049092049054533902184389268644082570630736e-523
1.73735738222544315146751077760598262883036895008241442906362297327410484599838764990566547040423014486238907586090021282e-525
6.34059213759854016152876366483690248855345162869043584756276740163762437919542740144971613930070955132014341200394883091e-528
2.30836600247862955440750987181342150129989598894350687247316896089905168898662537840319232774376366528252242188645806593e-530
8.38335204878512413456150751149428015003952564208134317616939709165411967014733463749343873596527980311418976739239487903e-533
3.03719640315318378700494512238710962136248732467953538706070630706286448225901244307940586748739115294257660766174117469e-535
1.09767585549952622406357623752468461358976572659112871306896576252061520313853970964478019112879100383889212979376998448e-537
3.95753990099867333057524584605270607243156400525213912853048703863009463661230663099513561957368717147680291443002672529e-540
1.42341098492734902259250771848992855861581677271466563616559074736654358213496546704487948718643181289852631977787683985e-542
5.10731893453336204863763111870129570213945143999716234520724092486387650076592218455468305183124798531983671704412950123e-545
1.82817221982193231948512666165674290783490764476674012703338889865396251758727642255426587173625777740812931969154186212e-547
6.52839568605205215637221548231586698541780541898656921557309031193278810881305830741457048348265185014593847751273343546e-550
2.32575958174587969736686135217420039651843690043617323374687068952669293698299232446234002654583870458159357746294869597e-552
8.26600901843503843515010420676744465069747895755283017847030858710960815767849343674857798181302773915506287365603223031e-555
2.93091571426515181944366262933579728935851502475197235840399279524876951664561595573620112821526138558609004917202465544e-557
1.03679011478734286900081572547724958434167961784247406397620466514866474703205557362333023899321012493434660981409965482e-559
3.65899712126199494963489636403825246765429715238452821674115133181427839817537525696522118581004568245837839681196976530e-562
1.28831066033650853894203252708720843342061795273098486137822286530965027823539965003438348473660073808445317863417444338e-564
4.52553606436858018009191886089005799000051254257135823114541741123322406043490353143352409847542308216209429499843491426e-567
1.58603919333583012396866637781840611463420988939910024907629603034176926647706045829475280365406633351297858165793779758e-569
5.54569253410581387878360306466159480151611063298163988356078816838674102849981451672323986814264115897297180467359122095e-572
1.93463550628537619531608980805169283499928024059190837359974770955821281385463406836020876592748293045205726419208059351e-574
6.73360281463946217233471984667765088349109308286678165443108782238012223214452294571887033256615228803336160255877820175e-577
2.33832174547575775160673444807893308184849804608108570682922419706210663858685828565895162276976499014988681899849667862e-579
8.10163929653426069108278897155942078207265985027577670575666865714081375210867471484372654296393262424835531875528965778e-582
2.80063690547244123133650452066167969085225787989530472307955834018411440405931786636583332568548881056257116028985914303e-584
9.65960488726467037734466285759980780956733224669551642654560637246929832637015845322979668360635822646073173421747583760e-587
3.32417536832115757229682495829194031845123207484037332997469948558692590197378853399313586928971334654966856464503910176e-589
1.14138940149058795999691649022129761148273783941621055243650907511403036490183500585651609617392882629067472454473587447e-591
3.91032089636616807256573518614048587385866658772705140211515685934288902591837181342899719325409588471568339369394186476e-594
1.33666600983134076598115366963430496559650455997907046181201157002133214543649201861102687272665111004457154584328585216e-596
4.55898976603611816418323837022790097392256553613162661688501301135916199908703593157856380911938233783742073096793714172e-599
1.55150356944320933094177987381316643974380433903569498645314466827409592866156709166962616451248519459901747338760451370e-601
5.26839839909335566698050397755116091178344372249969732607060639640657914286908743212944233936877129194753770574001391258e-604
1.78504555700115514200337214344211344241885621220783148951286631740997890437973311364738178715871994528491798853898902267e-606
6.03487167824743592436307371870884798977860960800831426543168657044655794191344071638253678744166193522020313020785210751e-609
2.03581340098337572113963931342208031902546348022123016503498282073774740078669693793163035873171604180619735800466407304e-611
6.85270793687949711430846917297484430474582564922901429892695003076931039176870944545370493301442883423852516217366979924e-614
2.30167452625155233653615649152644768861824385035633327119441070581175073062503547217765189809456765907035902992941067321e-616
7.71411526358964207384812218401331927645586184989017731209206611066407063640543878716393025728050403200324948466402993904e-619
2.57983498719658807725216005677217429966737391124732919633699193660275133792841384904721780049204468958068225570313780210e-621
8.60923122179467205593292803662690732622212124341476820940182379093199682320360388250127462654832011479455643731547285878e-624
2.86685997745384288394428388463048263330336074344531124697528805275913433476841011692752965464724339375490188005921071300e-626
9.52623441171551365413443067109088188511672236730728054988264685182833568652320637543350971627172128329140607906556837559e-629
3.15872418095802128280291557275612138908114740170574344399164056245670369281138382895626763423235973701336756320627690154e-631
1.04515516596789747750171005013443947977829068277832425766888144345741394540953616177766345226773969571748124240409816440e-633
3.45089233699476688558008176152083383802013077644992700851144635209406219893304149408437882477489123189720715604220503600e-636
1.13701592695182545207167908956568477780120540719994496828345687566537261751360875285129531822658290316332875594036693927e-638
3.73842862771732613318552495662690222778201766054291602887630973480613745957366647329873088655231179425186714831535577864e-641
1.22659710582928682423527151194720775463532015677296546570664381964630344077445711386275019118364856225490330409076517920e-643
4.01613167991946210914303588897805648667161821190758862591323092258614674151880278571104492466364193162657538541119030062e-646
1.31223002272256114507903264550790142126518042487849388203700452359093408524343320717366998531554579907718886253516594381e-648
4.27869023679053552544731457316160038397333328731145173501278574746338476772763756117097615708647897423171342560005497779e-651
1.39223769178486110645767220233959753583364751979391213073166801934910677833007865055492241073348182314371980656291076719e-653
4.52085303527451713447640826370477074440806570363332063354137356368633463013626483197402742854275009826961135094972289290e-656
1.46498989900242276673625475003325318553147278681026740523362832218963827510247204740532011948505820166791415230568554464e-658
4.73760524593844099248694203701411029907475593552540392761083196094624336347663432862220625452215354610343400373273469202e-661
1.52895904994526947897009631220955963369446639457156170605582831782729037359100283880888593397439551307940439629674491787e-663
4.92434309860483955010443288741894064494297751164405811101527223748615298139337021372304580147881918901523417212637657211e-666
1.58277408283852739554798679485302072881801575505954833888451451653836908532080302414147689335217833575511669189329862030e-668
5.07703810013081206079228706018375210968023853930871377329146540544830933546197045450671555584531074430440803615270179652e-671
1.62526976012514913848663784070093110924005115146705270297179327715939165320718351166348882342864409534574686949310817761e-673
5.19238258290528263639577641550487623634346133118732272875093648042281102995737459985227491353345472254141324177170706676e-676
1.65552884311468720929905821531903291682691258201776922552450658856325076879102450618947076100618641073971962202546194129e-678
5.26790919286912523444490456849687276078791067740521735391950260665033987769994188950042104039116186733129001615416281718e-681
1.67291500897362580324652431968924697410752870521090405891625124038432572342926779210040394454494425060013095956964646657e-683
5.30207828003296344919226873342606679400343565544243792625021868314149173808481336301358976946136367608251991608418400276e-686
1.67709486372068277729022399851098011632654731652458826638794147676892063411550429296503343209903880817493955699085911841e-688
5.29432889968369397936667117730919948158894805843577007783083941456078384002024829671392865662384200591864981765874547608e-691
1.66804800442113178873926795193251215751755842447720583088203417044349630778468765554725274820616181318127167858874908298e-693
5.24509114503844799421309957163444623506117423112737441023001863995324285005854925253774876244892299424386113996219516879e-696
1.64606474568200301511685765132978922046792730485312575998971353039005965831239895888901426416333517053524897264509502593e-698
5.15575966835128783823243034821264404891609383556631656818502822386501695747477758237428256712711261801057644430621442992e-701
1.61173180271233339882956352302027461741869539994383531749116950464804800657101927578965641362407810800655375591970122762e-703
5.02863035629802639814480062618267210482492927540960182469104063028357924479330786989589736013121397642029578012626583306e-706
1.56590686821675356084053309361768195680683642281637272984001432146805392243540249541964783128836078477202550241338807236e-708
4.86680406129216958157426572577779160247681089380089903207625838451549291653908287768302194095729496525241546507570251288e-711
1.50968358954745421298008650855976908643921544404176414929508093498720130223737982519629404698174343458814324901324578964e-713
4.67406292528998551668797235052742819179446907717519695241273628358326109504052662286729815988280895815256945552915948047e-716
1.44434890942741032010347291315889392139504433329961947924812117633359105338163121190961209032637256698500775393626652658e-718
4.45472606638539801809428641907008640264308251788591659935725348727905809771478382923796887062529851623466599192124552727e-721
1.37133505176596863544907249225148139456834104098353001680279269414725401179332665642284067581935529240974587460740656879e-723
4.21349216563744101961639782801044571448457306590296796645746199249309529278995205425630663451855750867575112145617112902e-726
1.29216859892719544412957813930722904109843140385727670773149094060611170206366568063066018894923441127727910894305690066e-728
3.95527676509599411663096360559235349333816920605172259227921250360039155917583159678597313536350667791340003747636711901e-731
1.20841911587978919855761797394452369147817329267369721487565519309193715529634439900230641280154597787869164300979171560e-733
3.68505187926984473484947426488512747313235322722304029243411054149345067587281195494142750107218568655127780804726123581e-736
1.12164963927593523400265749070127481468040501682614695250045726925651445612515584348751274958236205208462242842039707657e-738
3.40769487764359382051821098343128879450700185917211075777686924357017147591341055986964387966630035496477792073392274991e-741
1.03337108515450628604872583004475163171573533411516618016245497931600985698574328282521422978324239536567142453879378012e-743
3.12785259029992220335410679373457118216930720819095367277098885426773136555734830106529250045616153816618684895102261061e-746
9.45002264937223277775291919479410330971656340378565270216953864613299949232915534829855810700516110927147452874780804787e-749
2.84982531761517610379567555215779909738106655929442760442915305248030903258519897816976213546369794384507997476856733241e-751
8.57836767962902883178244397775432083860291646658154517745591594067002595164443574379682473031079090601306760100512798448e-754
2.57747399474036817617436883596049331869263231506398852556465459605854105721896572684277356728567221675471066871548281489e-756
7.73017504228955540157623269432762983793943573609551261837604765785268787797415172496378776179284855447213329234814663647e-759
2.31415228005996109788791578426288227523673905510620804408206373885134229497037008768902281161647791704733417720935501765e-761
6.91519236592120308225232674332327044758047788631004538647150422418900991261255268300252710128767102515695200372252899828e-764
2.06266390480757864754893621966293605361808827906104347493654299845864634384226945736874354206178771351394238953188628696e-766
6.14138997276221690106040608753010706571522464840021142025112107748216261380897945308167316765946378283413617392610424702e-769
1.82524432500299731086065620243556971479508352663577176323997428797123765061950291791559301478820490532443740670086613999e-771
5.41493903584466636582418498506635370254242953531122470196262028473771854024433793991565777735712338587742656962951661065e-774
1.60356462393647667970385961505889006665920309245202219406828624766056862094277901060948317754735631471027181801120195011e-776
4.74025579971987654069965315212252062868987117544762613085423761744568716624275275756767029604814465663794426227907209061e-779
1.39875476833851422818771063301550202357455012339523153455420002130474608597723819873875395306853338350452914049434744558e-781
4.12010168612972595219589213844750675920844954551926993144211078285951773553464525784796405836452668505220396610159528360e-784
1.21144274594593531668770326828572616255467418971734144865938045200087267087856579642741569085920816140268820961132566780e-786
3.55572771686109621290707680556158201480726619463798715791469035835284671480896206160937225365889990622150550250179953835e-789
1.04180580659887081514536711590270585579211460627656331419522511788228413023974694126105387612621557850614836734186029898e-791
3.04705112767993369036074973349283241406738768847487047550200126009335527469321161495580928809427985588364093795305989361e-794
8.89629974799921329940923245028633816972189386944474322254612013214022290521639494138471940516393728111652147577472350922e-797
2.59285223638939011010657282286045511427045848394096083965371813206438729970173211823369884958756402915078686343506106829e-799
7.54374165761982531705406098196086700995883976182851525301610158833847746942846521304962251510080238685461684959648980013e-802
2.19098044249818851708700962777618707696717166608545150239503137919928646366853215076125324906057600530711003618153990921e-804
6.35235576355485203069509306198167149427176976681884892901063817501172937411939073188123128901047013131381452283839816052e-807