0.491468846230745706866569111519008003770452655659601754341994105560164819154636111987134219491290608907569808083095390647
0.00556238737255634815430389841976007524903683371954303503223469891828556551397165258639599531744120619235081014263489678571
8.80599934970914720743844078658592562979636110217172828775534777831836821839210764653220145273195123122851549696305858854e-5
1.46005173840897399701762847322030485849677793471122076140912608805074879249337304620057211275337596857914924759430259461e-6
2.41412848408746024618659783062279258887124118989224791218099111004706269402215709962559217063043682035307786252016580002e-8
3.92168411315937684705447421765169600794419678963756507197166038782819142394357168438202632743656416486027055572766417319e-10
6.22543347975449200391306984913672189185892816452266906186195045754742631891972461924657280553113208049454424462636797437e-12
9.63918519208599512531675883701815137526907657547538449191220035895088500372098427016598825434949441599169608306358236534e-14
1.45518589758659724264109824168010995755539904748180641044975986369721971552995633205021719194722419820086699504597491066e-15
2.14254863530287346039837682124863669822782845069281855544585985938470548840590224932845166542109127286823929619177409541e-17
3.07850015667075147158254023252315348220436383899298042073839246105605419998228089186597696677414280806879302698899708961e-19
4.31982313571198745225999450008414928604782878523010700176363440807450829781895999048009730852731908148972508195019626414e-21
5.92453952507178254965042983230997683850917899975884542385004505420443577690712429162590658504013817358076654590170021645e-23
7.94786344324990010316357701313500734266568204803115165936292984530314697762919151130072933818241987363970145792595478121e-25
1.04373488302929676174910183156894315987658874989286315896091637028119082377335329330164733993342678388287809143930361117e-26
1.34275657265704928167793041289059171331100603698934372633886424966012542837413427525538848656788189154326215296070717109e-28
1.69347615585954400936509957430436492187419318931060162888844674279739823474651878318672569994933963508647687700830050411e-30
2.09520456171370122887804196829407715841484640995893503111028500737929283688757833186565059703309949477076607477805143414e-32
2.54456584472208571698640578858794808040859307829274852312508109698645654219191844346703600153561661315722837749310824523e-34
3.03528428144218251261293456960845273915901673034462189697324368306860844708239304467286304423387195824327864578752394669e-36
3.55817185378396243908852824318883205051644613224708131127600633445114905571349105502234917718603253824042306981155790261e-38
4.10133894535159307537451858392504831668971285133995015856953319559718110093179948114718692066055044434347962169238443463e-40
4.65062961684737590446124319302253361613222369363634049079846289437969486547490465257328075042961021947882999359939023090e-42
5.19025989318784400535142133789681855211119268045036848179146170533324473862967282059184977148446363806440044146344259135e-44
5.70361596717792303208062884882884130004430353384303205281010832528547959792046360137498364354514944246323504595341587758e-46
6.17415184053952058385340949533567491704969275073040475403516189299144044663011776266773399763301111971677765216215197885e-48
6.58631487192379480136600608473605471039334997211966543424254362265824268012861547587832456554145514430186991840188897330e-50
6.92642430980488306983738299360418188698756332904767223093746411683659088197499331076606407343749236777515752169202139786e-52
7.18343245089047113935200601553819008589366979727480001780238579584340430213963609736167543278366579667204481725333990158e-54
7.34950984207367983785252052093955463587696630735055280743553397921995263222645127436683552944169140449375022656135162812e-56
7.42041331434760824511582011444035937172032058714499974614653894922604533805073584487401062972685657195763473147479102024e-58
7.39561637098253602862995087152015502513890515751354681528464950293845837683785628295475059370711658178029734086959562626e-60
7.27820305422107647757839020679470653063247504423688358077765714097417451310266195189489566062618562955310709784546546569e-62
7.07454647440261940353611807047696300973174400422077817593648557474672773525741379259351097073341537308888234480352480117e-64
6.79380968283641635135955916428592399814910926516515129818666556447775198561438355135508529146342577282485493430666816263e-66
6.44731809439548120889214268307532908972697823571444182095624482689304844746606537641546101058508026946757734232666760858e-68
6.04785852714183317398909979263861283966524056225607111387189662012328604183351733559666458140509915325223715051769475429e-70
5.60896015346878079642098715682526628352996829955868372769688799788701382747137989264368373555257081553423739077091992543e-72
5.14420790328395057001480712278731400589820818273320144719747257658835824198615935902843841699176813622129158590079888844e-74
4.66663023753421289258837112560440714303121137116928863751621495871354742285432192934779397372962438489168502455506406114e-76
4.18819209372146674268527449190150594976618708523146071967266644776431610133822729478637262726300227470897591600369268450e-78
3.71941162796216292071572804181634644735715445740446888866672807536554530872355721561440599624364289319772662613752045698e-80
3.26910745959358911060725611222295200854022977285122119280152341671222807624221976233525889049912528919382174271703202845e-82
2.84427253771991419020651344459039141926581034423739471249301150638403355694049161619192710221602310229972403441343682648e-84
2.45006224520496788745441815084113432216646600332064477990703815152565211974124000140137345181665732953289098309405024715e-86
2.08987833898522714802087461484270711829154097826966749136237340088662472510544656154519997166299164608156685507648244402e-88
1.76552687663964806710719900312803008693337144483911691575386558475429589011735373378745638529163316603845231664230671975e-90
1.47742721003739126314516735393043905097234280971798248937549440116612542472249990512355576543652488627407834925769047214e-92
1.22485005663568865044337498906186236059608707787248511678285052541266701716552586444010253034950326415343729287026755548e-94
1.00616509472349191701895840065922314627276409039324675982385921470089528037262060320964966792349780635600925042712634402e-96
8.19081941550156737872918436286460971628678290767347738036029460543028637385350635239534784358272138538712613749938919374e-99
6.60872260139399778038624005073626724973962126761214300296949455279908895004000663561663317381938080016530222179407085736e-101
5.28564670232727703886909522775282923495554819518331235703477960434283361888254217988625740490673455285858027523538790770e-103
4.19107777382897521443380177893383669223428203521101821477245316036901760307440154690089250392466202096771422901935746639e-105
3.29499754744346343014280146086367911152875655386264090335663820692115601574899847237781824395892380156319537201935810883e-107
2.56885390002052914251446709335258523534163116787523227444168944890519534533071648541509633650811868682833155108135283461e-109
1.98623308842198219390845784294194942948068927261661517980195487488660408598201754527919486863956564820207741426255773040e-111
1.52327238773398054053303233807336860415163102739909433864500869500290681702814969876527003962292884110150856757716837212e-113
1.15885762600577843731737767121437939532597571273148618655617204372445374758359458069198351381442970958324099511283980939e-115
8.74651359987255062311631537803543672831822874760303153587724543183980798620793590761938373438962299444621322622008256196e-118
6.54995245488034703277830889553748546134286535329977556055796672673877965872886436931396601480586997677362786538902986078e-120
4.86725645911447929655078124784853411803078300485113425307022982505487561811266188872294590865578637560533448499374528414e-122
3.58935687163096191366657171044404686162363873496820617818941484169213215042719812607894269133147796198804877075297925184e-124
2.62710619790074532134221679399188119021256087192026343964397112431175134997430213370696325410155924082322270191112946079e-126
1.90857104003859064013598800853267444718282253733910296478367849414136239371499511121840573046289637512771486022018054621e-128
1.37641311386235691462112656583060651419764134161257419743468537478719901584665350520668460870926600471277316621146718174e-130
9.85457894931661425114202070471566057538416246651672062025085545956473132959870359713076224363812900849894276148753872840e-133
7.00509744187114572468685153223173410921493520061045575044041770031551769571764786972106222926174351407292723850469384358e-135
4.94440694610141607040218243990742034356051362316335316689714687835607397779652440833730336919532804075250737046754520834e-137
3.46556716787722875489124675643244907485560372184837179083070230226926796188746263698645937988188562875165832191065122633e-139
2.41229158438086560805319074591246037367930406306806483420370705378239718173769533138321514571826576156345669587693296372e-141
1.66768907566889930497764895817442279108274679756695240794406268294530206142683339217892821212076855406438479467930637880e-143
1.14515369782996897372284466457374074032078811146792470035959431961363165860689874366673929138714830909838583083835110763e-145
7.81103730934465705053225675504725973127892267394767436857196894275145907333793589562777462257333797381576876182054162381e-148
5.29275683554973835781692119337033092630984074674311757449554343603799120934602032860455633520037204085912035636955539332e-150
3.56299155981048468131679623639356688922163572393219261226928372188997309220466651984953368169054537590708183804862550957e-152
2.38307594673367594878802245775476115535430176013404523764595470745977256418505958395248005319982023233358511969649454774e-154
1.58372998870580036294509346425890389351403919891334523138926524412913708076188380475020081038730623140316470231050856678e-156
1.04586067270323481336193931029346133702796598307894615481171454090849268015043035653314586206529872332074471889450061684e-158
6.86348339233539917675600254233525944414422717010144965066570908918705072988751200307793546296381787425304646519364667567e-161
4.47632295519846119791967653972013904205042857238365321475280938392524837214710078125659513574038889042473617830887093508e-163
2.90156108019348083458561104444813125484106358916579910021089075513600303213843920151546201800247590589996385176618814818e-165
1.86940040409069698143833738224556713715720293120137860192618943393775498752735257537793293260945157950579422218618621274e-167
1.19718020214199611197802186866144970337141014326945871475497163682864056114372446001267018039916890728865105485134785796e-169
7.62129943881004100110609665902649022782755217071892849359248584498402699952343578915673907259857968672498647909372599402e-172
4.82320841980093889325542872753530525229577715820961657851164935401358821641372530477958028491080173421810613249585839508e-174
3.03462636926367427343425185487252968175588199774428132161600279981518790447980994812670915430396593392209962334497788382e-176
1.89828237608708303951993065313939471722427841118811133344832049998447762386317848427389512910431142806397095154340159278e-178
1.18066451459282273969668840006955645414246515633563778266702401778016686787085993570653964416883193352016602901990838747e-180
7.30172652437845764496578105500155014478038255821267215782818936756857364346822523519583953596508863834851026960790366442e-183
4.49035599790625474988693972633867317756936796053032155307165251842171459754143881320620511657270237547324503393585059021e-185
2.74608833992546610201294407618642923032034564999713314741740755307602166861676062100604157843630535976037777036480667894e-187
1.67012390428916777611258501704468136465145818736428932619797213343394795471832380230277084718092799317172978823084462923e-189
1.01019417889657709285676880749436243216031501889166714095006197790166029830261320448958473136191170660932241773362433698e-191
6.07720848904538987446824974058331609502332829899103895364863098161997835099300008398250299692076761406838954596085474197e-194
3.63636314867434581552275038271784469752133475667790726493985179978342882027790136582541033529790569259403486312904287210e-196
2.16428551216889453490064384894998092873229191213910328966752573640862919462414496512238854983396017867110876734539838544e-198
1.28134487071367063019272966682407627549482530969122146909014856468450772818002894955059738615481668628313209695855703227e-200
7.54642608950718138072819428029794413332391526678821959405261264490934186307937088339722192000960691241762649600609448986e-203
4.42139886727127939772668990580246630741227697524058608394169670501610911225875056909108086232464933204124952602749430770e-205
2.57715234913556176615629786975554830379398337796237961062487054274130513865702921854345786147510702963753622590445996131e-207
1.49451790952241461852975773248862093068595854687209649830277940783245757364585255530017644663382187021520324392133211709e-209
8.62305342345686171029594662070093101241739121378693161456974184349969894944728343284319935227066881102496263811526127873e-212
4.95037303896674538826582886384088081601084114039339923673491235005156735140456028593351189488680183187641134667856542002e-214
2.82780425659044430482160201325302914251349232907707791129151433982426434390649358840192798905651242084753107581722501424e-216
1.60735831482312378735862880342292914087997248823764016343028692926656213117232606956095077693417690108786080864841542529e-218
9.09169969234107344891603927327623210468010492143750180016152747752642967255837459095390859394610008893884302060870918524e-221
5.11756406406738089201947377743833614918966343872658339493739085940723235761909835183462773584030070916131971303854975820e-223
2.86671055307851244216045043245825212823322179056993507370506371791478053846814612495240766749675925164616814808388094818e-225
1.59817013709813388626673174065541016740258651110701557312041548848324165145012750876454124846582027017936585202958490175e-227
8.86740986444677503498033039424769994708545347195876899017233844316015035221033808908030392336043264792152292603359017808e-230
4.89689621890034674509068048368383105713084898001003695841610832915884253997229565032786124841405023771611796733485409207e-232
2.69160207920025969457325347879492193147265207609984943867695573383752996310066938974190300786642115154658764320845303445e-234
1.47259016798028838567207484316596564899424399647780666201633671280154846960269680714856153353024819494567797861582609511e-236
8.01953219708638624808400792823278078585773464921382334981623444568108961735312398184630971454914516770826809777739195658e-239
4.34737447398600250324080958666437011084248972592199174287027965140132080991314174730906457220625583555685633197560579752e-241
2.34601344455433581075915905948677399204036082954611455526663797613763917596265862698457872272437761279393125585607949222e-243
1.26029932632671186667728942854968233446858814509420395323610548445395268826133989397699583603133467197683006161559157734e-245
6.74016905329372492205034691913391869843073524062809416034516793080926681813712261601283206474006738935602608937920464688e-248
3.58868762795016605456833729757575885969873826923557202185521756035906335044695005509111798404578434539904995925739597287e-250
1.90231313610603922223623664435877829162681985738109490717942141650727348897142182186980130459529466482926581124733519531e-252
1.00397600810754222842781088136356394745350162003163219858594906601240432119416683846652475142062530065557909751229876504e-254
5.27561313259941402262947522131321448397975978857106636078427490368950967309996741696274403438893370667357698953571361452e-257
2.76022148521884265740684403186595889265965896785436214632465994636098002873014924806962958820546652294889548847727589147e-259
1.43796801922821861850768075791032414143371067475217026590568121643633917857138530760301892548470170593910648511611146522e-261
7.45935988555504406921908742091202343510868484556070597206325245845074538722871393133723271963950838194869308748899088893e-264
3.85312843897227803662358031204056673344694447286087589670047829448908663605008628222050726653583378808189014501371607278e-266
1.98197138539123247533712905430061904362922267742810095957773531670585458752379231171330742554097905385120574805972396640e-268
1.01523234949362805085597016815729715081375452239433474553253401571697699673734259882019198602382281565926193688017591148e-270
5.17880697296930140149115692068024885152460117737117743063562045712589722991945028015430798843354739898445279943184695643e-273
2.63088629686682060445935238697760319818771561975312823534378243379073071841048272418841339031780407676839345812210041556e-275
1.33104954044361630223660038720390409568815129548326706248718083498070825618552582781528006984892529255635405942350822068e-277
6.70683613709777743881527442613171735400810996005307955871704568888805492595685209156273356387989128827884204001938961797e-280
3.36576585214446130480960892996273311855215660372310558310309893433013808414176404971385784518488356117366556836172511827e-282
1.68230243516242489810586929086701631029861726140628765717540173385223165991812858620474178892164238129744922990275237083e-284
8.37508664064710357179811459215358017662804191804703897796197539850047317366447896039949119283456324307558288987305665446e-287
4.15289117204417614901349544879023027195515478576112314499139848942018441248027292112253524082337019371173591577783795271e-289
2.05115557428220776427461246466028935535353455626056557696025113016849089729727124460343988322669970687210875938592028545e-291
1.00912304474246081577127150586503379802749163352840606907476603720754212270111002186958050255156237199947197979562679902e-293
4.94535692648227399748370501285268110233149124916645430946517270630045767594841198151343941472583167849970327258017087019e-296
2.41417942566390517341912889790541621751569819306260414821673514241631424156656622391751726951443040215591969384685315499e-298
1.17400538401995571412564810280340377349924704240327488407270244973383912077098090892013024608078361198505570556619495081e-300
5.68734274421451522514420194209861584994345990357502491046943969008050676614551835052925703361306405745673813162991088781e-303
2.74471643630932366363057373834357051168870321728384800500877409996472813566596888508171492333802912457549025899867299549e-305
1.31960577670243383740203455363863776371720383538855897977567512982347230752387816863773434718242854768659137697983102101e-307
6.32061487700412369491943273633773502590966682521742818166400955107256673832392758698041122620192297924409012758582336474e-310
3.01614681946416636491657207591168344210960913212400957601441076017103092116219507740385897896207031008410786315126357281e-312
1.43394723186977946458668502183520178817192810814624968867434690796248829973432123291401670819780178800704090334241637171e-314
6.79220527412212199565349548454577831690829703947485088067832294458986236977382472298613614826621412036376679169827150748e-317
3.20549173478333913438918618119427463498537106635188003150341045827549482173006173379048432237688790864406615434106907934e-319
1.50727994072845473727842977462948923797324465058736734383923472831435448545331493701877316306546254489920559010762935093e-321
7.06183621523525817576614976146968040167422137624404483024441248443768332074360033792787732017831370779322877118544053486e-324
3.29666472926689686098657779033213503980671858502483840871908594814678327941169496067149495863854530181138054633878783941e-326
1.53346614696674845097732166374434785374019749322478761710769195644715395183374481885767898267693049435105534024188332733e-328
7.10762688645730430996689546222519149016801867109703337943168640309780781283724903373980621383317729217175763663300377184e-331
3.28272658910899438111067717090396847904447492475799170620238157967376549357730554185038004132643323813051811236084557633e-333
1.51082099716755752963159747486972401127915740306000846418993384786144774461191560710520557106728527208461846532617689019e-335
6.92895858929118808083743102460104105299049034183798106779455129739552654892511541939176286444727960658740867783895342060e-338
3.16670731033625375373568482874259367065365449568527318521524778896872533809481817048055028017491937575807352245923059061e-340
1.44225198009198583367129847523607458759430594007362811336082101662798656365333876335620099182151934574268018279532878953e-342
6.54599675472407855702646470661651518069510446988335405822597104662727605987242115921832752501678253046785562384556277793e-345
2.96087395958206293206049325137024095502379316292808642590361487318487489820653459172875026181714998481878866645887414631e-347
1.33469344824964471204926083661200579791318077755364324017058687213032371330549223339211231228752410616274900630235709812e-349
5.99609495685586617921374745868464107760154427841181747173331874889856062861284629148089955684671560990789023053021879405e-352
2.68465600035611668801902450504855671763153044281791877422986460534288405677253250280803442171035443033113322440558058654e-354
1.19798030204836635742532200377736871607349497905770125632786441071207190659118068050173025287104633865438792945006045990e-356
5.32793886681952492294205486797762903407268752152548864933304009168998143688547025453872101860294062846649718205054201316e-359
2.36170073541867402180906085268774284330850372700031799791881100341702638910766694721661802341719657228668021251119353523e-361
1.04340771381798984159138420289069318713654097755172854269083986718905594860757261279535359427044372107574976412612141559e-363
4.59466823940511575943778286678779709399002719492161847912114097809416866463513720046949900095340747787972971325734662878e-366
2.01665924837183027751172108284238694851107837804925613552609849819174828190299763254334252815296614918961514872584577879e-368
8.82259552469311651319307145363638578856365009938642867117310874145178379643118834911705068658439110888799675216099140686e-371
3.84727169184047523466094714561819550855232085056822662740897504245331491221189364349700120991188825090344739328511722685e-373
1.67228027940621802698542987348024997806870147974611015647892028601843289316819109311950320565062678190811166588133392553e-375
7.24556091895122091720269858273461881522511955964458718624406550835220016435732166765604519001315691053356185776221152097e-378
3.12931026725460615249738672518136822521765109452405888961243998319612376688075742372446335252155811311526473151848154915e-380
1.34724249017665448102890600511548484258609008286490735395439356201776817124975085377452525718100085333091625145130916736e-382
5.78189560054380337314544199262886252304984383546320027157647993757850260100732872976496070089183345745276950046737779971e-385
2.47359601581082289673595714024196704880689031057176860496791514077488619640904460985164508441210103332776700738957668580e-387
1.05494060621367136098539833843641784040181161419706193666898243951547692344630109779562234158019634325001987304815731865e-389
4.48512493307924824808349702542847719193826787861569365786305996204967798021500785068270514967986952171259337142926829921e-392
1.90096842193837057502279913918395083522825154183122656204194900606725382815862876473527555888419426679588944581073841474e-394
8.03221899486505923041861656713992720456785469767497217536955451035712663358612316746671697609930233458987100145724743046e-397
3.38347407635054504238653683656528204177935229653536283991658249485957571880440724102708787514019236977379350089118540123e-399
1.42089887671048623636521010561689698749855798196726002837262239672711266687499185820682503908874248943325434958354120034e-401
5.94898346799866343706882980653966227238605497571848082355984875682753630003640891535622155121326762917843090882602144526e-404
2.48317789642686109083849690390406713390780760257178714334200547127109408194460122656907901359957880337706112302838179308e-406
1.03339066219701238013779353153664014838377893697514351545960090527823519005051313571321002965306057539063105684845234506e-408
4.28764624609289932605651108530293868381735566960234374683805130863833753557489322699501974320068947655739148586541049412e-411
1.77368749108171114160078080493995259014172753470663468983103139004763252644991120386222921328629575008786132141829999037e-413
7.31551615248144584923847023447490324482587646563306561508118671908563244987626845332232973473737696679856972419013301331e-416
3.00835075863099150076563288829977765166901556768863941169069432308011784630749568637872783803061648543342243141628229617e-418
1.23348381242377749667100641474457143195539767804265483601530282013210916856685032273179123001023977626053295989863225254e-420
5.04273010688251329184864335226755148695493618996945062764983552419810925499836989749410340559556224230741165456571795377e-423
2.05556412911307741735628099942760315024560413121429597096967573445950916858003081947160986203376425407724743134749771207e-425
8.35478089790892607010078453148868206093576482435055037437043517213470786258262216915110234502172862797112939313323228467e-428
3.38597283917039968317267057648875337970202974917178106246191267819665405809465619915740136146230868929308590077465617978e-430
1.36830159748614245683662757638792474044718440902176951499294823974622784465949569113950634844951861024969605968827833692e-432
5.51360556604823527430246676603863619214637592612421706563500275983820723159801762784737902692437781131951171116463448697e-435
2.21539176554009585054579696530128032557054768147470876480080667417268258790963677186449634122644899738431402604077074925e-437
8.87629646820295934171607305016357551430955069702564439898898659082548112609606418265484628767784939203318490326707189686e-440
3.54637672089507029721654152768821063556329723645241293696362568538905999006324521570462977033324211633526937916861985559e-442
1.41291189142552283803238155711736947060634065888878368996664010758947608741595545626996591528702626509815295074276149242e-444
5.61342245804782635430102304478588033121138937758759011019495495056782272006754694772592497425145092333218499442481772595e-447
2.22396553699448613091520878518019646472108506895499344481423207562960231183290058476987201469101470026070704201490665461e-449
8.78660801253206883258865750484620654892724938702432769908009920328304100058042306100232435392810726222467409456078157220e-452
3.46188370951352855723098551250349930670427760100170636495433789266669203488791733498294660074290620057890005140498212306e-454
1.36021270355904998720059149884078964930134984518707760403272303273598644672057623511982208116914372835802019264564913026e-456
5.32978102400037806287011923229111843238510742737472895576169990191347406092291250401319652073837285939070698480397724787e-459
2.08269229118997975566394282845441723437705560968828407043493348755334408420278080333926829534852494508396410610269659206e-461
8.11631750924500464645142078086113055585705015858789708128927471174130700172352680298374257878951896363729120443061935535e-464
3.15439482040817154315603060671015495174697273246263198525309379975481018134092729472635515438591001630736218542783139431e-466
1.22264693582987003915168740475831245355867931558696620693050026888889920407946380119806570275419692248692656355712657518e-468
4.72627416460506644785316152719464012559698393070106428893163635209039471408970432082190185023295035305320503779972351744e-471
1.82210917448019302382376424203208877745244594062017560594997736962057013749340415362901917970503489805263082398796765994e-473
7.00603459586477004808944481785800570718826135086828059585423298636892289521448607871607130953110976835731046651200818359e-476
2.68668827708285565903347265090432472591696213230305968192437597269788808965877252343441556697214632576033063500338972479e-478
1.02757631349486605139759770253025490004928424035397398779254425749926902019481425123282915868256663204969732661895957568e-480
3.91983091025981982199400727581278413143061407996767848419376914001014731976543510788661022389297436648110637147004768380e-483
1.49135704108717400353343611259912238089824213279188665829344294800545513389808241994069954869973862870808871842567312845e-485
5.65928462983214158277239268719324517060582499803570435933729728587818901468302217067111373753813540926709516717192220080e-488
2.14196112581493222499328062972285480616422575991351949288022957557851461835217669155903462738256963186437547562411131258e-490
8.08604700362832999176686965163910693360348601063061215295401073231000362635596455499907745614632726506839096961823133549e-493
3.04466854633794953936796562786554522732401456106942400281889472875305189364409555276844672265407502057843732273981497251e-495
1.14347659157201165026736326145093851645285472444625898534005462173021426480704571234429877346546477782106756164727984001e-497
4.28353594265984531248852422144315639905947302950488718435625181212256381246479650494260911471328098214248077845818121773e-500
1.60055195514907348607350905218604198644934275878913688960382309974130104240731119520330546783880791455161376114246945042e-502
5.96531897256563094616150186461985286097514295136541120001145491235597650144909231802275603589899699435711477220446444049e-505
2.21767741851971672694414090423438119703467693529814362009763829713921852294514066601605940128240683587363323612810173848e-507
8.22371644516448420961288326300289506761634080524913913679022171733292947593749086785858184794005420005504281942844706698e-510
3.04191543873708852182064994331949376244882057145173829972693399111629604365289075976796204870247920906677050361223766171e-512
1.12237911518413242959286747551256235066966606935355135197435145722988995888479750995131575158618792630266447391598882935e-514
4.13094666113233056749667363662503550743123859061268447541059620787002229773855865549606865147346238036300234819179341221e-517
1.51663570629159338783097379402723017889996537105394422973113536836517953041932171940130892162905533637708233991259474106e-519
5.55442004518940475054782391431428655457273358427715016372859998264064122092240035130508676727806148446080626280197969467e-522
2.02920517231726986795777352099224427468289355998606004293693043081541962910155526016654653932608175716012828430547362580e-524
7.39515041618682289190664616837631795907703158164315416492321962245979566016028433128496905150116454559592575529836463550e-527
2.68847408499508808640607798896020860713534222950233380190230156891394211612079686031473343910834933432904909735147277478e-529
9.75004093292788480773968793311201780025283658119647336850174662853188570476407015639411546764629017287169702331957990696e-532
3.52738355004316690555501677839320131323780181433351265376879134423122499723805325107512768944796202035816295709138813166e-534
1.27305885885809458020294107474870750938179808641455817504845110957272490712430626409482321403868555466478638296754694355e-536
4.58350483384401385568654989727784390660717223756701825674041523295736831591978263900600716915181293448650445494451372883e-539
1.64628168713542162665509361534793995160681567488852237918303553663690131052905745663641203918513168778054697743337589350e-541
5.89890831263701811244461437532005640571211604325829835497935022432008853010409018695247689306334063525215294650482974002e-544
2.10864739246649923751367768506083765528781021614883526319282241340765201507933626525269678998555294362537477625616881663e-546
7.51977496123525423817396198011705089682415311834358297598563719849997264082426909758839136211982168792179696760563525407e-549
2.67533397775323739724361349733428772614014845972767767927290935786133638976955312520202940528933057241426839395746734784e-551
9.49570330223403966227829745135594189408056717556796419342416349295898468809670902714269669555200880556664222601083207472e-554
3.36245049729754396727000001429540200379643026819098307951572454321600575208821583753678772417161410857883800594019028221e-556
1.18786730442184652963425573100605129773772176515233034809722475334290450297102332726782628872528245215763805126788520643e-558
4.18665170609341418006549248885783440180819098743977211935620398058119716954750044748953126174460047303229062972921344312e-561
1.47216399897751677141631444767884251803032979459285502502281733388930892866496962677386131224762051945067738277430758610e-563
5.16463417896511598196049122033505152324029769119907419257119286823367074864833674866589856021740428346872141064256525161e-566
1.80767552596140211910821565456028023597997876632196597872183717080194687419138342667534914933115830538452334023764189022e-568
6.31251519370142573907674685785811959978442208610277922967825534966673604038960298984080680331111103299851777112031368136e-571
2.19932250603413781517275629116014347993582034223573585840304285965125112260873502079269030971347323461884952853293373457e-573
7.64510364964655888026458684582035086406952741898124400109286407130308537397966420300557112905096265439579457442099180455e-576
2.65148541955093195470736366072716785490027750261382823964619479378792145856798345525417997177528292012731792619204418544e-578
9.17508125828246411648342886574172880402813517329031572270960683880524508962047436586634534842907053548922961712087528036e-581
3.16773458144515374521280271522397149364171945973301510564358305386131290896944117120931036738249842610431016577128348808e-583
1.09121216487122801702058880180719334695139494582310977274110779868400997195114560673224783252240188996443375105221268837e-585
3.75054595410051780635302877770118480077439269132888520438923707644317873334716744440225474092669121450564659595268492398e-588
1.28619841873044259258521044114245344924576493275367945906985529386299239880096050124823593817273202807151789039562392196e-590
4.40101577561762825239957219496274390757372617211606523282572382642282722428683927273463158802318056224661996542422186954e-593
1.50256274236746931785432793549900410413801969659862430552040592023471606239368544631058888399052675825925330843722717611e-595
5.11858928241246978576105380197988081769164961913630290225860266229787109417353606237781318293493906894991247290643040325e-598
1.73983933103997072936791550746955034885192902812370884329074450678802623054219200981154223931385719708901742475224181407e-600
5.90082038341862687119098767590958378033052691528896083369497895940871851073307441711249298721029039853519915596735587929e-603
1.99693169017705918135345452600879933558446937794027083876323111781201988017947416867222002096666970127912681766933196110e-605
6.74317976075433504858124107666149146058945648958759134190416413466584839919655399611055344777711806441144236082877419423e-608
2.27206164359096033727886487921808054818187001483711666361152168570753356280245613682993595383630280660493989448731041686e-610
7.63892834160911182496809024312046925797948036597488315865802497063595839076175117400373553431923158782200284847465275885e-613
2.56274150637649198584311400739321818258528194872247144248543406533079882272308437416405526776973458473856104547706781902e-615
8.57907129687609050223333142048466025595738723513277634194820689172082868650547168620785408567655199052233090381744705164e-618
2.86577378001818875947755992444014119662833485657730591893526501436595681890516145674308810712453014548761562070529561005e-620
9.55240465800786751342950687983841846477569041171286611160000141963130321754274024016172400874841138984603309083678789023e-623
3.17728156549438681033776875793784551965295206398594641785046604470601128402277075736818292520935502820469862122148011822e-625
1.05456623973860895373610910180030036099642943211066848372575687759165459655599358591969879357633028605429226778513502425e-627
3.49277138253459561932395015216713497710322503328480490509579545297181419298739393321983761624918239054942399580455470942e-630
1.15437665930807392510272884094493851479419665864954642262565735753942052220718580806321919219110174489142677609996270243e-632
3.80722831096980453236904159183299729476185779933877401506837104352735476065486181498727752785615223486771427865020579260e-635
1.25301774031433094271864721379765785061416919817428616196846407746302714632437602028597040761875222797705866269125893936e-637
4.11524144456084345543666127978107393403579215740755456717611369964232979662460363554931268880168729597720186446804589912e-640
1.34873333980081397607744399809796066777947242606221228424354578250896504034895051708560626256663086382226583954981556527e-642
4.41115570217511278976307440908137913535946510605470909593106374093964483163818399954618560581645221628856176906149039869e-645
1.43971667868070721343734917982000364751020994537758431984756762388499220495030408433385489347359811944092270720449393349e-647
4.68924422060636295617413841321541467688215279861145180520677401923856622034949177740923479029809412335083900989708685524e-650
1.52416726862993126326113209235575206158543406683325485912316066442357527730400892138845936403247957047697595103424555890e-652
4.94389400164614755244311814790648344154801006473349188920007183531886925884731908465958989317643086913500308611485287203e-655
1.60035072578088500979426272924854074321252967238388575275437137749885659101949535710237669422009356446043859694279649807e-657
5.16979633311465853866386882113174074075277633660233315259686068243538152711149065652795108889263218959542219396353033725e-660
1.66665866515968591723530801718837190275228010639255969597286598788083467342923539610245856102661745559197442428170266960e-662
5.36213285290553267824583160406338942197316833478731440493270399006874111615975344299519617471207779504931875542813558259e-665
1.72166575220709416133911583287281958091978009313432453113486777477673423238168585482626684123052050556360911224939935099e-667
5.51674804341230351331928233507601178814353135795016142206628502269409260447546378795751975210406349832360436937912528893e-670
1.76418105548680721125875864504991928039595590316718714849379016013045136516585252051543995935210975432623931559929002662e-672
5.63029945386522897594407893550613502996191570331796552840185506658326526777971969335043704997140916955438691233793782545e-675
1.79329109767074408000884183028979616520990227761771254870443867309192259207218250510512353823378940571230788966248030169e-677
5.70037802610963780569940377919219211479960298645448600149757622456294441167658640183443890571568881387098400812364480925e-680
1.80839242516905250644558670814169574377719530022481105427000890659113608352282296961357224324153035262206659923171180531e-682
5.72559247568118659337853254307122317186587845712247365624496934093847728612191022613371578966382966284231872285293611608e-685