-1.81548107973766410368569477044132934018084075678289408286187891943130414467662430236211552586445550361661464577693021159e-30
1.24381411818727176461875009723705159367469856254606249731277959542404681882788785928214935884120819860461659525197991224e-28
3.18076647435615236637367393556061207838551037583972916828400578937946096563854220077676353767209726185420075399599394803e-26
7.61305024349699781089947624732569163875362458639476349563091433505000649676338355950740518768227516108301813739844218288e-25
-3.14873986188448037755768740067288305648548547242218608193554296364859853907862535195813446237965843192506206484072799367e-24
-3.15016712674221496564625965109003891003704503880190735955495329437294288105328189921495176864324476194503580371122736504e-22
-3.97193664146645178192957355230066485698014765871783202250110200729961365412582561652166180267418675177255717985197105926e-21
-5.01087746166389997200809596712365321484048017477752434137848826885198726760439988828119307684339778047815723149843500028e-21
3.40280344897020050189446672826440212830044627904522237997850577688049118177783385485744506869907482022746857102478814190e-19
3.39189394322268269974949181041186074106566518879470828802559833208460928463635671374247211491807861345018102672823492029e-18
6.00533581334611032046444311419189036223911606073685283803518704745258852442077041466877827738684201960050698859287669888e-18
-1.28864341901959815226496771398819754985360642397902290890623837077784220732235509559217264381099413792124198330141248829e-16
-1.12486476600469275799274170687217900722929049389510328870472538002935638854950839399882000483225631490634635922467527509e-15
-2.38573761946065635199190980092049231297811760302557811441175285851002769002111522121721941487020409296031358272088144409e-15
2.11124103219481020378895102051250589737458119607011823567313457826456584985163099426881593653435740048311513660563354229e-14
1.81925826781449630225950133121369188575975247477004747568143941850495903634897622908616986848074244817810818440167127330e-13
4.50124690981895560042274189504893052147455493727619462467092787306568681013425502505691328611207177204327292152258302234e-13
-1.60485424328412381468109421554959855152627459335269045327639103594662302241470994520112732304042636012665485361606748178e-12
-1.61168288274282105285527688903244587050609632989869767460341368340209106243463307349780160546651383610372069133640342446e-11
-4.60341866165766918165547107571379391389773233909371930502355452017419791957665301755916230989273951428941803977173404383e-11
4.58600482462139619441362066751466517192249633905664964736487452981121659630173897475733051087917724108589887140071807799e-11
8.29834851384541658665288420565095138805179196946724651917785992507606179140426606925006935896998699309172146139740347151e-10
2.76070587157307967743189067909921107954927055273039687212683909343252941819887804353995798126057068971998837717168675225e-9
1.11831309800751272179177342862858691008177073602710212328953468513712435751864618050280444393663822832187743161352583295e-9
-2.51638799614900475128631401289597295452542745920180175522299977128240620134099497423954836473236678127243353422196180852e-8
-1.02374069239289350353531867251697199069184523972798349994255061021238442228572801428817819960375973154913421864405075028e-7
-1.31975335264297882030660299029835378567604093152485447855643404372032399591485419474360437159970799030123659599643397876e-7
4.12075927558177090382245047052051104965358601101453526451017642571643143826659278082508570913292277330350232210440266448e-7
2.40620231815714111195468353547674187234984571001735321910972987789341912474986104752646319817749264430442521821217209879e-6
4.76514445261608187853828662817108755728793981485229453872071143161453359906764736607512112716624546070921064342603124948e-6
-1.48353275520725055472502171011288742888008865903218805534209603003875319276567238286743461315804642506991036231824046887e-6
-3.52352336417248666322993809296263312391332287588172884135838472271419303454708442050060957562723595164971714977030155217e-5
-9.68788816455052010695264944423822263000493987182055640397611491747677321518858726414660823098017276215547685837453838140e-5
-8.36555072069990284325473509200676962794096012850273155833438090145668012936496288246966682049952710816337146973844065182e-5
0.000280783804784890772960112241128531559282702511249296905122478395671221366492456104356973413648743466519038117074715174651
0.00121517192767007413273735061784682233110883531128832853126843377004416982258683962680401776731513356169673960511011183004
0.00199687259579914689356339682713721222491106258327963885775937719847164350237436056335311489649040223673400526418749870519
-0.000153965947153610000824038976139913929293516446741262700482514954517987039567398935706712824542930725605794885780599127359
-0.00907219585897462870858043163782425669615308770119415261673753889502534734954979941884443463955886425207885288203603712782
-0.0229854545687557634438908021068727721063158736569547868961783635146861256552551088109320576603747808354317334383764861452
-0.0231327175880537133248861777842068580648552611011303236030298401316241797056074129995210316975689710190809295797558505374
0.0280082858939932839920879452686705735276488905990837735623000835889758709942979110245329549227349824903347981266362400967
0.152092334755959123048333627034263224501929800471256132329458162400449952647346460550952580552577766816174411821597151544
0.274340812595139330670668981925722780855940408927237690176284161011280369556971625804536178678016170087319147424025497060
0.159300587775361612515910718718198084609012902852772341756289117246596544065263465203836970495152866062256053894797013061
-0.484803146769040536683998387905414043385031138102750728594059920313465652203419831827302972674651683003363158071230889515
-1.60727341759529361398425695013251012666667793441148382990470151715435250144819091247940927109704922810676934502235679555
-2.28631313985409239828102122846068703871435103289338425323546177318147888890600747631033683130412853643241078007305236620
-0.711926731026393010085171495995171550115405265095137767468405883685357422574532401189352193303483005048711586258170404159
4.51242577094719252537548416356113630597640302744352197901460583825729089511509691794363429793204122101072992878209351264
11.7720719788752949810048989671942337072055836461750275925440147090182566949534585999073008360821623366548579499455546458
14.4511451936136877889618119775714227113910734842366984503239206316781967489959612912150481300006693007681700495825030770
2.98587721107279065095809665962389456263083108164813123159054886712822281503569622440434630672688879001243244804319270653
-26.9048554019578802213924184402235152037800670918629446342851271018020202689503302835966190176510479300078897153147648347
-63.1110549278838828108293037141389044568699305940404178784244724306381652680431082443982766730541205471726988732364403079
-73.2691700616213714918324561060163860321109181749434531350357494966159369000124128074463229888913933124140306633685981901
-19.5183557946574441447719089991053141973001108580773830206298396986393121131523233706370710767203851270435643703606184214
107.345722599654903877317552518180008323656583116628729716653399990546695953230564733779897411520112917976303118946846473
253.624207201081501621128677105786432546694188938994126294156161336903619174060297536136927385941808335400257546151092375
302.654091807944564357729185298765644575985493229806093395402159651384819809143063398914289800697042112884433638978842177
133.923286389061903977017555640694645710520654850217478650464115008233751330913611979952944297403254975267191724936027236
-273.484768513412933897281015737203194319724020955281001092076580283029500843823160452535669760565254032484747300839551302
-757.864797976999000713013251379862351870285696369288632628213243501676360200233502546778990981085386488206959676726220781
-995.711899237434722861088210411147667441781977731250018927214819350332053901133816311400889263082773979097062021636445399
-664.565933111618838464519213418463782067767806631345971920751459370817329470947223772609051187621656897474948449564765939
313.056166520233948527846553194283052906781804047598523022145651408436026999890848175367596146012316923213304573036446668
1597.15480102818863258032274145891204347679025925507306858607658138322909358925003173891075462361903929536585222531877589
2487.53963803630829559260003445927881955808745701995246282474943182506243361298523714765593304361908399849115480391550580
2254.96986750600133261639931603126657140912714397899572151066954069270724419818723079583300408787558761628655789862952678
606.477850189264281529518869093396672594269124190807708743979751951308260757932964552487110965578147393341615338911278048
-1989.59969976511524123102092191408471657293457398854353621967816902759616499678357487832675311831256030940388263443794250
-4369.26857661423186966844667492231276662430762822000997173291335799828465244492266846274325613353361005739621373879188723
-5179.51387938670841895961493044243537248412922437162992396936315342855804530607251440264502997167269397058959725440020409
-3604.82193595366422936851497728065862963542995519040110692052406592490256558088767733281833161972699352873435311976321149
80.6548989150422190300538788050076903527127868094127742022128950154518707228377236287313803287517259279536981849751437023
4479.74538568890584252952295270029872980557672996182411427964556695876307030503231365333110839948688161256606141179295657
7638.22015819776788987922242103884413094477154202179541716931053376743061911653741721897799358426297474730463967262647139
7957.90703029045175570778213689891270599640360526960865602466927776768911485218650792032628120731261097313689150664393576
4998.23182798713637096262185790060131420447644662775537069190352411461447440400196709807991841579560464798723755726717654
-249.712314734216912102369869473143171675848673471414815392140209440688148921143897898088263544371765073817956218241785601
-5763.41580978234673140267426856930766472328418267084937478347611919950256827246817136902447100043612943809447308102084108
-9367.40209650841825662523593175875711217550987008856068844063361655919423771960758856673612470257630857891973212829638964
-9663.95193688126149478582585306775732307479881608040699917449573794837125570084715255499898250555626681045975928899086001
-6587.08694808638814041020025600849823954518020749310720404754055623494380651790693802836885202687978048101660902923505013
-1357.86486247509068008035469326246055348834141428879589120573477332750271384823945712290838767971866658550750441153100241
4087.80188638899454082292240345820478603728492841506241110091088300441944634712832468923312048590002582628437708086914769
7901.12817061159502993382236901590478135589073788333308776535953491181224618638006130540559783027236069961311338191687656
8993.32571583038535555497203923628087209338374678370799231249660218858681676255463682015627392607007756370901880971543409
7327.52846052079001559677839493534867914553250816893806349903951811540977633103447402070630608674954784040419223280841525
3776.14850705346193178542700613843761582819112669641870769771819743854024338679910515019921629428726492532299727844587921
-325.462279842202169892275012445067369191527260744847552924431829491442742853400954882898388085208218596044030472933635304
-3704.54094020620445609849841877540002639207173788207448813567994149114942472932338869850960000491277248687044294379502261
-5548.26626373106130376142510508368762685799077669947349931377425753107222124615205173663283852261187851027842927481621048
-5660.61966169859178468812129547600967713305786556345665384944486265343984732757294906099068410971266016052331922810293055
-4381.61381801314091194894467650141626732026488238931905579517422945249961842363959375743750621631576863598296193902150955
-2356.07933346348805413270266292546026512363583099276970957095904304328726976004233845992772053769556239838724059750798441
-268.374761104062576751278027568148282077395550978005396679750258866760004554728932289067776342741114608840051974840339384
1361.83646157629436242042189050478570114271108935351098268083423829367756683191402077841988967727464824234909616506420845
2276.16785749524369696002536411776180341152169851669232391460811632591420776922418955799524093795716214096474466992725441
2469.49737928050721917795380321965556143767470706798154803744407351872266824355918801407089694894818486289477542610283282
2112.97501805785805840289967199963236205293758539323769441510409112211133010516399203235931070302597992157095452474044542
1453.49019864358126239088128752668236937456455130962415584150591000807528037041999391137935878356801440043027514498258314
726.654328674240066255960783935284724291657817426230132396051418692076343110455613906169085140339533624914663893188758024
103.127735608369063592012670370134739283094248114543726512089644773345386753040635414482250565522576038537888581375869644
-328.975312601257547169160637637840868757456894409003074223163554720089484927146036217175999096352254927454273626238611239
-554.331782972607561873917658174947794395129422501191398908181524409080072483473687062481155453855617259712223146333518736
-606.408501116420053866143003741189445099731491723659763294543534271958704875410779957834284364994108572460129931467512483
-541.074775151127440791992200381530303197174700922507144118672247234431306535656915264637395014959730369598329660672087982
-415.515139609851883839891985941898982840736398771800634966430517059818469067016006734837279830751101568384139340851342575
-275.511659938377085578067120962805289396650433493913505048269326147677236305958533307708012355281756981892587423247555936
-150.663933497150162328974528118530958017759087864344961739171116380938649982511660326434847324178438531324612476512861076
-55.2599944180954279272488448347459624655138213433665952416739046575662545662935089188532136171152993784356720632611491728
7.90169198860887301268491564332614363246462563595787444836537811105512375269894380052920897078571897519136064530892733450
42.9500042455615534917425777913620309092273176532001202789009866078089213283511320907395436441906360247455472591029541082
57.0116203533894528203931603228879672736637217234538861945986072564141980617617554143915860687300337844572643901940528621
57.4922892892267236129461551304686157594410889608231167674408713089605080923166894100710406209580364663770418619167016186
50.5870889206455987995089126715920328704733754853514599233485560950576974012899766116055482610248713295255677036378667274
40.7454702218548195737890876407418877746409857469210024352049255049016366257066752102906030185595782146976388026817336171
30.7353499303804597081126672256051335250352891180060149500177078850530133374259425207155862908745033645184474552487372807
21.9947335663412345785283162052222844525666216879822919202786009521160755599883829069099202611205056255844821435782388571
15.0542462049258890048871964873199263008508059605483937346579390503989205207787023678283948132667783576247477657961601847
9.90999690019355334537858625217692261457086730571426644903565682861484377933036504619945733050029758732682553122647441112
6.29951630252952357655235287965764909826136083128403030871351835478599016749483606968650003412012348364676725120015678284
3.87862807743565692104101366555203885397535109030440474878372518323841019560338222835768903154435705622870848369627054855
2.31855432363008910397427721891212564663774148755956714227505836816456626826215429826581592802072158871456537638634402743
1.34819926239814831808597961665123224863376786150857908681230706512487002133128602353358267992470675229677447780915230248
0.763785804942033072897382220713030866204045887223989649412292584191759084817766772604196010155208034962750676800119284270
0.422127059140735774084029559067147173574670340168087761091037768703444932325272451527279298809921262384845998525216225585
0.227854845056816397108574680762604976011169059063297163587436188903924720329732942440300125954524584025549938479356080669
0.120237597946274919600775588905093983578123754117270453628611241023165810177288278065046360358918901389072351801851867071
0.0620812102788665176440048744810814915738406000711477240475690468392293750098505220332119547824764662243862143613994035727
0.0313867390204323983500980057299777265521821264797022158300032487300586519613097226342494412567020941511098745540630728579
0.0155486098895471021035763593539199927534676785093278566807146293609233558276062036830793370166680940258674990210673329619
0.00755197066144890929532599804539910210669725254182400040141473206061106668668510511536900249572416829759152341758821695204
0.00359825372839743465182435698131448317479079424368306480004962188692624010033066844176158086303071774438307346190611238080
0.00168269156840562927260235551540420781850118091688863775597970492851387359339433148836164070291132989167985262670132183248
0.000772678832797826205248195769003149363162747154595108061238785699272585126902766486714996269905442077132672760745980815346
0.000348546112697250171314486064141166356051982166831392842584118073848760567336250193855238383975285323318935552753358532843
0.000154511075892760118362307380925674830142497603738934484369327573274168468143872165418968246570731007292955109847991731607
6.73374468843430010059713179089948268744878056449974297446389779019247182428203869056307480031434933504880348439347009080e-5
2.88602659782248174714277314981674791290321267036468192840324432558711383730872246888764477280082693420458212036470757811e-5
1.21683116257177554792222922407159938191844309920869388449992251550307670648605433061895884096504144160557203793996588411e-5
5.04868113226243240250438428135864740016351751890366655963184606805365283695169821224774121211262768351725923166100174086e-6
2.06189721468844046820332331776841428767832566933912698815514561178265996954064983278268254481736548145326438891315609068e-6
8.29114686754487598195159910097102230784405530414974538145447113277465465284700149452073263064386050405123308001009752723e-7
3.28345972964542304072754630494267987763134059457215129607669763785290621227054249824795019134312514558564596180640445871e-7
1.28092492922562102048245237840848865812861213654023075089729160271274019909070325254883318358296286005184797018773779120e-7
4.92369224457446653576669397240906671434867146997675405985982232887147930832129883555803511780544346992908838037224115544e-8
1.86521569096275987704721294681045703560097383733689886054590173036823872274045461600046487861601508614759959949671758300e-8
6.96513601200750776796414961470631231202095809013888265752610578765510559242685244716970620294176306577477489163761361001e-9
2.56436618421052950456610855133819322012521792231333159667747850906825201961587527744508353133611149805916327683895968105e-9
9.31031282566153882419651470010193042680354798091428268803316989715981651856015445214028100058656904436723209550046345371e-10
3.33397881578874880284363054151698550973942057377359233924577617085315104371825056975663278142312034204568297153967052930e-10
1.17775010271933988978710930590729992678182565456547224865366210320333662882504389928622456120503378031881466066931605873e-10
4.10496766249795578012224055556377849501642201175312994122826486747448249635227767350235001846219714098950644684511090878e-11
1.41190157348308285478257477932394902928621572857640012748701551060682631222764867495719017601156655523046024306551421107e-11
4.79298960178218552906470912719258831965351634873646231439964869015023887464557386218295024125435122761809869240178846587e-12
1.60613799800778791723750629795865432549741248159818715977114122611224082917702758785358588085665859816924636646936761517e-12
5.31371470802277615700584538866360009171696775048976939367557016006761837531492073392307003495728357437571123839352601695e-13
1.73586213805842469395020620816921139877381356827694703241862849377079465798275002305529060940862957815301587296318907485e-13
5.60008340542522490186262443792564658932823456503946631108768994973733109346879423687818493902987374064770643803978950496e-14
1.78441070722255640612348836850855449137733299077841819261194590057181735842943215850315696264202426432709700077254969070e-14
5.61659679431733635624790891225586473495232204197920539699203074884027582511761076301670390685209131176336737916716820496e-15
1.74656664197491687687340850685147132604740491348828254548199126251808000040553622729449660800156684989624588784407487728e-15
5.36641648974096685382417782104533877779041071190487303641341494963404799489157805820361151074269920034505236123565744531e-16
1.62938313047805450884696023764962685464937976960766342577166593012731142722012391023094497735673073073609808133473360603e-16
4.88936650028805515343586387990466927060117362302442879508336071503779361727505284647869450073759864889205769586404657136e-17
1.45018053659342833394086041973370385471925725402751160974245399396204618068878895316359261740706028508400893627766736831e-17
4.25186961774884656999443816205932560000496904052451962393213530642044464888103975245573012449761727894979736520536744207e-18
1.23246120078045972517713943864343407745927151901969824771583013075240515914742598622834564195330453468464884878338537756e-18
3.53222144943935832878792253715948656777186293609676695168666058926275869107619178608746172113619083491280507434939896160e-19
1.00103376499226401467580265060533359039378915937344269498699215329190325709747452686742469229540299168124075675504060796e-19
2.80555887646820899120266073701486043166138261403575812846533219292225961099965722351087257596433282523366301267211936146e-20
7.77683005242527918544699063322416477031504584651972536195131018923992737374685990374896983589108289675023717847887008344e-21
2.13225979459980673714778824414846254999584934602348493023191032697663034694557066127988162368054727368007200439084583905e-21
5.78325987460379388886063134704358949390705163122777675003622775710606573872380821500160031130404978567878686930787302307e-22
1.55181616931420692832227435416431598618742178506860516493666843143945110962889568750319585871641856561236051887721648252e-22
4.11985417455592036798388053272312969909642099578292846832566422672801623222386546270631016505487788176009759644373838263e-23
1.08227001315043814391876284613206345802683997750024850176687327650440088790805470737248455258597137188393336644644170559e-23
2.81344884330867867641264084840691316980748579801993801909547995902090824809998916398453926652004812238952491057161539641e-24
7.23816826459112823834064787404905810125778367311134504580510289184088410890722495773241568357301756334072955805679577036e-25
1.84306427477889891379962336225227376795848527500013833587561750758212105996900347283063545120109553985315741264178255063e-25
4.64525573415333723630008145623282090121524171772382126119060072881993629567322941815689287537492262554804656311077659659e-26
1.15896578692028384432382800487260990502419866620072774173986501552995002210104335265415700446050295888095570839024794488e-26
2.86257767333153834033018557802634164600291748871505777046246225960878549298357361002436592572406060189536659342169733210e-27
7.00007697399776511942235949540317798483350263379850092034816292199325233032256083560228242768352699629368123938767487845e-28
1.69488329654427329554979846250580144073080665996396392755737368884233350667192873430938704100949970674415413775688619820e-28
4.06349948728306091218863301791772307502384660199765497690015454798358235300488105302555432579031395819871551239683528248e-29
9.64751456524779104923701684686913808562813436516082178879344032754163797880350081763708241826539576156255942241944025827e-30
2.26838276162464866452955448091499838936403076968845820610748463195343610211222909736825335549986254779183097475762840941e-30
5.28242318053910129750199323025088148125846624133603109998014190779170320634663687605043775256029505081806530850358598121e-31
1.21841648708660796974785636168141372654359529611952658305446144059851908788267928107759054698534318578832872542692057389e-31
2.78376985696381649477910782832729641585558656395747710298413124415735145372534524937041140357206888465421595222324869122e-32
6.30049449928461838552335395529506351037614922186918049481434453946146294761612727250737161923231110443966907598589455489e-33
1.41269359972584831150024423577788637935776799469922554060148627505325816799008861883335146179804735923966818663507879165e-33
3.13820397824185764383070974075889286023686793308135461023708043927578424027430501582782298667106040398680029871916827926e-34