0.497120690295913260325323016767354497294297334762799272487419893392978263025957272661486636303868979570742202036768795564
1.76028425038992827918771032531503283686998174461511277413116442666034709377128770820836364848655033393576880946388481784e-7
-8.81360021392596588635734359068403140828911336322563607760368067863453973366552607221562272077298995759295317187421381124e-8
-2.94411675759036088559197936528470204778075814520558726525341024153630925889739705590728701276035995212839314483781614160e-14
7.39101989714211670441111164698331857742443189864611823053268263279597802750165814408242863267125313230368409670612602486e-15
2.35581199327918719339104663710763036770922865601691410555832172532793917749645959967141719415500528989761036660560222023e-21
-3.95382674759310997680381186220932777518308407322797461653855847339403608143082830442627172021114835671493200514918440238e-22
-1.21224058271545820233301237668521872628016803537525876555987346952096954848775808517363694632367808542186815074959938279e-28
1.53022845273899807572952832059133234393898340233781265357717485995161960413397737913896967514987025744104739598199880914e-29
4.54029017711496225038218011587808869547076510852989733373724499687841189956622555753401168453803458252443112929873365806e-36
-4.59812347276043255018946869999268951634065795528795538798998640456940571135380776454787862833864742612563651643646977759e-37
-1.32651398960688707452125098813445734673039760750540170953459549545652202840366171499465641885544900455208123212734995533e-43
1.12273617582555978873871584208539581202453924043660572073413788121591480853882220862128167414247096608528231918482935405e-44
3.16129159141449546556842017513704587742657568657649117140109745126089842970790078930853701250995136345083151063780973150e-51
-2.30008786992770283550259204210030967762528220055228578274040494910830819717164518589949389371973709384639806241088617427e-52
-6.34093189574689912621506248254310352859149176372929264558117405655475005894408214472132812592532711158467038921262150193e-59
4.04867209900058562586127026788155075698077382775653076811072995029018206709598326168630755137293845201995597208907842103e-60
1.09571104886478208954344332307079873767881569523863429293320143292215606719589590173929491976792430304003479377508072165e-66
-6.23714130669692606295233138818195918113256470582043629514677121102766754184085889947290597292523631323228875824699569485e-68
-1.66085994948541068913526806578194147253632183281536435908389447708114173717400418459494397613668764529855928150461769190e-74
8.53411946270827256600003519142819141669637653270604429347336016595244318880964710450970387240591308464321577557037848614e-76
2.24042646813423392858284830095472246983129093351145496147954835971245399063454250834562110443643472077468241601775486393e-82
-1.04970828205598427093843387997891358176869557297098956951274691246196417800294088436288429931916969891866637631734843197e-83
-2.72158955900342577735726067388769326996736204464097784014143553447957999040652776982936768462093680326808264965131148577e-90
1.17243376031159954069347122889973875916117702806291002091823665307377903571885678343452808564971933114764930656795715882e-91
3.00675401135313344023876996806813218345054656700146133607622203298491923060461800410937746267862711183042841910977503519e-98
-1.19930421485675492966432998279331918806085782926213015186168009002262540754953067774385330466886725075248691601477543193e-99
-3.04648295921413075881363940171114351486738490184721878377321351764427780069559402914506671250696715056106239168763360554e-106
1.13184025636941300272659076277238177608649350109994800598335829941968946626596310772124667580118532332940073590583537263e-107
2.85141631819542234589657164926155965243945506619418328878394339154740199494602821699411599732367436109661234668748022848e-114
-9.91825528777143995170129200834075079205942861692848090851893020255406532699626407597502670023147522422326185948589640603e-116
-2.48092833242446078845958243136358852714633277174892624523171495679987170122956078656205434075687455218023031661948147130e-122
8.11565712577334839183098732977711078924092426838448209283433928288403813400337526576633155967323000210124210078840398575e-124
2.01772357713586749650967439919467899265356418720336636562202365558680061110544608632122924797028144808405585123411018381e-130
-6.23186397551971974520741801023250974740372580881693081816837847529002025337378787250783603524154313579874213049274875023e-132
-1.54146864858187572563464624716587686577017619832898274993794149977874857642664968650789190507074588198522628133264216465e-138
4.51082069987896449615291267522771601138471804240325478080677684604979962708105333374382003536570622843524958885625416256e-140
1.11106552966040456513614361831514028298055281946300559915588157073313969836678097711016587381284438154369809103289376678e-146
-3.09015433051154940849799536020382325492414032173167453782350746265981881528860449187026187200440901405924367607083004705e-148
-7.58565667513962966063093928930267568129957183783618459145554091354021506882066587734076999175829568259100206962534963445e-155
2.01080868832447122919599133620778608868290109853297057424479358354372411002080085573878893536033292802766941562029705873e-156
4.92323343817110301204388742245697098727623869812009357861529387690314613476453600251423790665016314398723712913702280404e-163
-1.24699610656119287472789882929298822040911256617112516735464739099368829668727324454707366175062312093416374193520117319e-164
-3.04739142774783900021602632102301660044251145927257216968864401742965747193562318499080100935973194781587173959805757502e-171
7.39229068818608217666199094807321406420287930168567629319538484920480029011801090360567406630772058490132807984688023351e-173
1.80436292145054551632948967555828883205968249091505244166686670546353896896854034830531704795904451728662389714927234265e-179
-4.20070660535926789332677262177931864019152538968207631391207182947432665792306262873534323583369914799875173193547312518e-181
-1.02478002900991767599860101390001788453419903478830736503032215629493970057974723547792127034140100254959423830549806354e-187
2.29409826638536832657295211728263909214884453159500301559020343804503976097963045354007275308166407379048519203604551149e-189
5.59694127968044248716624046490108795438500539368909775988645757298144078613716299257978138353167624724299928888622977776e-196
-1.20693353769436730064497226673741548650766713033147009143873796347023128645563340321538690437238935001285903206035214716e-197
-2.94649891557624714720014411548806209022111024361787009823922383500738148651242092846513508113559158832897790249519064795e-204
6.13055024095032889481101675924664044645353606288070523410760283829400583089866430366802078765842022152412555179176494051e-206
1.49847141868571539080827109071900803517543006191742559463165519179372778887384662422810397026476036364404067769022700923e-212
-3.01272314906121995134151830987259789495934977628878164946013990868998562141418118442963916187091766528625255572253717975e-214
-7.37675695757932684779894591755979034732840542635466215562755648075344130226871025363181195525047752478452936473693478333e-221
1.43517310370354949238384764781952410329593879585163621046266519164317491532220768822087295464044993055522565416693963949e-222
3.52199923153824936929774829119243615798260750342787099506523609352997443854619371722041673935635071480942191201358720365e-229
-6.63934056240740819430038633722531885546698055062290923783451767354672342258128333477295367791773244607301914025448987889e-231
-1.63380919097601819191950784671193784774937009601956356368647977026528249529332464005446160042154284706232969953349023106e-237
2.98789516765492865994545896113362506512230402982051655306072626353154345379066830084783372533543870621636409674802833093e-239
7.37628845767768421642354732690181098223369842999924702478651324438398232969781796644483947729210561415614085436472680494e-246
-1.31017114415557896389504750899577715143007215561929538812147459860070252399019593211208407297168065472649282455387487341e-247
-3.24634142012645144037178504381053234036456523363247229979025448045489073748589255086530772776011613176070222395545394755e-254
5.60631890928983545808603127726849771128032546362065803564675101108404322068549208757986207321201827033641737470685855622e-256
1.39485307298343897707311687754358103025101251029992940741716361621882606172163928690751906044096187818031935982996102974e-262
-2.34447328188081416628603443628239505010206926817018957943101072643610300548272745958363431154148739322749659843549068026e-264
-5.85956405445695511822066768836075762738139780634979729239887317241911988115909820619387523811897208386361642261705081584e-271
9.59466906122795768155055481361552432523302922444765953236657413968216522322198284777955840165286964725907959774003505079e-273
2.40989833229638057275836050272671456877676376542994275790153114861500420994792880257405313024808208134053218727806980530e-279
-3.84771629766729107340389254913261227376702821355838487074673795426756166560117992475091579707921721780392464441888167530e-281
-9.71616293631942121985177800680498322281406156315439038399819224275741834882846096143704437997601862715596030674762254764e-288
1.51394314961431655202162643331946988901750486478971828404831410854077273353883675561669332611144264278163340243007793499e-289
3.84497979088079015821390275762880257364027964800543708832314122585412861029765646802077014598608949072339199702815626649e-296
-5.85155026224010804432605248228537039115308513074490779907403181747013193274390584598637893166914413730713885028296738122e-298
-1.49524961103018400018326996851416175634878095475383195553186951171953898380078961880271932022558922909147327097049391667e-304
2.22426586684055954829311239032302990638115513892796282541998107463189788633502341242904277382049725541896487969016021482e-306
5.72070279730017652336031314982453870948233929132830464997223061101972033932844356569456361951807525717035565471433721146e-313
-8.32408110081449048531469258282085262366284948651463531461678321016043461018958196653844351522922586513494876951229304097e-315
-2.15564412832496851844583021982796843970586043006673163276359998960563526947295259816682904384958769436278657868202591102e-321
3.07029943006394758484438954773723512811839865114820713707023097273929729697359867766087343090373069835943105579876347655e-323
8.00856106278300889801380410860667838872050081627651852883096206139812519693533499847152107485127594903813510091388779350e-330
-1.11728484637696856636565349938312671446570431156034054901483976236333333380807354596864022510276853149307254352150933230e-331
-2.93645022132804173305187553291194329528319131173307024070495666259036947616927599457829927176757666249184883215525177673e-338
4.01526310420496468987308879241912023419814720972301413757272671389795862805101524413962282153914757874297403823855917906e-340
1.06367024119470414461748827194166268999782382000116407187584629399454116693390768924664607666408848152169910825741218121e-346
-1.42641088784797151226403946421451354463313048171859663675731256702010098181228386079710079563239271091870853990814689326e-348
-3.80994541072534865488357336594778391338088215362338980443781093228180055123124054233024929668452548260098348116040190087e-355
5.01367242905194942117900381233433907173404904985070660189627487496920422298473842045391560931358187914532754424426505042e-357
1.35069030412532351848796783656951177291557284164940930978641737848626730612769586635439692146336854014949514505432984837e-363
-1.74516136027578665778369711627456496535663227809594965307233925147148569362897214129544463592748158071486101523586854396e-365
-4.74355261297139232558588842689100708708513445915310345711911483892740487772103393268213505555812598629959032353074147221e-372
6.02087505928350015041606382197257082286195150595455235393505001402805200537090709292576110450228494258676329496120984610e-374
1.65172146023605684164842232906310367638427516432103928968111861600904520728379704523197700155178345339544004062775245073e-380
-2.06059842729757979212917417275952511933082358685334696038528168977435462507347320692575946733704276664047867759275473356e-382
-5.70714265834863981031865182478813446585873725492716011616896968784063287693038857321183726469520198724345214230863715206e-389
7.00151772468611998663586619384986609914685689288879788351833673543863775663445424818895529154975238955851814301440628271e-391
1.95840878244312364503887411293757933492157132884925197307125869165817772054112960725365653142777592513458017127722964335e-397
-2.36375357138330267387560861497248315910774215798758944365909708376459582912246195866258080592163961700558510015667658320e-399
-6.67936911844534955364861952532129490474443599721965859922089805654629015720099059770134555599401928914013253338470328752e-406
7.93525479636440641210620482607406981735658538981174748100187384543207952932569900559432985726820652847004416756750105465e-408
2.26595531186254065167324580019179280270784988604032590118629185780116626137139399025774986567517357965591715071407587914e-414
-2.65092678408695601113470570264841503067121065962703306166686415184653318026036922517880478159660175851882684356968370590e-416
-7.65208019458726434679951770106210659611891501435298831972564420286154321186742307465137938701159200439988851019357816096e-423
8.81931496274941957625893489969688188592789122057824971056951081970915402129486304017872498786019113544629481765393566768e-425
2.57419326748976257147753637682127988965402972473733359024119987075217569214732897359371072724371360380579199817860224728e-431
-2.92406772490729326126468405731067523570683691972160436202592807168455765673455243712115279518446385838987865833256986142e-433
-8.63278010092938558396298875756500977350462983112221633417161237475374517793166859947261801838319921167234400516788161702e-440
9.66861463518699321224259919499597761756760016493338378234110960384478833050116679232732333576500056537962439191630145356e-442
2.88812675031463979445242113501362340855762834425317679611520825142288668522665544423673074153860127993459227535260815612e-448
-3.19056930804184601136200951481017032889071681736350392292002289827221869399757383420308077748552708426321269508101657400e-450
-9.64584315906323133573684503701594915838637718853515988280336888835745129237594473710920292662039164853981456863030737611e-457
1.05146926629703162057375284913808795618494544985508068971468352970207283440584715365896360272282471493048706654293417753e-458
3.21824768557246568612830046473352056222192736969105161728686716191050080744591607148715858276482513986047035324272086464e-465
-3.46291408191977223910144017848069997865897214297405569185070966585409859479264092015594719413376399481075714618926005652e-467
-1.07336151487593268865848916361283561013102722465800409608369675937811650072447564842264895162854937445282580412707203703e-473
1.14048910324398641051098602210967771532237437711394714526194378821671073032381294889116861099031406393022775536409669373e-475
3.58102387380852592284981429426380173684766150538803844615809327560719385346564700910046320644272593747001357808210618637e-482
-3.75861692428120742879719901335248382908022970222139795405390254201518031027113315215135110856066725629396370809946358624e-484
-1.19587605121077030129881924156385504461964196880844133171562173217630370443339569796280397018556341701706815765761259081e-490
1.24031414888262191659999629858076833536837940710602177511479566482536696404755793001498493269354938083078267206517216954e-492
4.00001928362385890826318058601022621503232295616621786414318215493587096906560801140572814409023626374289933145353766178e-499
-4.10088478374451899567130051194251070530047840438544223450181856755969756114258148985718355436507680211613084922007037640e-501
-1.34094384367121445007464244538322927468310616910590479561133817604578579204551955731092831223603148913826017455465425205e-507
1.35937047580640497128374346761445512894525342092248680324105427395198227101922048413983761432916171431434556024143651018e-509
4.50820893279738931608915807223372995681508843757308129561536361607831937516509405379662693811634009523973354466900230699e-516
-4.52044903573418033551555798279818114969227397059991445372424658516207547569262176296300732331392665928471672561174866822e-518
-1.52093895428527174252757115441888872974596217310764868580214806348465226064332790896246027688174275306384555608918030980e-524
1.50895082670316958626704202823369595478230551361967187228894290114091054669243493720181774559610600454607936433109062405e-526
5.15229230367457504725083284708658969000237661950960469568365378037026136483730451239640827308893659142476513764658443152e-533
-5.05920320457280442734592102654922216278169167181737641358667256001619538328078608260860632935085634120787989623816286890e-535
-1.75361554617189738302350571067992453939229881074803484097276646216214305352258058774709040319057735091303383622821654687e-541
1.70476364400588735634897508001563872914092300853563454164153068042948381910584250033089094716959145561600909470999978527e-543
6.00033502158371533304232930474160123743961755727868067174251602093291027634599529478140051754512145391691849741557842339e-550
-5.77671189770553736053528398861237628162418209945385847445008816257746663830264394601538633350309326070929300492078444383e-552
-2.06530373500153450361843045779156653611514614950975326364308328266856715792365849675877263268465281264027884942401939538e-558
1.96965156005076684960415015429371284170829181448690800222467194238695724948473698033734864738704140992192211204403783645e-560
7.15513906726200789282129786886520915826017933320919676379763236059667642368810082627399792949225321179125431008183153497e-567
-6.76155191662268825222996838255279683588488827342113445577575716053628818394537518120834918288311418622064937704979186266e-569
-2.49651898515870287565670924331110998941636019944130217821127816982275726045458443664768834540682249227399271080000964830e-575
2.33833347293727588723681173696011930931933635358951498835384028526460709824566424614293372814739794787507163781103950693e-577
8.77788709084018749665198682506376925717195603283209848199880633370229098250734681330435663051292967241716840523079438888e-584
-8.15123200786552617236046352052041573039909758562021899162472168651484152852025949831125407179440652858824142815363248122e-586
-3.11198915129351034178908945861401441595631123834730197762875416630658555622931229193332756227667799573593448628522543138e-592
2.86582438160247998928222033776873126823382056030381175785609551119535663911783143430928755513472431081439587625722858376e-594
1.11309682511338997499610911302275484807678368366401239549283171038677789306297826620860066461034840945540848258544784582e-600
-1.01680449930581850673498600727277760004610808251352616604285724280253260634272324954127132262831117249365533437417365111e-602
-4.01909061115522036724191976375091566291923722854120253284073477629143305104947760487655497193204330557776766840093913692e-609
3.64282630444475294041157921941685352541516596099386780028920851033727083013251610315308309015954271027011801531044910740e-611
1.46580234646407710293928944026090084491546667263329452532251982952974777809461424914569005411903952445930720768086729558e-617
-1.31857193477386101315581009084888036839778424686126166254729539545116527997376663169335141097838123274146403513968704347e-619
-5.40291757499773459562006933730757877208964097458116173042541479688952134680597215305912910430506450488500590358435360099e-626
4.82485951817841733993757018854702889969693857691082644185293286464393805505042510464027903150997751376268583653827269301e-628
2.01390559025373114783902652354232544729258727719821743057143019097920302586660369547608065450999989601208563919108462897e-634
-1.78579742155055216575623771321286029627484896079327425278307308141399716432243074065310137352395753111058450113649658967e-636
-7.59557029975241710499334975194873922466307637905504641031281079537977883009902791872541127531110177362596231312054659574e-643
6.68956430761800994019760111647971140062795342687482026200072584282448736308525732023629637708813983940914430267543138567e-645
2.90031526018567085642586601194692003295599310752363465381119822071963650580399853934406878124335801510836214878060776100e-651
-2.53766031169194149088140020257575610709810205145001665757590252964547986802436512842199492883181175109591168662348957409e-653
-1.12188185499351205745113396662665357643308752169923162689250640597569603261780842342173574193810626660800904620752916810e-659
9.75420029910308165203399452227116414764221186859319504432421911042869315001170498398419325634398841667283984672385565539e-662
4.39866015227913346693893425471971835946320393594934197859880261711851635923626319765500728028587310541647196712632227864e-668
-3.80124357834666374892777718694238675701883198494367019708341275788752547151105366724925981420660400549734921492947032619e-670
-1.74912253553491145391002990879490550789810457895689928516631961089252701441098074722713594016978367143851121327529605363e-676
1.50276089669275998413377533521463231965883493778114219952188247371288875401429201378494397041967014771228815068264590327e-678
7.05834461444069513332358082584425642376249614210667986196810273124822590370873266261666925885406057833082382599282407900e-685
-6.03031092783927767262687121909343918966829036711521546269292659628826832723703751166507485351510008335352076642598121715e-687
-2.89218321200293648326095558286620230709290901950604914094523303891105545521439055894129343900801250016065730580821800488e-693
2.45771763354493816440504684914486277181604440748306184351313526021102565113286421102248378596401184425547362045567705395e-695
1.20405974159412990722095719655034265652237826761326459973026927281763728035799848781503189983498165658932323022265588586e-701
-1.01794681143753622751914980342682721718974044602721863560729100613449784432678124776079373577903041119304669737037371991e-703
-5.09600882932405149668697950481425760884018131474586163421475234864008178279813058648878763395090294087024440224361599301e-710
4.28725271817990795108744426157826064545607091413568022357110333332963974966850913135919730975727510996743500078436064735e-712
2.19398997925452673724791988143200090873023840125952800515118395740940588189006005988668564792092417254128224280917737284e-718
-1.83719797160581607667795641944371659990025855764630352527458699088156082588548172371274836264064818707023486971970092943e-720
-9.61448176885286364268055543612360361260966917212322955712309740128994847895438282242765635698760155860410896688279164956e-727
8.01529980290412301065724067899260694010020536374085435339113987473945299898287135632273201843676522570203202758703498172e-729
4.29111876878746464405453427350180773867798017004128936385326344171924795157545304697893943999289876828928153199644708284e-735
-3.56235233184084082703957326313580727868459110727244612399358598133394827589009505772397203038953953024418262255219628294e-737
-1.95181045143552326972908034611330934935604238934991983485345127178658198715833494222499681481841303024456059670282551519e-743
1.61389795408020752982516427614405413554296553150885440321089900143906736548035788439653286483640579601734856642450532735e-745
9.05313128106884272262373279874651848005545147215055105666528628810100918786214506821837532336413054686044599641370393103e-752
-7.45776773670042728449923711725894397850109844448184945706846394491571207166373206233147203684441095035031965204231697399e-754
-4.28477959903623463255049026170786764017770076276342225869115561651259264418518650944190837917407618677380700773543110588e-760
3.51730125317173860399939159577007215006851352064084674231257608055600533855067484932750248497437910126266821512397239298e-762
2.07063741475017429998116142085256244933405420479582779320652974672307756714484675163454517712387368365983869368251845796e-768
-1.69416470218811573444062653340422488233196962071381380984953589775572506604169433414469980474252038652654442789025813604e-770
-1.02236539189513487242945210143196919421750121550307068947143808903654503691250363104693470754186607108658945860794445035e-776
8.33926429801670917708001129037021897509482253626754324428019270867231027594234869420570153695660273959545464671883538126e-779
5.16082063499624152306723305649515595800385691131026300225335003497553582925244990448022592365355033604822709987387449749e-785
-4.19768732472038111340708013823554718420676233167978854775589202699244579204184046396906051287485060098359521625905270835e-787
-2.66519874623481264826204326926495502137025881012663603884857678581713058385514679775862603525325217017111789106612689062e-793
2.16217368354496931518805022972664743391074370986748166877151323639868749805470258757745858120996820616521672513935596596e-795
1.40906222797642083466890707637187685604128066518624637466912827559292854946437818746284946822167865105826330661829828667e-801
-1.14041010489725273777764359637373818700254872337883364638867895559052788910406513715312694570568605699120471996691774691e-803
-7.63160892718568918633960846048005977970929252841829527996370471157113109496324150980980570857851229958253533828410675299e-810
6.16336011510669086642635122049941212524390775378162229885697470493795888606583835695622924963340026510546830028043086743e-812
4.23728193145988223366630184371367675023616223812647311308132905349558175430410852806006593390422420361087546265762121645e-818
-3.41554860858612235140074661080397439608563218097802470383487628997973160948701907746904774274886614472395115683868374411e-820
-2.41350651508015694942303379683760606982822515973076531436658908872913791122970896006435528229364548608493538491581631245e-826
1.94220440168246593599507541617981007284075271466893032792993299272972137982831710730443778066436540487647922407582656962e-828
1.41126584464433144747488970651484673018776653971407378288208623557001360260770830022982908394264745657187101760897927884e-834
-1.13404673684813278544984536449382698543952735411087775346693901897545048785551830754584166681346676387243727822628372079e-836
-8.47779505190530130617839192728450537636542033481370884197643494035192787941926680571392526678712673187037821009872104041e-843
6.80430443931087840347258025117014141349176659491326479170733014844125180876475286816473379040888556490819515864390245723e-845
5.23589093041664134071519952218008394581925437797211552500865678393228123385001755621400542177452665664550250866186226763e-851
-4.19830475527288243526006037356627371492457067521865920480376090722077376239786739564350993476226110653292158217510952194e-853
-3.32703524272664149397935613496061969331919562713054397468799250711304444684133568113929246911792114783050795354670265283e-859
2.66580304780240871826874062993117517184823550443087275721660627438541536375552057712251216761384768811228368410374056768e-861
2.17678155960110333944666152694957212768057695470540146046153940076982246369522408270370014817708220389607646488251230084e-867
-1.74332568159905420020626046696330870735038645660094906493706616041621040289840480966446744494543300699255751298384228384e-869
-1.46757641072900875893120786521789104215139895840344691091170113935519487892310717239990924483412677592368168999228078666e-875
1.17507133355014138625798022918237173984672189195223375878570432848090499123740162394519707241943107161114158692574848297e-877
1.02037406551989573392963240260971016366876731188766069262808247517845923589781563962908914384489650012193175113628971124e-883
-8.17016336986256189227738274926463150796732268356664578385364071044428417105602732564801800304615929431508867968531496980e-886
-7.32221128549312631165368288042967951182631739464068257733757467600364450646433056409613018716136662486770627489316583717e-892
5.86449569110000317852415712674292061824120517816084361951064379489916041037305354993236485878891946319840646762967025020e-894
5.42760080816660191426335036776342270930491462691206506247777293634362460757635773568787150859532351786043286055312354444e-900
-4.34934688358308755994039151921748408285200265640209548846053341321131716635037097106079431734302855578674634603230995037e-902
-4.15932308324202979147613777865789044409726375386729195862523774126224097214832806082180008141071062359602597063577865367e-908
3.33563614709380055568021643025634557138128905114086899818070105054749699279424127852244055576407846735294568256175837457e-910
3.29807796135729551694389725669276476744699338858832661315007108610985731757048386266668289260590147723608876176924550178e-916
-2.64771071834941495251391417472216264111850501952776027616677808822594861420802916555321799859134077003378963296696508028e-918
-2.70835475627273517107764417729577112393086392889331538310069008592893138167863925170844311732042404067653742281569674902e-924
2.17712926714981180971369028179413890696815613372249324108562511472447230828472728645181219322267965172327550358836707307e-926
2.30541087313201027742062923070366042426773238474645512923787159486015694301312656604154193470623893475156217763655042186e-932
-1.85615114765833990571241739725505777969984269201293156182134789369046589551062245969175306200551644186866752737393395954e-934
-2.03605934307171640638011150801913224642976925230923502023336567504622034096164818744348740579841375697965298067725390759e-940
1.64233223395289182433987218012108138686361319836237634063032305494286574854977029609856481262397225922126725179845105542e-942
1.86742358862869059523882210113043583975799012041874009565766621774281854914304257763853699266507819053635639716300005440e-948
-1.50952515297054545783001774766672437739855452897655757722592940656815399365953973333793197455495824715898371204234685573e-950
-1.78043830695182581282671319179408806267472254186880304626341739787372130244553703296840615869794014415599888824422554662e-956
1.44269641303744447713513110987452219333508873752175114214949777185953143241190421542875410838290372218827149241011165839e-958
1.76634269049234604491104854514739772069467041480630612718255129706239305033212966036002442718290212956079744204804263742e-964
-1.43515714679137859713889622580851975531996536806754959543005860347101778950265063503569032470180318025159890535450223225e-966
-1.82528498089883260175255365061307004539554459117533886947586835125779513893989207479069437694973027778323475168325909924e-972
1.48751084486704418075183112465817688127790291970041267830045290095451772026729561308988363776044501170523257356944391717e-974
1.96675325320463622258829055066967446212050414826988319037408592821364507952223331436149842639358541436447816079960226517e-980
-1.60810906944361361495859982038038300329654705305753171746378801081835696492015694185610936997715571138608916913156831314e-982
-2.21208122169469611210325221909592344682077364753885844255342273542266305436826530034235710976725703953892398006059186720e-988
1.81525199454901393405268550542363747624737758085286247297330761386708348271798048260584047744262378298309649881534001525e-990
2.59995695537577896116409116688119519538034687950999803601952478968787250354751812798027195802460731149936804675452833489e-996
-2.14195014562420931894071437482465605029356243037828565821422176003248943552333707197840090006477966711965763234695345467e-998
-3.19698911568974772079665025504304205577131349448430162404520695830859186333636293483809901052743852914271468103338167448e-1004
2.64503891692271826513700082872877027722099446068077284839991586845798754204369714751718840244274765066739579662022827406e-1006
4.11753181834885489424809210697340290250017167391139251668751145867849994484447137411304822674804551160816459084274183954e-1012
-3.42231034472958842909243539305867360444621110257776206405941306578415664528504064325869317517806109335589405459477430869e-1014
-5.56134930675415977163964314927975056564494918803394592502897578308693035633543821206509806635416074974928571680772049579e-1020
4.64516978190189245287715198271282653235396862323990635197511335620241485805985104543067103327291046286044259135217168083e-1022
7.88703854042706556889087857730969002144924891343347825354824879413866895975407057594058727376301816472041624872233981057e-1028
-6.62255760058645820359487610151311622715224765073564711998922019664343623803901162479392244913409978763057720696008304109e-1030
-1.17597752430713930752965020097864974771465145155848011405738519410803707354025431217361179001889680773659644847660021018e-1035
9.93016989885246260453947493839253605115113619169668851382399705352471455187901419594796978600037839746777070534909072085e-1038
1.84592714413846576530578648110017194655891070573408820096896404146387846016683327986994062221981682272345139482469787185e-1043
-1.56811536123974928486353305895365421831988933718817483992405715269179382397044181698308974397166920969458038790799841674e-1045
-3.05463529713129846310629319153618096126231708407448929598153058299692237578770104035464798907465914815998657202277422824e-1051
2.61151918534799167940496643677862350102231409699454847799902834623114791921350300798659874975206604870390395813503803123e-1053
5.33645675934165378358803492985577771422121932990274902075786925665644917929452955359548401802572310719973991495821317778e-1059
-4.59332152676164375586826042624843524411512383013211429090881148993764739393632083096692021159898735071164631100775676773e-1061
-9.85682332610638511267499919538910300979877889086092679475933346316666467188393472746879791289060523245948816306189825308e-1067
8.54526880720576055580774207353962116028177144586214459406468377015671305757945117392397524995790832657330547669274416818e-1069
1.92786291234655190440015503078011696566967124311284543435404187158563800295896150338549624387338000301136429952559407941e-1074
-1.68407092532467753270491659401438458028540388635539476426111551827113570598870418886087396189649015890307960764082840187e-1076
-3.99908038186980162046364826635257331908366974131502778506325628283885714442005208394249483627288178793200467753472337912e-1082
3.52148983913563070689904547601375310447875339788687032622846242584929314373922122359950795790512748275427055118273772736e-1084
8.81261610831388852357516313137076643075005290245148624785318082276565214040041177385831085788906896181426867870171164001e-1090
-7.82611594744304991864170920711366548919342605687626022860817439367478949932285220435132997239145912664500488802230263353e-1092
-2.06658952945639442909082125177554876797776019189878438433398540551469162900017938026737556548445421740841845221833592014e-1097
1.85170027167669232247278213588786222667711726741087355788211927247375932202784273486819078638706113475344469675928328172e-1099
5.16632818596282719852091234175511436638683597244414100119142764000266352977421271690929578695423537347425937336334432844e-1105
-4.67283843738394307238171411657774558222268320055008025936294736676391296718553557225939673870874409657197864330488006356e-1107
-1.37941100200681371222261485711869281858811921258286834357392347994979096077732783070960946353212319556382019450960827228e-1112
1.26005615958046959772592107432231506922871539903085572791132160689757829890621517701162716097580952758282364694227565907e-1114
3.94120286711075057127112370097813316002256109573648085351570015168882551632639915285624757967793202389223980828968331850e-1120
-3.63786015509860616140272381796916859027984856298200701050128574534272152263891543897234257822887563926048715505020319379e-1122
-1.20743309249910852516305283438586774789105299603120493855697931819249234568986985838412317378175213851935124694286110946e-1127
1.12676632436799647786834363395894406312763361471788706806197839751919734557140604013288138444528753024296367893703710378e-1129
3.97476223609847275636129650903378792249464239090399448709617225208642730645961944930815460963187233231257256194440803028e-1135
-3.75212919681766780599029077149974704130480505367991690630306340008624697226523366066123772551868782467913946830097823060e-1137
-1.40905936249618759987019359502087580452452123025659518122753241759343576132446342070932236414703038717793851650863783797e-1142
1.34630807116955805664831947281649893287695284163118668984152842180790305430365961180216064612386185688839606422174043511e-1144
5.39160970002389324504320660750416278413678796805609806253867057850698468737669597194632840969315921792536329500492549859e-1150
-5.21730265413718393966769278517997607906579581243094053481263738486625518611046580618985749563295025468925581810535589472e-1152
-2.23217204399000239511095078603426114767037163670734450073983833875173561694054655819124982236048314293927662501847744785e-1157
2.18898936379369181282222968452260728539898061973950576085029610750574691297838863515343029000859913363820277047676963643e-1159
1.00243857458227728129215736394522227662367827017442263061171431908951828536698582098312030972487241401304875647870060624e-1164
-9.96899040336465497075082685844571804217715582335572574908463285720786069027107607235501846735574846799948797390758729314e-1167
-4.89627116149184047385551374315861988501228985237125897153604080178977621929570355825575392596042394160962872395602588422e-1172
4.94127940956675320593587019859348973923855715548896171275795057546591149185189200878139388949364601671668840137863421668e-1174
2.60836184973721552150398934072205472388651120966065612876837512938707169837337476500079000366131162907104897716186462848e-1179
-2.67325711874342097766019889492657254195123345800458747737721578945353499023915280068188076884134904017080338818247354740e-1181
-1.52001344998995622822122767837581176568384625610025743835617342364060054658205322201980196529979618798681204524049673743e-1186
1.58326730525162471021451472882119798854718256552149031392587959245910434568562293286815518603399771989905568410658531206e-1188
9.71981002998019645194008687543801471367742934102958270861504987020116898944545200986037716629999848223856179292470551672e-1194
-1.02979675265903326920727811990668612335693126003349763629716766621320048542128784671902647184984310294402359689535527881e-1195
-6.84273419659813326233160442199539758699098640036589890878643668398077069212564180990010236138069775927404368435755100080e-1201
7.38045261827196791194157724732681330588932430679173401926371586067855148484957239966234941603698169854806048432768739223e-1203
5.32204002647052637240987605669796263681679427316986068100460506513466740014457674655927067910256761967235800797055748298e-1208
-5.84904773970034847865233319463949069657164267057798720287165206878488938289740896434019209329492772728305855318980968031e-1210
-4.58997451321259416312197090922877447121216227245229114113413342436195957535894232696572378419948068841516509455415898797e-1215
5.14503845138072145109826048668010601892807017805546410461381551367924509237214816139408176691795201622495968727107771570e-1217
4.40690908708933515039760846585388781645397742233167084468720341282498663668258114699710181843517403280828083187262358991e-1222
-5.04344371479639680112014751306095311260041169405844418396476428178357903247638408211074512480963760354988659979351804382e-1224
-4.73008017889249863856972182202413197226671150675371487703724176333268912540179031999442092830650733159318061017452883965e-1229
5.53284036666341201906727062906028707734031424706914862984550445850940900800975259253356400759401737539382883097304055150e-1231
5.70104777333332672231457703471573157955404363443110014827135655820895003331907030581289342728522668950211138549817937234e-1236
-6.82376463083726104407844434211483551237687008855891189902518305201945988073364227855125689582725531936677375777683971736e-1238
-7.75298606374478706702091127529800841184475146552284798950849455113020949389917134141832707200099359555943943611030688540e-1243
9.50749231715071158214265865282814122949214337809903442489953596268720618141827273918280339605536664316806658033626610243e-1245
1.19574311470448371753215950418448781842908450767916098951589042478764098447453150799765280344461462615728423410686291726e-1249
-1.50431571667083824533508996000037180382147070808258532919978851201691564077049937973596121896935044738734192766863548780e-1251
-2.10307551789910483427101014888695086836429054379190401725465081550799296467080535958731380839759227782897431157973123526e-1256
2.71818905900392434418891090340788874926284580316583292419579609874128475480688089858287955679199122078553552161972169878e-1258
4.24326682814940040201756513926048499352381183029680096988572758890532089789527874920500734917536693836489288698600167674e-1263
-5.64308528277334956878010799822564479648460723832360323733082938639208035369257527109602647031931243377041327344788373090e-1265
-9.88472461284766645020354891481442257760870156323100812365964711378034237442946548930765489652987987384018416409829985119e-1270
1.35485981020885799555450234491013197937332575240311734399895790841051168937270755308196074623425691095025536995321789818e-1271
2.67716165567451469018882960431458619873765630318865698014670838490709231316725104024980683009491016643596471303871644654e-1276
-3.78879604409336185786190017903558902253964333287376752725023445796238075680341216491914289887240874202994824247127164465e-1278
-8.49426708919778774649744807813524843662631636122559145148208159832776974970087385266483222845089323986478997123565035255e-1283
1.24366190992250966771884782307218227401135770676156435487801294965200208120079917400643110766167830217257728330941668234e-1284
3.18361190210896966837796380161143266930643573090415214051812991362581612650294385682700069723789827869938820827721979766e-1289
-4.83257683706269811156225036039016274599265096212698541608608004477200573891278924768524326695088536452464297960282090482e-1291
-1.42236114327488050718352137451956217191026622299503903386980511608845195379380322693365367375325290011661848035218688689e-1295
2.24375025903389736841660853430555693498480976430445430876406882332940614352832320925323070157442070140721986291892334514e-1297
7.65161571260465771762926941182090550841426113228467838317271757950848891412780702407013021902643756044521590266123299946e-1302
-1.25763072117031681519425872519439585657019039245250732463775552055006204492348460302528773874487886092112704559576898074e-1303
-5.01163206374356125163407197378521695105026870098414600027225411621598938771451367184540222901703528380683805564309440195e-1308
8.60729880966873276409484294074395542855579710752260619169589125545181758620021119848392701644796452833026369635319570721e-1310
4.04640765884477769389250379594814399470695861759282786547715540803446686336116300976523460117515496931226104990110380571e-1314
-7.28520581104001674370872067695222939222217148122557246742663631360213036577949720785249024295152781867147647014519514002e-1316
-4.08375316056800678337560157450470802213633693438225523744001705424758308796076340243418662724649902655992062695612900680e-1320
7.735421955211097953440445082331482952811937665138575079218453992499392173934206270497946806394507033393737529904309256e-1322
5.23316017363052039502204030705939043315917555288879201758214443342178552435577576813890885234995019044539469025977e-1326
-1.0471608223394582246557954228742380614906961377591499882680641710305575067937739156617044523194463585880866858546e-1327
-8.66844398284867555324245692307687927617749192884856795923483883589176068188873425310800631993584410074574424e-1332
1.8409220997288104936022005042417252462964972214145245327163420278610635226538502488298835423111143583042756e-1333
1.894531814195258406136817423202642238450815211553951260353710074405338678948176155578618430368507899636e-1337
-4.2930349210002289387183981430262585960847923626181032264149622851807010942186231034133614115282432743e-1339
-5.594856594271194473290352413870757492580896147851581781088759727396822973888379819223693317141100e-1343
1.36119363820703467267445504511747858088934379400137306640101160340771340207278777164821490050793e-1344
2.2958978830184298418226579843484823328004773321493891545841774031483169320960057454429695490e-1348
-6.04126695618260120836617882171096230389215021633777311150357104953129967618638483048608692e-1350
-1.35353966531177790421280002945487321406974044067215834767953562572868624016104407197052e-1353
3.885790094540538816213132720146800674262352408024135036368974299501083959311835739051e-1355
1.193691706681943579467405542337539966738016687479215552200125395834020188403127099e-1358
-3.7785627775383158304387392821040778312870497193608423848892894425671978543739280e-1360
-1.6554972464657388605845636842285331631943675476505143002470814549950981109807e-1363
5.85418286499021604464063986510503154540801851151256222942269686054393970822e-1365
3.84718143444906253822554760934230949174409317724571053771716350624221171e-1368
-1.5451152271980228729017614833388476886442477026828875972110115842451419e-1369