0.999999681160352025563883207067778791874678595014543501266425641914602043120124678377055991757460919648293190745884798237
6.38563058576317491438222563053997263620311037250576822944528749841704513089874732361414411027754874139764475918385349986e-7
-3.19723317574231363126735905035158793427400302788009148731955952780438650568906043295356902356850143420460962628683958565e-7
-1.24209730695653787679077231116873284938751122008305396266895843430479164577310204359991828498531776531002304367948636892e-13
3.11820733823031287408997677762864485064889423324040000426923228019792168174594893928361771907120721851807301043559025126e-14
8.77447854633906261666774090186310886795310224253821683972930481624946760467504755792298521282839652009416567082053794809e-21
-1.47264615623183931673035113955793065655593774614006586205787117672547903213053742515765732896262033190672294469813270837e-21
-3.26866726932019564357517046718583288544604368843139612157607279154565535605528089603275663841463700289331091046392778219e-28
4.12608635521887936578138915070222810191182836105925437508782401317556315444887378944184822808427468634664587910320095495e-29
7.59974005429562555160347260632777487799666366699839973709573843231725058021917614473028006132814692167704250499766636489e-36
-7.69654763075304800588611630361374453374677384403148096415019974814154975315748635914224220035967873820865787324395652174e-37
-1.21669664749045641629943242701526118202996221563501262687512605145176258356286312133532673438193124105454186429975637277e-43
1.02978949463017749777134017507298288156536285991263142531534185910736262271797830423290155125484220197343335632684819054e-44
1.43120633411032227577484974490862875049043264939815317225301437657209654661443789005683904250012631832472365711903450004e-51
-1.04131576416415151984497703062088995814896427623974475047087997157743649205922447181739172936546238116511273278809602657e-52
-1.29548725545086629072979295783898257895420561769343227814060357130468835317026527838443928618793831648872798420352470956e-59
8.27166696176974103350514865018272347694024939039474584483466353077628575351168957091633358721613025042836337994762096712e-61
9.34185946799491433230185975128149763268424501636670081685797481236104652624451750770515947759573720938301516321579132511e-68
-5.31769357478262646712022765672841885175917663654741010593487748030715461589367495208201906586242186360115274541362600475e-69
-5.51356308827976725529506251793990960235398844352388292907996630023333300749391901948311240100021422737688730067141816406e-76
2.83307808977979723440874209659441205833671325406195129716183773976171387084292264236224360198154008314428675290106718535e-77
2.72166179060232081466524100829728191812074875238882787131506474312873184939459801625946487929456633704105065965209589010e-84
-1.27518334614660345204683109714423317003895348020747576490978730707854563420405181852188546787657683400976196405838779731e-85
-1.14380594271526997760835636055302417684860373185206212524908334973122444144133485483372595203912607907909511149513136694e-92
4.92740926354703031338372574008840130388907522185970689803259572196390213924515111433694847434141548593659459863168587938e-94
4.15367534635247132520046712886819205542593575152395580183794835106834271863120395828153017017604199880753949047741088840e-101
-1.65677932318893686789328642678649693820979862042612460084631830675776502992459770726743342318036925732426301826529434346e-102
-1.31991051505322471732871716093999506554163006081836961500243310617942132026504444306175892566201935129861042898986941695e-109
4.90378682219099393943027021713514214220745165719090004596493144832703695839080785327157458688027336559718836983793320554e-111
3.71014232642623152675835061335107991903165238978768520651744464605737555318880995936223124973506261041388090011454577331e-118
-1.29052370446894296619264534684881271949008359258566216078686910267681080873188977063078243092132479283743956307057730716e-119
-9.31234040122664003129728479642073760625969224913458882800519045316324522617940100704452325887248134869223645117605380742e-127
3.04627518277819314423462044907386356281731510840018055794833311772766171281766875151176276316101436381184622719933915043e-128
2.10444606245193590173546883414947335876940260458144178038420523881843524698567652667515243290913102309375662189647105718e-135
-6.49972478014597735393352668877965889403391367522310469518322500924325009732890091124465272767672275039415548766585535830e-137
-4.31324597075484066576784191983500496028090182424024948160493458201991043706607551191198595530256289735309954772204129257e-144
1.26219373323722344892222517343350700759939628213019055882424806203982369433252603012577890035159591819126975050724694562e-145
8.07033546705542966983430597692104852378870803650405230602479113816636925101379339059357866647191460738087443327401781120e-153
-2.24456953135014342004971662821218815678897134903803137223480174586663220243968922442409021075522798197394573203566473722e-154
-1.38657726635750499679594565827901998302367625800046217463385251919103453036643106727414041606338143422841337046004802065e-161
3.67555291678141244454103172194868965133912520186633350358128744293109452203955148918835861123695368202384607425060361311e-163
2.19917543028340189489945727892756959802806006744733629965307476560031978016965098666116681764512553512126679206342756071e-170
-5.57026211679505327923799791470934480041246148512591358886179042575834857989720812366652978839495854529475687979550737198e-172
-3.23538701976372733151751532009380002705279206308167587453832333548625264946944224792943779447759288681762845359610777624e-179
7.84834664360558162590417395587464001582795255599102923644758534743220274966390793515430897569296437518030201692034420432e-181
4.43453623480454749459702435495760324776527574218392286159435961137819796232876600298638822453274104088680503572207720018e-188
-1.03239968069127302969961014277794222657254181559284056559876951438415269852960637608088588595717687143314342261919476661e-189
-5.68554840213401382477908034946651367162599167968816913881243062736046563123727782063149656562247635997925858866369393730e-197
1.27278479363694041446568564162733578390356504183619583901761688106104358869221824769189215269975172386239098522933542856e-198
6.84394685483922963865210653376677205305091312492621787060129721028963599552360196029844409585862080717787373838492452727e-206
-1.47584430127570430162957248364774500284380931459901440226633299605900276670448843905050750895869337613790876367818564482e-207
-7.76134431682301930082134645300319497493115328878606502782484708174359214517361235441810899800352887750862074049128507742e-215
1.61484739208689011940597948626443554773885157292843693975175176082980261293547377040994574577755499102647894846558093125e-216
8.31843043831237924474750834594720838158483381327093420134332003365059398115263495779962791766029642739844853527877235434e-224
-1.67245165469232871927361823140309547980345821918574370033546986354578908159104362881280699646457187524572408468867550998e-225
-8.45088440096217481283755138174826003634075650634187397085638404958324371590548421524841664982078670692495013876320948900e-233
1.64415384688086459309859215353251133092505974188534965179844656891386336032793782778441763439126026754086372403406520118e-234
8.16048481698273387716251659798799143369691596994640826862657356339259471813560059985738442739405619600844429694856054801e-242
-1.53834303174214215500641909829125820042217391706719972511045616532396567810944200932269821772607188112175362232206433224e-243
-7.50935910099877717351223857791600023247997878824860598727075365259939197696778978453443872864870843129893711797325971992e-251
1.37330971103220843868777887710616677955143155939391429626821707127158130378882045659294541759460438670622146645485747555e-252
6.60106636397308059315630963676638792807469953319253695987886804408916506921031726862660619500408955548358741891588382179e-260
-1.17248121595340831968544780267325920718609363691291085485362923471887530767865960838103227924525784798287128195108243884e-261
-5.55569889181757930390102645484309896792775005228052940671703519152166678172087431210834821487282365781068624576098636589e-269
9.59453700475687222830841965073188468936547597313624266574762542909199041055382410121794570641936317835942220310021089226e-271
4.48651887150981752508225475779095323322276725966019592112260906208957489084231752237676903240984188792315777293186511233e-278
-7.54098541992705151794593147369429174808855616979215563362501836853189739638367225650914789399391795512384901814999050446e-280
-3.48343953733375034764693748745761936936040544436578545998663472993105217375374494935269179787135096522544048959279554899e-287
5.70393818516681141892251290673636769907354338362530323461024704742330685843105808204055795087571493737259443245506549663e-289
2.60537571386842969244006553432843426014673272341207899157862084611797996603306203835184735768503168603971466515471962916e-296
-4.15983960213286388449105616698076132583089336490678803932853229515103787664027007191948333663477138450977309463660180833e-298
-1.88056648911282386263787014229223381840039830088185805547139007260885466929450715680717853187722927947887984086515658330e-305
2.93025514834005529983827932534977350970432013694338361975355965674768163525528720956244588309218801024540031182227703456e-307
1.31225264042230960850927889465040729427433046055213379995547734732478838253203212155637668097850916719312327639985271822e-314
-1.99708415106676715864550444023030611620121724326979280793680476987538883438082934559011792335735872360869507246249205009e-316
-8.86697130650164519674818433335101827571286321014913625945358232305771245453341132554596442601702324099123440657725102250e-324
1.31901702045175105514760813867309569799645352188652903862390968762878716427786160381981495242909598534270529882100095292e-325
5.81096507130463784140013916267523655819234738320083831168201949700125474289538297863246679555713383465172379666539048857e-333
-8.45546208246843690486017831483002216441261845174533357899087911317860095372667019125930449605842475775522889080897613793e-335
-3.69906829126230569758608874591934131077584965819094499421330638157517589171183882073418548999870908031338789822064572966e-342
5.26863664419840117070927187202914202285205291175497959734344632886628614443770856028966758821948127464918818128242749403e-344
2.29052952065034714906596803828337789474348013269322408836157320307138338430050825035838588431128365820097053577976751426e-351
-3.19556467962785186414619905234753925453458618329204879151854846699626804756277826278331292482186985477002735789480360810e-353
-1.38159797767863122633944370895365174355173061938116208724822540565501986399764845995335046426162407886566300235238443558e-360
1.88918907773518889429691747269097346216433443580329358073258365329045786305238113179834817706328484101905347305386006908e-362
8.12847186602236528652637042854329851019620134518531774147986712138100000323018344904631521783396048849446235510540767556e-370
-1.09005644499443659002415448507398613306159927206249137358184587633423833577185107980981603576011544563040990770306542914e-371
-4.67062338609253731721967313121191591942792783413812530564688394775956340883377291196323511440324464526700930037404752868e-379
6.14631153190274756168214684249234490286637393717047151157465583882984489696490867817440352838476711578349061000363437412e-381
2.62431851766373977243460306275108655985207221123320931139681632745473989502107700256309213320636729277182389454504318340e-388
-3.39077476811775293619521888592921957541886678480988663487201864021602279787298188696373367219421788099845021615976024014e-390
-1.44361772179326919498209128068911065581355935522080903573974979607618157400001303989770808099143232471345076528358431524e-397
1.83235984300561606786598569192146757953594384399018919829923364686179852979050597757916618478906846854484986796850501130e-399
7.78363673514191778807821815552661991759228542214429779981810820578983350923784360949494041964656657555239584392001675221e-407
-9.71050589986397834213456674378387451880063465149441887684286938746963693810224627501891789261083220567637930809715320744e-409
-4.11805440857962545908318449344143581046065085929305548484000404616829226214316573911431216488181056208976370595281068486e-416
5.05205846944966279793317508884802446768168064751858861800364415881590121605062464983187083894975395153216981148021809348e-418
2.14017905880054504566472806352229612496616510874190605369741934896838893931728898180795531349177911951035194190519573128e-425
-2.58316331625117222568163183738404784962560700976900425013222679873748950576346687414956113320442766045470935754037599071e-427
-1.09373446635721847243444620544693383780262300215172495122982771173371694439495550179801394685861654122587746251281496729e-434
1.29939238295572372500413579326099312393916149407286794389957163239334820334473703725462225774591273002290370273926460435e-436
5.50198699060244086649420339020579836236435265797221093359000408710078279015748313071513060950744731414086936046121767815e-444
-6.43678528244280363931375796957642815875275314732298624428949194153334272461630598979863987807343249023646856495437475277e-446
-2.72711192903514385717904666108864134522973837853768274558512725125532775193241034579171410167546155137105249083206901653e-453
3.14312359899179002245934361559280163999329210076226281418547221201259050401498809633653638032022884277808478620460604783e-455
1.33315472576418412085354092133896319407229806500905075820660337699023015744638206677899697230196977462480498216499601014e-462
-1.51436330500041211889541071071815518303550488093694515682036023432286694485621960506564305290064881492730975064086697890e-464
-6.43368995985756087410217160025167658924253307114325094375600166813132677874887665487260977927569188713101117266109362070e-472
7.20571422583432034033775785952184137829508817959969251959767988121842319491378194002840862179513967936203135209189650569e-474
3.06788815259725613949504826718635972712349638460388390461734022418335404921798313931934573464256784618341223181720836922e-481
-3.38918192468328706564438094487955808119420115533514490587323429041626258991780941193319115598237935206995456233324500324e-483
-1.44679600551592219535059617047530034194221675527491457616785034227209851866132858410850718428534555160358198385472323950e-490
1.57712896142019252488706331426456605762861403846593199570318504942381168871440714958386984707278885040070953766672896318e-492
6.75372492116226618402886683212605106756895761252800498255633158274041487094776880699804693535424796760490245086984947946e-500
-7.26723548867505735062826457568729352345063183417392885612792390843935966620786905569306794958509174671158544135430122246e-502
-3.12334205087759745649221775584339371175452773282314359598823774675002212712158445810071476369988874126750621178882345504e-509
3.31870295116860694902644206509706208226525743371841507417735813629901024663404360321144374282146779464513636350888603069e-511
1.43218834852409993218292477053318815538279234508404374522084724259218938940076903518408198258747629624066234715150670576e-518
-1.50322779703138163684951509445971326390436924972846061918363371812132857691036200119422056222913245413829016579035421285e-520
-6.51692025875261410720050047507883197876307661619839832455752477174354442799330608078577774762425951440685472777073361871e-528
6.75914638350490754629385845218804729103526931544707647343035761322983343759400587660634787294432549789846403278404633205e-530
2.94508003187120370391501959367402253048322037918861309243503176772691935763611717182349392325602675371282404742768356524e-537
-3.01937187310560231628948880140870671474706580565262286907950249533828755322259434908369161044489976388072801887650340409e-539
-1.32284475808896315267510707794481871256891986067972381920434333910725237135209593285533710877989350712032061529239559962e-546
1.34103543084373929849005915887414094198895358912956118830313633347217487020125016980232941085411308250374738296029965924e-548
5.91039846392983972071752861219550817114329773617707539772807689500798278616229502917303047057445578834916846002339884225e-556
-5.92650346481619650979515840256031163714427441448490854491797557135763498357237599056974546521056740882769614225021681160e-558
-2.62878167574664718601140494323958819368984796140423314485601760819212506591953297571424322529353077534143282553212636207e-565
2.60808760986274969361748765107808663866625152058490039773510352735740588765536132381575048258455391916295895025897050013e-567
1.16479924882723191803508782136617789810810439389494029899989727859635079387352488761113841503257630830251815353390804769e-574
-1.14376599560383408217105358841994631210684617134558852381335818713676364000256487826893721048152292157032289215043189948e-576
-5.14553927306162433988471909045970334976812183514263255368198002821249214331540939264517829820715915087158972585534682678e-584
5.00224862906398281895046498404102882410526094022128363132624279773802252166297573228640396533546996255827493866230149662e-586
2.26784977918797061745366902077795274029679353926448461302161965643253190634553193134499204803131017330512148509513973800e-593
-2.18335423981185303013994100618869207719606146606755478351534211053149295451588289682035879990775339257036990430096690348e-595
-9.97970648693339721607032232893230040570074425720411732860709610610771229035958499712956878705095732161500911976741764392e-603
9.51761381388624769699918015210892593463395877299554549545146336643076584504420356827421248438283794502023496948872690549e-605
4.38787662868559093821987230593352022695862987743126325164009854318742199905127627210966258464452914099442458612918597372e-612
-4.14655740051270495133617631987249258524485984678688393841689040371108476862183293993632665637538612185251055291883983452e-614
-1.92900831371016266792210629890014821868437141952922688298211920641534761761552309622526231190899860666069447883034463773e-621
1.80680286654862254948429735226010929040603734043734249415928424090284250577513416887909330006846760882515024314024854373e-623
8.48523498386013860588974048592990503802187203022700370517875710138723342577505906884318854962667448074962945516119830496e-631
-7.87956735649308754690902944731558309967286956064620455024529292731759769590821849093079184925673137269171559868342105604e-633
-3.73721588286340275629444999992196786636298588124720463369061561544252805418636095447634414597626646254305937333432820148e-640
3.44163697434687706971678825375251802042164612618701830291163284603830237982856192921956740528297614369587700143660136078e-642
1.64926023622438591506693852685301087210026264291045040989145558517540468939819319534253870382606784573623519798932973135e-649
-1.50660436493943192363316122658062039243790774783215185997924527204343668208235183227844704539199467986132987675479051469e-651
-7.29771669457345472827277787855721657948463020316019966270677480142455319173270062913208858242773012565357043490806967965e-659
6.61459611796450261067280672288279754191940626389609365236965658307755002846440158699447960069845220984266331024375840519e-661
3.23996235418989339033018638226874026643607491362646750792800826660172383301797840535774251560517499932879045167281981136e-668
-2.91456803209579419111396248250974782282883797835338225829284819354526722927557153710178989037694213324740350381555401720e-670
-1.44425840556145567933909434594799719869874384922923497647512047193664919285695246276910288071414468218964599756683477227e-677
1.28975496659641259730793478957397058928402722302008598674463679823576309666012898423934093641977687180537850252777138038e-679
6.46840739043270452360455813729816169027717660429460598017250107363370468727583912835480393274492934072425014350570530426e-687
-5.73583413710954761576799333224121827239337049382954797514987204283001856728711617455165574664820755319704051105467501644e-689
-2.91267384966239441916535045402571658829834971169234183686548700487207695898386658421076920141269547911835672224582702501e-696
2.56528489290937868956006750744411627375700537567346464473493926464136270961620876767053674603373801867047790737847023730e-698
1.31953857160003968760796416543880147001393804767986603503876590914959782099087750528008066159905915525981238243691847830e-705
-1.15456088989795232661749565718842740687390597882548076534791792316118624940066423288367847337799804421857400599289019985e-707
-6.01840215304229579751783347105391183880120584789622270495976851551813531529352568082081657799577870753318904061182817084e-715
5.23277906046357549896886288542962046932925006867980905027563957510905520300695684972811490429144386517187902125469024829e-717
2.76542572960901062649462603731364026485685739851242428554287628599224355345349057147578050052480999396531159563027723410e-724
-2.38986913172469007666518614017548010882755670208174792735300956658283067117932634542754136612214546413563995515677573353e-726
-1.28102367667145518786461019852585830646273222777413897701733421100067303150268647003159029675790897530241556075771718861e-733
1.10061093783695378663646168445108127633539329949148849756435070140168143560221362485863721770419237997371962408339852684e-735
5.98631359439805514770411621721596699885911384521545024457544463764609156580492056438818564801343450699874179378934677669e-743
-5.11450397997440969694666271431133679834825907423273445732452235685936616587041780503918607672959324537191905288360903315e-745
-2.82398270506102868018186144884417786724507521056782199911809237731261630650579109095627731112724376398756399860582624806e-752
2.39980319208570453380593897308812507336088970785226321939410378639382312159073409140172512372828993101893858300384774640e-754
1.34573181637966210719014434251921677319852590612343859173900281231192671371373394643981570343326717993303728578141713625e-761
-1.13774041631394792906931387910189363212466732588292257886531982631731270323965116222262478646876526538747296969184089208e-763
-6.48251225201436093123777925481014701008007139943855015423058803361520493226548922001376890826472668692482052382166256580e-771
5.45381103286450537233936059018421106159506997175970634310638576167438450513649210368093435393752285862071418554352860381e-773
3.15872567715347855110560700448189749135432470248135512894183882291427392458349159549342264271730192899335304649955953468e-780
-2.64509500217506029310107315984344632538123355379722940537056026268258748699097721436430889019039299156036157565542445964e-782
-1.55797617970152530506712155772000980407598246620742634237002684091449893945742758837222844301732660172857175310351714300e-789
1.29886189937459004536901582357403057694739886336431280504148416440482276879331406908279442284299436388754735647115972513e-791
7.78373553951013244620744638800890452109703971485727899967769473471610384334870337092265561715356108417842714754798892977e-799
-6.46193990710658137968605980099284068098514248937978757742565225466218546656947765322929558422990316175829655929006449117e-801
-3.94178873074959903985839398646459849665537127817608150816164838130984884099828537665468506333490988516260305401865221975e-808
3.25942149138392579568794978118935664192253276772395416869442254704794105394819770823329311040215861567398745429346592211e-810
2.02478142087129296953861493687453027258538073302004846815091058940075007914245596831301624485807974861084527266268538769e-817
-1.66800436374803450657496759736811147459535756957708883939199448017126177452810172684409396187322159923549316402662862581e-819
-1.05571353200857368205986797373254126454620661381579591626233336449672642486832628940990031926135024718425698575715739243e-826
8.66635403406473516700886269206636169180617263477611663986097268988032547539651955652976328969092628345436231283114579009e-829
5.59117502656237319411782440176678256227040021752112757617329069058620759735205318192783293274698659653803612536304122591e-836
-4.57471651572042764029528100475865197991509447774319886989691959405068092291872484525689602977028239981166760505823707745e-838
-3.00993843181441906563167226099907460002736038847586101563806458568846011900816421468677927614641278249590437859717893045e-845
2.45521210205679250055617278535694900358085706211362033988105928025612116682594276177902243082185462298116735554600830737e-847
1.64824175257478519123105798171175615735496441525613384480871173304706241662272863394440955195506226679883360448037658048e-854
-1.34067133967392172509246308287163170074728086047392188395748128671464871777700289195260932990079748548312230084066158963e-856
-9.18770954208943810920415197600741978815235808211567834780145527396063116309023940620085064602550743100123938578181376467e-864
7.45381527939765332478842676337869404520374288559547873062599664423913103277614220880630301726749644967368441696240042809e-866
5.21716041105951979611063491552847059231332786647119347654862519971002422364354309083168349089352136124495242120202962634e-873
-4.22255947501782956272075308292123286852607401527491789634804561119099963119633186911764207220256716736408199076220086157e-875
-3.02011006934247302723129362337876494811754337741307076952523640215331738417342862013621611228096667673387803137356562255e-882
2.43913158658106892574128184319810623782432031243194810036477030370982790484442343643543472252570463213941652384984887778e-884
1.78360154634113343910169336675530126368565960974387873244196203952162686792505670984863849857588376173517245066663857912e-891
-1.43774645561208284293858144669510475474791554414810547559464751478106627975840065153257302617251682266882396065354027000e-893
-1.07544518739832865364253875516103409035176307760960414310334865251468163611294096247672916442549624176311067830105635583e-900
8.65458886061004200153875070477241516763345145634755922185313522730279715506828953416404961539070142295701071430668267237e-903
6.62563173787595681910869145823523886635244376145597634880528520355863880471206860432005413571857804577265637092709594048e-910
-5.32428724972901102406918884069979945959985693489793772384478340579974588970385506925808721257029832381283930198691978475e-912
-4.17400227033160939139180933502693543588856211806681714020150423787238611658403484948385281460632810690884714880536984728e-919
3.35016301789481265053085930707683796682676781445664712382693283380133102114361912167401854066093779081557790499503551033e-921
2.69095934387438395654898749715298726150155116317392461634930677298379394337716250607032669002839632063223416096198637569e-928
-2.15776095843352182526647177156145367362266041747492073816824253572952141303336319667973789179229271202404015212606120838e-930
-1.77680000726381599523089483263031417384016715199722215737345923295023626372312343003650214289445694597858362073342207766e-937
1.42371295077547586250844667727941094422042886746316017133234534010716848077057697596682433930532760886149708770381090144e-939
1.20254215476287105644721666729502557342443327799394220545150081818511760287141213569708466177887112573896829367984031409e-946
-9.63113872226956466413093034979053573805107060527336426938929188207871574824407055902081710681726629684361646610558668222e-949
-8.34933047698568463227452888623229851887230710141462828675580203469969162277847214634375598997429938892314645402669054846e-956
6.68542852065364252031197162006304422500280048614815756175700252050394864435340569592573241575338623726490360456336122516e-958
5.95193218435736859904037272156699783890189474697120646454070161741469806793274125379827921748424484807745670661918965929e-965
-4.76588819439530738087982165003919324564860814453505181909146990086302278820338239810424431638988177755103375535042061548e-967
-4.36004734196178454253347799124873924544809812702161590126459624290984549657291034835653848739819135609641901402732692403e-974
3.49216409886442798158264935462348914770334557292837135994805768072804852735017071655289684317309070143262545948969271124e-976
3.28496059436759153542739444328805711446898584832542148764360443963810359946507211363434907781049236304107720012597908747e-983
-2.63246031511068534718556828201107742437763869210345275303107851425659644760099176484742465490264831839857394125017299525e-985
-2.54777430190309011664464634642066825890394372227823199340744406675637562291584095472868054634500084535712687342612597214e-992
2.04330410710306084711890291588265016894408358033232994755629975954876019233378084607657437989267447311073601433077273693e-994
2.03599803401643724180778992902479439948576609728669194607120137005005452315595407769796359562740557662037949906008341131e-1001
-1.63457010889718420504617976664897690227635003227972086089716509895727275116530619358873283258342354047362375229399461139e-1003
-1.67795866629684293068452887739407707292335594344702949281457322927875419991995035129664173413293148237781403632001436768e-1010
1.34889167325113191767410940192201018168707394945072586873242217582478879531470961654623405031612225842720190052861190367e-1012
1.42752297013066284753119251749289037162415509659881515341379999195470542521420600353418200980304503321689259050499612702e-1019
-1.14938585631880545425489394026972371177193485053755009506509482424652052453924012194912671110663894643542553540021529892e-1021
-1.25488044246895177984131509938948585597520025049215312358451987120324061132859513589164832147272150438189940208860432849e-1028
1.01225818901549498768867437546025040747841294497746613475887329427135997876956810225530331923753731875378079411941533684e-1030
1.14095353952408729243096670432191585809774085786966359781140664083844217289818923140922287280628913865294845751522183801e-1037
-9.22326074795042628098624032670051353220187837169545883023999613301745807163516214718284061845185293159655027624639073568e-1040
-1.07403620954204685200649476538671634153021636497481596637888062368395443816046084004003964433173349762804519144355688501e-1046
8.70335382549184525981811269923849089649578485840839853578346104117771911894118319296781205739833756349598130412010311025e-1049
1.04786371834078967492430495064255056032161536973240948766450765201238140761010882834372606283407872785996421370542680176e-1055
-8.51431482561973844109289373015083582834350144879809374494942260851772523101755088615506553187604093637207082497703543786e-1058
-1.06068472295399032234437698513541259083116071111668647048424522758510942043856078796977408099919336743407530520471629004e-1064
8.64444136056544494454473110414673720520907923896815250634262629723166766086516563120628499936100196184399249375016598634e-1067
1.11515677879861971264351003086294781542112334172833234978797306665808379001503570108137644061779670188979060970936038638e-1073
-9.11850202416634386946979431236924608914988503681842399861013290095676362974493334242154549932628807668222184033698663547e-1076
-1.21909775654774524598715897735865939267405948848135902316701880409742201698135044492393159133644859358740841098957509284e-1082
1.00045407978041528849653270698953322512876559213417940467053416363620034642529806240886704341176429335944201273212030323e-1084
1.38736937648773664708634432485043306400394736186110725744800102716504992945487780103623674640624098608990467491549851750e-1091
-1.14303347510394798943195015943094398040126850245833321355929526949035737413584835467015387230469271314906736722106666860e-1093
-1.64554003072013173020606360100838210176426415733859432564414208134497050004791230991456196178327373707780533758911455874e-1100
1.36151967730407137679474987458949174967912638176533579676115348854402874770942433089365792129776668907500017936647398816e-1102
2.03663867163571260670260347139559473702458843000546925985686415301552693575021289678319769285221093109702131246458877614e-1109
-1.69286349714555081344986992172007902426755806223370586476615795840394668462592616066466822013528753958563446896865781015e-1111
-2.63360445685166940927794943228582826554380300371829816989286331682510976021807242443549811059597912018605270606641172675e-1118
2.19987758505932631464842464736112949167384618611791018790085474931150719055862048643250737469142907120709955939875088616e-1120
3.56267573516302341178786845075172694385928625651035823145225782919119788469237841505617919281102215396165052561104265021e-1127
-2.99168387877408098670014908041274100745318130466506605625778929865400325189631081132155162548428391230570921592057928664e-1129
-5.04854976682320173149618881457258572855254154010648230808306058355630987074595767776957536534098598578410400603311409657e-1136
4.26337035120528645673886332658223734720382688583976111275022214523611016908540772560378576320849139025554368873315604285e-1138
7.50438775539026305005187721478596011906240717864076722553989961400170438575968347667698753036850621837037231390247986826e-1145
-6.37541828308861387773407288225778361705253217536795142419355073319776889414189034339949721691093312036519419390494884474e-1147
-1.17175063206064929819435824244683078021381150131768909005153548085211636728675780203059495913799382672613544788945094182e-1153
1.00184443357458262776545827569024417023567029698657594162120954827929429835262636816340242778856877987928383880858316963e-1155
1.92468635237352999934934986708858557773455692096611023685940299628389638287955109050485952158393132425356099700670097698e-1162
-1.65678596605247622437858871054104783043965905407992392823485608673660622896623910872256537062314821127568384837469323764e-1164
-3.33077168626944899710446373375204591364175141474471434956847511326903209194141596634860608200628544401424312400817594065e-1171
2.88780352547015107076007099662258860289698318510886846241433646167620961202611544343330136220438786479779692683401889696e-1173
6.08230604951058127137534183470772529837266150516114124204211808672202463960906919516531826174059826684771998573384144581e-1180
-5.31359002126824822745144674496247874048146173309404971489622940875691851721382912167023652550825874651444237603913502219e-1182
-1.17390540120751511930740902029321692557478039044496391427945615363617898305550342380034331480978100673562877439009263708e-1188
1.03380010127439675137429304211034458759880347437581960015325488835869339905982088838776563804689011842597046609727417739e-1190
2.39865825388265421583517958692698004301461631081060950986225539030168725789838405880673763952839346995994312059523930779e-1197
-2.13033886711117931377817094068911821021548325778608641949522576260045915101656161049722127357176721750039752306544552663e-1199
-5.19793566368215588090194544294038033099046699498798928043033498177967356324862595572715566565462969427193115407441556941e-1206
4.65787782667687645586231454796921256716343235232535009197087035527188116468439170176478244035769601034742784225523598601e-1208
1.19676005529115409288519507820927625048167953757674743971597638568756568444359554883864652420627238135731557903778818200e-1214
-1.08255146418135417269296283876746633294660838429807579082385291860171775748819091481113052992185972344059579934042754337e-1216
-2.93301944838256740127183490516798734689019253570115598498713799501192976893401327705129787834458977169208582769768227973e-1223
2.67951351028836762826712033862832199528454208402538986050040282144770472034441405389795913215454687093691774520080388875e-1225
7.66666050721046713765973581027900647627723513234079612390899207566053191367161358665209394506392241538789178187567761709e-1232
-7.07734691482286825590998460977300916322575351497091543210550214319691834267392637268208184105144295508575830391118595975e-1234
-2.14175017509515590635036458333393412720497336633222249438826713350882727416487095395898773972788525655819775831081270968e-1240
1.99889071173769587608587978650177890241872235302985336802393339694932996576269427630277611662154071707446930648786944345e-1242
6.40809873075662808723100481437505241639647709866954745076932171201415063825511262769272086415336372487701871221489468052e-1249
-6.04989546057803655636735512419083887269484305461976134298973696554093466948034494340942701219094012352289154928449047270e-1251
-2.05804732673879458821936737269236352883529047845027085008807449404740652450860344561718479395168409151971490139495980668e-1257
1.96664219842829015521378025177933335029387153449067801302340620845133711794387058113087971224351807638265744540603869716e-1259
7.11147692423626037970870040803924567736331800138376011552016866426801866468239551779678306868502165548772279677265689284e-1266
-6.88248437493975685204578216924084114053454742940330925490518572934090198746607110686213868805490163013824203296303490364e-1268
-2.65034824657618489072636084206347866550467158213102551821716964999478836153801048167617182828382785758283315383586855726e-1274
2.59944134246427425759826182758131819492012380662995984338952597787147706179295891955090026209958212720784088796658432537e-1276
1.06806279504589571315193781903418214973293743299229181139096421840632956441912584048707509610356616984072724745707716045e-1282
-1.06231864272486643107781540122430764145830591663312133800918358334772699965188386387134074441612880617401801588780742460e-1284
-4.66669120718653741503546232618341244129179170340012416373901135663318742152267759711881811678340848765171059549118599707e-1291
4.71033110528866271401519789135961374470634361204828104329859025446448593376882299581124105271053491235801482727182262123e-1293
2.21701045505815794011815271110162468439222807083529080123943798233515905236032836253731235337377342455318398100183957849e-1299
-2.27254869653465472090398868104515060613521649824660350974715083353458992153001596143556193970864091395540167189342717195e-1301
-1.14859269333888982340914072231348459047862357755888939174253321945349129594311388815266958717075827611440758570217371762e-1307
1.19660259484949334631064360410931405715515682113879885652203240090647145785221956346189709552124241570069645527905799986e-1309
6.50980653468337545992401588634955438748369766699665736577530564380029852987691478436473641648756276553591035927677822048e-1316
-6.89832784445263108266171133124058546844112940758839624076206548842749846388591369589709654621476972941804655323417692786e-1318
-4.04962708979813589933246722353781782511821030781974242832098539450682781722007951583464652449029045061452834389944145725e-1324
4.36873561466963068382322112871033924155371940167285516922478299527659728483142002519086473817707439795458475129379707936e-1326
2.77480317061276212527515616947752634091530426868355863622269517765704560965285163347597441946398857835665596800838460867e-1332
-3.05022966110943861896356038706114243552090663226846672564482380990754484817056433941724793488039626063451553717365652803e-1334
-2.10201949301311031670367596501935456120770589448775640524309607739448459689680868991045143509167761148777191094989420899e-1340
2.35675773496764816405014794726633285077042817580606858240412478290282428473574293176953751586435506515785126885171870511e-1342
1.76744816256420030731507173042989746108268910381686117291134483119870011382474356060982594983579250795590441273578839840e-1348
-2.02323732284889969015989508186421804136972509134645021371222674559202305425485748697670199471515519305876535352303145001e-1350
-1.65649745440291495475821850762173706024663048611028206841579659848292639231950271666336785617825307301433433593616922084e-1356
1.93814135815545670981105190307494845400208806146469540958970792213785661485689266225035596584465739887768602070238538777e-1358
1.73828059716873361553836084757085829258008201854917325492751233997755846032759691550004271733641039228608059547838935975e-1364
-2.08119683593896342615305363760225661173032269626882518843910242169375025318304406024728916718485962605787767962476532520e-1366
-2.05220138165269260917229674440362335036288590392040437662157553636582597210185865181024092154548065140335946640254496082e-1372
2.51739161695512537619377263805521404563125591978449737109429228168815891073422013684132998960456136457379232657830103693e-1374
2.73985091463093747169205785983917520885211998408350134121565515777432414161684120707142436025416174020220006752981415190e-1380
-3.44804535458136149042703970372959597412696652476012944858147828434365461474878252572631480776161443129162841411410530034e-1382
-4.15952396051876624049030071379176346939240313858136457892787878010921904796270733588841905502410341336694942038580686480e-1388
5.37806270385863243321801234065196802848717499141586199002639223661955676213643711777184612377748405327205918867876935851e-1390
7.22370020100251749148246017537876894149297353289469490735764180740033852890613461812001237245637065386113518383260641353e-1396
-9.61053510140859304447476119071456054816970640135573793137270260060377076921059061393742047521303900365813641114440570898e-1398
-1.44435711178117856814928593841138735459254412178751649343355727236002808327678588477380642701611983040502612130468772436e-1403
1.98057839996046266863080484412963640675985388776220390912893070377072913073952576659745183243434753025538343902628328646e-1405
3.34829970261399159610175162584250117188426175453348628628439682718230790507304917946867355338422364799918457461963149072e-1411
-4.74085874211636812146214079089910539649313931617743033331170375562291751653343815907674231312779888151222593278199820307e-1413
-9.06803966401611197615791378672984538716764403894050838529908105814786604240552673020124694164574387978202558161228682762e-1419
1.32836385985343277342696015094266602421014070994601515650278592471069460426181409165810184292391007836436957323424350813e-1420
2.89302608047905356485537230274040364470363175229289958833380417503301104691439198869912745142763718426277408409582254065e-1426
-4.39402705298305669573327518148098376821371018811232281084122535430708904657602649604568381263547343215019140859311468888e-1428
-1.09724261099836227316139204482081758598544587027632987970707165855417686379234418546532044453933303279535489346636225281e-1433
1.73199898221997437373852593620473536350369259216007826843111003625712248663935787987894176128580822023930451655893810570e-1435
4.99725103362484186814938973639687703807734731385508779984500731268074895202473307545289336489756081392478295585487859498e-1441
-8.21949504519282829943991833863731327553307784996140274475426417101748164349607614050831680912052059375642670481227137885e-1443
-2.76360500587978339764690372791581803185465068076617179594047119091454467696650345343229840819641624250924927284609217085e-1448
4.75026258983950840449473634360525289681461550468177200015575147144137138690845283954216460228978366648322181325068330376e-1450
1.87900393660442256733698332421929805653265648020179528712160989072475194362969512542755005301468151354065857449263295760e-1455
-3.38611552783609729754129659374282051075333794371814073436566820187821344691324538395580695254575528131717126443280223369e-1457
-1.59268683328339395880867963830330657807909970308906531896757434023358630115513418411128400918668479904341347378839010919e-1462
3.02005601076828450764407675886562869133494819859714467535917320523853007878022884985393892198297554113319007956923573171e-1464
1.70965600464998255582919857046583747502661375746056214116425734739202095173905992842618543320617748473373840804141807195e-1469
-3.42523006808600111125738831981259528439827787156931949736507882789402907458047146089376876119999486825074129236987634747e-1471
-2.36608545895095813948920444509542291868222547045524555561382851365949205028855747841459812901024378075924372794030103358e-1476
5.03205889917509033645833924587309267325868489785138276133227075710629556847579998353233227528456557462786622386932068266e-1478
4.30940270974873860094731386778250599068699399223380507823353249709140372157076934336274420407776396193654434789076343956e-1483
-9.78169690531530848442809884284635664285498527709231521306066295988551093246858842192603207403389057833013450252130877909e-1485
-1.05784769425302230825717561396582856680431024708037544471735428086243932580597156275779317825074618502445109847373212140e-1489
2.57890919048684511062694744097639983899459283214787694276379876823302313615233899932184138108395747581183068478151206784e-1491
3.59925574118184327455538652835464419238154899274099137046166801758669102706638850082998499889569207936714048958427291964e-1496
-9.49436768318732536366828383688687379665392497825689391173890712515537315970220366791639253193687415037434330247605188537e-1498
-1.755017454366924293523764900433960788453574458338460387209822239347967855845078422899508252786918242256462312236204707e-1502
5.0540094678611531917533448091135775092000467181225276548842151495778618461492037861108891330234712528256299382403333e-1504
1.277030332159574879577119542620932814182779696293308862530414693457483502340525480544490436144321918437910264655e-1508
-4.0584793425026128228769575269883576444342157757189965895411701148796099020638138681214535540450023703728773640e-1510
-1.457876697985960346705600488441851246569694784397312907709920720623770278079528788006243232512572875188700e-1514
5.1826772210011430519295836566521759913141059353202108100787908678108933530744183711845067911748330795880e-1516
2.782695055066383292895274645384211196628369868934226537203622247135799101101044774491331879639073772e-1520
-1.12584390711453967858335955647203535128254823552852571934811719703933026233835228465771721568759840e-1521