0.497120659815522843246380069701970420236064590681500503424060687450910515037708810479142329249047076708938230074585715497
2.37126482045455008003435109714060101832723335264088754708635273672532450128570227557499059355005830330546439283109091998e-7
-1.18753650675924095821744484225785708529471135888978398429168999648781253269245822649942446241850292698271628606415720859e-7
-5.35570715196135833715572643438542480303230269297522763174659927153807113972362475398463366241376260984431846409078306613e-14
1.34542021732085578195535406929482738277186845674364285764418843352532181678819819263470122371637885139828739077111046157e-14
5.80291459379124767640331261586596889482888019067287112737766174280703794837726635113826011427568126589258145867694118520e-21
-9.75020921252402806088989567883324654506329262981379322039664401984933027527228180366411032662791076320514014902126166788e-22
-4.05446965311547386283039128826441519285835848405735470502997500141572948426182760562220887814324443640459103438986862305e-28
5.12619168833586996783644004082397507628074300408856290247965046768041633567823470286900988749869361942744636095647311529e-29
2.06767127090535754599578607083164426953513729517824117220726140075496579031718034649136121345862845136144588608178611687e-35
-2.09835096901023779456051962652194622187188968569327453465688297647256753199397473870727873348538312540611292400180389517e-36
-8.24883663251333353847360250751436279164630437159425317639938366250012875416642013336380383000326147591028116888878414408e-43
6.99952006263946442280624728837580733278522053361458660183322833956878054186982998079397915745919581499506113069151410810e-44
2.69200873357178827905841916787265055412711902653025691581827212350403582627606834598896870093785364104891405150092033352e-50
-1.96462621431131784106190231179668255137160749287205830628630218273384283582453489708293461407708934003473724926982502525e-51
-7.41587100082057661249949466038376683323117641669841535770173957359666973081774786508991406750842814733378830706337830082e-58
4.75185461600384936325059653321636820703168888414648425884521005536574842011206713613067512030683761158919425970576900398e-59
1.76517129096734853316857554878269044612161367398647551976053593981445905970581150841452537665982555004555543643323752437e-65
-1.00888055758710834253959742721941967208619053308971810895087119847370576595880558940989978387787017019351170060263735911e-66
-3.69665517440538059426416146913173848057761748722096346707291323110662408117076908713910081039652933829986583559271164411e-73
1.90820052992976106145082023517098538316381296391689328901434652354928018382743428949214030668404264934213108017791357091e-74
6.91057699332729670208438415507843318154430355913768611252565251871954309368058855899346846894527526180863943403242368587e-81
-3.25440668671141131845371037387645772465889976927566223580843502991038722269910184351554203042982181087188813493130811605e-82
-1.16696032664577160007531980563731927627025370221818489172366425214702739100742037355346472998986461719439825870919314606e-88
5.05563698907736575226725236948841327030471026703293763693302579963243229020408847989596190607256612873400413782495964227e-90
1.79780820223044754692561236740660163145813666762619704592953387249687368038149934118497927809101948328452594709871282449e-96
-7.21552346802856531220865938467902503411223436465661848515183073120517366581500937891093334020466399683436864671463833020e-98
-2.54823082995901605909546048809103097275676076918132401597222320980190876830030741873165991289380994974663316193811558856e-104
9.53150741690971184571601394279394027414586059084663453474551652214387174589862048850825031944808026226832170342860545193e-106
3.34733043335924250279551582489145367336516498453385692150991071258183991237090890379074897745937538823169205487179948866e-112
-1.17289110610181143678839520639240704647066977983802150480424447207139535447564095519030727327944649585245870925433146971e-113
-4.10085841211864721483771961944813860738811516604973275241630155263303192374451117418175143650429114065734056119682796451e-120
1.35213924560119696112540690987059300735265633462614744994858567687516033168290468780076400657858244944717102563486944138e-121
4.71184723824066920395913831198518278769468915239546970673825453435636745295434531172700945892415193072562409170338111565e-128
-1.46771656639421652492689168308799732904327867788366948538058605929579773730476273239467606322653288785299333495414921734e-129
-5.10272028681602082977712548506621947026408234665304543607491308691085724865337625752331913322090316177692016199710407628e-136
1.50688383777839807854829568066772922160690375399776914917941769773208936539622720229058647638266435282361641482617963072e-137
5.23161148095987142259026044500329703214717945921155900340217112943303461872618227292725138380405585369213987477626165132e-144
-1.46926658951965775045884711296649140594006003036237644625214299314323425792802595791480032132639905516798164852077405824e-145
-5.09837868041548461160266213848681814223060972833408017378933170917457386817728270624787130097097628841255988220602647601e-152
1.36554781607179344259677439736323691701632193743074606617506291001686259545479169560835458692196956563277881510535118536e-153
4.73991362381468751826252717372138364869042177307058264500577282763839016575305779407620479790552047004922533549071381315e-160
-1.21383665479418447023303213192177291190936689145050614070932073153915111757378486424991107305927307649422855956842771478e-161
-4.21785346034226296665210150622843599882771784980188891937183650973591498654195314336672186061872685610833354438365324228e-168
1.03514389762989164770539411508425578493749322591802245502427881457244775546476528364970289122097900737291458588611057366e-169
3.60343945215737277245760995930677158115269203387579152675676676579398217808889708933492870655746462896717019876047450946e-176
-8.49303556167659524290377057558795363050368679257130479371093640337080604360413310595576108306898930219765188342552919356e-178
-2.96391779644056397587742830390200359403701663193206298420474652683496698142348770789959675056060290309287233674445925224e-184
6.72185656233251072941013626393910594271393928489476031832420600824643040171061108871589898598216739028728028861166979066e-186
2.35324036318806666315887503690672590878108861227982447093371168265292082781575376873067201006949290723303751588502554121e-192
-5.14447271637020098839130047304532745019901593754487822584414802489429099791472148455635274437319915632605664018149654492e-194
-1.80786544455470813552417527814288920636248998446785121539171110963965943303266877457715833607646685620300248126015324363e-200
3.81599173522517311661725643569653750881990282910846806027616780823477068691097785829633990206118429506005686402498616180e-202
1.34692610414192331176427017311008889096907135750295764127923891540092028208399031173630612913003278184120850005280616785e-208
-2.74925438878004856066444506607566584101830197182531099534863036673444491676334382254129031046639050009481008452727486348e-210
-9.75247967354836241227381839308709194005320368779174155836258231282657556506370846133649347378247040726062178441854735324e-217
1.92767015159908267098823255567407660159014769669409056075542707270691573621961690248829697814357223993996251516275165501e-218
6.87606699600777464237460213372872397608020671708843972935657438401815561529490171481790310841702289717389036650012243620e-225
-1.31789094497937944284057024385081618394250564147062269160340374487912045663094474407284907902112786196142156489489489876e-226
-4.72965308279333370917210639132547040672638452840204447033959459242742753989575529204800599076312983941753385262061359730e-233
8.80092550216563057268215998633710626717027668734161971086752471339229671961416782935579725535486637822297162719907448174e-235
3.17942306277827475994212769785275444344141920276283715467385794266419260680454817181442729215219142145590918053458679927e-241
-5.75057844934336497566884296486725699553785911660039946218271310243562491874923818484604131587900558623154744938957461497e-243
-2.09229383096433947275809634931534011814244508074430775435126886919485879233384259021669391265731372626795193614206844393e-249
3.68234302802834670135123604033978073011222939107715818929877179628808203831116285805069752403606365107972988400543280147e-251
1.35002401401988264493781564839215897060124056260043025809725237615622089716958450737203282545245608216452058138502730275e-257
-2.31434549089836868775892684511069572088367469369151015360370393599224644931985300045943103283465758353088631000297203370e-259
-8.55383815526013799414301640894423385461357302901164331766147618344367781750926489097397955751598427209169991002431229194e-266
1.42973223037096200113060372195859554461150624601318518882091599680036551740291310766730108432835225674807411656937868762e-267
5.32976035318252693926962130406423582849678003319572044745670718032595705870922737803059538739355308958838466193231607993e-274
-8.69375670712497057175868026534368190048326304071859033048565729322955861684685101399139468812605589286161413794975841279e-276
-3.27024817143728100578909988458431345328633430160580053957402478900788247416440087844555935231031702672122206193301805269e-282
5.21032762503117542026529078690361082045860515121181815263747231554952891439739326192681960373931356544020682657626987949e-284
1.97858470535111469287528162581159030767739800557472078707017689539310330600799461485490604554248240299812705230825717220e-290
-3.08164706435161335878957124754889168515590323846326644865242850443725631250138756844108629255152736678557420259877561415e-292
-1.18190196503484731859324031436901541683996379547951071526574594608819400686647060779490971371599385142965252832017434256e-298
1.80092497702192855992295398010412409534103895842084554642061236216000496664604664843256550536629205504276351513413289157e-300
6.97898839886710605009511761696498435083538904266045840379269110428354330736970492864511060768888201992033511960378403728e-307
-1.04116252743772125832561409523442891267603968310356299277020995455843293756177332688684338926474698040936298379563245208e-308
-4.07849739997850246381711963881802658525402260243479425820400722317256563343104185799455198086452351690401425846545513220e-315
5.96141487694075561320862365522485526982214102351713051005584551322483250272074808099175399294445420841284083518994075496e-317
2.36156439961492937239754870731137429125364360187924835132818699528403236691090423971887769170907064298582051045710392622e-323
-3.38430631745006645783482482109395907127690772538786959947351774947317469460113877832772759990852559850510930663174144163e-325
-1.35634649128147614237115689075958456782185925954023318961961936424216406891310262160260091630649692009995168248018058262e-331
1.90698056796928873854948652527481084039043927048673879398825645923722722746924034436589174303669632419642719046663078492e-333
7.73530767695118782435030149217650505095729192502535512768688281765787660135021711893536535886580217467688755885332057387e-340
-1.06765848620883145486260347226787653961425100746703673822684407374782012274540770484475753341458208398657839954385650254e-341
-4.38502567865026497915819609531111191836528789919326315580464652422656787235358450715577248754282549015850417635531691062e-348
5.94523000788426342849550616467104832702306578221354352993699317585799982603662397481443487675151276216725820682031635875e-350
2.47339559619071498131551463830947226139970609135177578392916062616804966770219749053904385195033777406926551261468526420e-356
-3.29597923666270222420103717156591415207211520716968260824779922576369514536989621034539889450658030126451702915660613657e-358
-1.38953662006896367696696325381452806569981838935480979712748843375890123376368837189496843064521882218265835808956674064e-364
1.82095225300181200129662146155944751144930963988233332369491884237570296219416886760860084437696078126135281132057927771e-366
7.78250085993406188127615243186633143301327245128400221509064489730829733604275430814625882453387524416043034264844055784e-373
-1.00350626981881478333064378648640639129116225677754321174420782430155786176017742366022873528698209133742825781679235706e-374
-4.34960181286879878227506286424129307974461622184989575449551573146067074909628114293934291144172861931429723554267698612e-381
5.52140238206198930551632472599090678322466618859714707833912049179833111354647315197547471969263901392944133064888008671e-383
2.42806731368764719710758933743382814436418458717701684652459399875432070420079973644336583390813101654082011621357458043e-389
-3.03583909213338387363972769129551189053900746670883358185299035781963109407909488733075916257343866717126513962931314543e-391
-1.35501692125083314291550904075471919291315288925192112532091920404532440780140011218132183707440302296978418155733406677e-397
1.66952543782564714683024030580400115278873463422031581813053442356514743414954242302101436078334219020360004957868965331e-399
7.56634570384551943279084204661762568047932628004165277356023504548900969375046212326078555057529648317640560562685101300e-406
-9.19116276477900685659229057674653208059997009535545051784375157873619687059848132054976704115587022730334702779106870260e-408
-4.23119714031178332693158461412619182681966976175268845998372893270507777835985966606128082174571892327489836283465225045e-414
5.06970958478569410160380712722428456789521442268609305553198632491934293902516850292423549178947187624880185615716524216e-416
2.37163681334841204727693601403366045546287579372028906331375145251635646154978219162397539395656811372207422059674105580e-422
-2.80412567821290681559071895434441263634274374388173143553313047488361342174643844307308520472357356687330024384896639682e-424
-1.33354542269113869430389483284055454271511100507740521172759544168174662242841901087777591341444048658861241350143277041e-430
1.55659350677965725378445926612204664898908544305966058822298230489928014397434159351913956398084083026884549834553777339e-432
7.52842620203183245035839961641405365230855537287166533854054391186820125709969464276796721255829374542646411434653866339e-439
-8.67907448981320414104721803276520384322050633750736927487055680657259488011254396530626902967448185653431965085460326252e-441
-4.27066077118942197162290132013198749047940768937262030068161014036797480619248146475222383042105052451023820470291983081e-447
4.86457847853314024186010147324105600030082624443824110503390110444990344347825940953470207685757833995202059223771433391e-449
2.43632018905752583637057880090045733388229980075338829495735304067123639955581378172024783721956294875083457566661844216e-455
-2.74309110178052900391419310241847087568455303794482990302416880785432669885236883182981138690068110584039840394538288098e-457
-1.39885473805197315621081424591723091779527826492122653327397384116769389571296344749983808520769650383653670772143202603e-463
1.55741738632456337035736037763004176418665559074290013651206338063768308079422261730148594826181113065594684605809308824e-465
8.09016676573687699059615491801046436636093018416217117225906112920172671849795461315000647500538513581573993074122823910e-472
-8.91011851035580585671500379398861018636309441459889283823235550817931389516136670139366442536012136137076358676113018735e-474
-4.71665456461573096201367146786350008210125568126611623049371785168958873820512222742602723453526684905736726771440442383e-480
5.14064107469495736972392389435132757651608515750461394021953339393694449989430316695311019721964211538121072366853329072e-482
2.77424912734421140301115212712409465412041397882432749248728514269991447690469954011893621719618450269889497517746800090e-488
-2.99327240425158799605810667169744754952524613875832955242293969252989022158140342039598038098054175194416127201664340091e-490
-1.64752869595655641425602861777132308715953678107298290417809930676760074411646259817775892047759607681433450027334379688e-496
1.76038926495076172159735435517815428510287190636569220249577997999369649961170328985083656798357900864040183219212498454e-498
9.88636621690063464488396340454021376873368040158457835824560836500520586167188621503796165943631437970489003164192204331e-505
-1.04650653310754700119207032686262382548032034386574237934063996664590342458962735120396017624679505854637473399309181439e-506
-5.99923206771365875874843578056676606625214006170828317483876697673900003835956097323893229440514392892128505940757293743e-513
6.29335820125531048226748110337158708205988085198701862064766691432489560844295065824597032333185620096306155220993437413e-515
3.68424403194720747326904086437188476158383508064358539510897459433530944933498517958985220250402138321338931392804518110e-521
-3.83147817412555621032127723252567015764988013145304879789386652251901406201539352635430616769918917732040168159999822299e-523
-2.29157002412349503661937363529942081144803287580824800294309687387579079169870155230492015885609190087355803876463992926e-529
2.36335919268621474233643091128571448167561259327218121665835987935635472687922220808719582132973674424863162085605981470e-531
1.44473522009797329919398511452643977962384517816373506276460829925736731748365021345122225432996680789964385420581641443e-537
-1.47811745430012797139082260928529912656458805901692477882198303586854343343941014533107097845135676109287783843536351606e-539
-9.23958755237536853741912689160961896954556259672779002825650176998773237967869937285693742095159468640148259490357488025e-546
9.38082386957687917314918315114031683577863306471442331104188608849437254460234949288286767249285063408505564319978738578e-548
5.99881824418626556500654137465399794944624514012317135302858143651582336108863031592903107618438976180298190428646009600e-554
-6.04593927869794560622035459344346179860308576179868352579938505246573091940230232844031024790053707979622083650557559954e-556
-3.95702075136929500791130289820795422053207438994916715645742344224420667109675747900654414160495643407666466852392181551e-562
3.96019490838892186454201564295217179311400945259976668700235654160179322007873189676240814798784385783737150027518729827e-564
2.65401037412382929542438737867192954879487229430798353607352499383016658176302638583618148865960595543690800695013699644e-570
-2.63839700242242796913712078014239134849629953596000378619380696991667602147305462097810611547342966993770049958478966422e-572
-1.81139224412216166016443509533033894933093823938544352194414453039635796923641634799958143854126870211283266131513743748e-578
1.78927579350458077056078496857795737345956100765441617764008157196863496727761252933677466872448696211644750574356692877e-580
1.25905306274531645359975114797737359864603175992996707185522030254634980697183387375590897398485843076323513282218779779e-586
-1.23615519358466369544942304555318716398906455428312422559486863065389274842211220417297450133087709149997442273232908408e-588
-8.91960635582524103060888673169725706320590799686691533547131584961535478255904454224768832060470661842800386677806486839e-595
8.70712696406060583668561781056364378631683843834876752364630664753597171089819649923217086928518267677138971043508381000e-597
6.44567975114797362541350368305625165358373488067211307707348762590265391018481581330040708784748630689808086577696934143e-603
-6.25796949491679794197239078610327570418237737334817345140827364699724774089652770861755883520353630901547154155609964549e-605
-4.75518601652944700599860076367728464961714178429759479672308289619331307614144282422376786447904279862392054164727147045e-611
4.59306364551472303253534447791042542561793637434773613550298577127172979091814271518938150638190174063348549698739316508e-613
3.58426303201888703814993321644407335718806812071999226251641434637679414456768303094284631736356234033241611316601980160e-619
-3.44539730667449238951868835825943342496266522293582146143708222161850009246790125609911071683084958531433282700962448790e-621
-2.76266000647508762407053313179756950101410139273260737643022392842449372020409672269126183181541142986618560860959127324e-627
2.64365812781532185736622892003706006379412775128423395277360250597516147516508477333731824602280320041973603530894933340e-629
2.17929490468720531890234954559511088804019671768360824923137591893703217284245686142717691831857759165868978489585056421e-635
-2.07666297772875349163599900085178381640273820835960390376286150413739088177155693276953522646547993931398827648244794834e-637
-1.76090478927072519572239991017477256608419436002760706808968285792049269552024720783050044763524047873899758796405708125e-643
1.67144374753512671047069734627826364976216109230755798375002879422647244843159629212946722847878739714654521521770783172e-645
1.45868750969508212593390985906370056571084274245625772358026399651613887274936485032027523577324896964445439917400236343e-651
-1.37961475751573240968520133263233233620695695884010264162584012071383401381892954602847747382587382169788493954734272803e-653
-1.23986860140895454866737262326714986884356159468093606293127364020302538316892385501291073693997813228069786085373107026e-659
1.16881275649221033737483098749954090249582780976825829672925668461292480745376257493478484884780744358039542698852109223e-661
1.08233632034026615690704175019853350228438879542607887867510085594244013557703184188389469079021238776842786149633084581e-667
-1.01727796436555531778158659656811147098171812417021775246541128043819821241540721715362935826519026384416790837905756220e-669
-9.71212409143900042454632065627422789647055414083692232243830715158620577142967848336996227894320832505338649531510459804e-676
9.10405085723106993438240427594399010343685495729098055289573840375963175082459478045197869630243318849367130011283796646e-678
8.96665344556889634558974611299464442329720047047631241601187255448850921860231050419607389439610955993585453657385883298e-684
-8.38550969086588899342651342414752506738021651327078198499677909124296858106332132993759366381044391983073348629636733291e-686
-8.52543238552009812095754997941466557422751572526723274449315015185766977824717042004616613540578315423448993855788758043e-692
7.95665457197065031514445917154939733576977308082076181087512006569560728860432530111528347969820431587203775345574664769e-694
8.35574938089496270226650819662091878429240112397429980854843666734138321335919612020204528575485115246411448195840567741e-700
-7.78487844303214328899225177245268196782747981091933304613460834268401637306040867416108318167784631822954028078489517519e-702
-8.45003146785312376224014680933950485218225427090420672278500237455015943274898634359262031131056596746705356395817875427e-708
7.86168301078655526917925663655905181328011303544756132407803306471268716273271345666200762853330282164607231890429065845e-710
8.82601202535650285216267733559685743475415971814707324913925324730386730302041683056125957745500189848409231125328470234e-716
-8.20261215883837958571079407277578799542177699130792793183642474068383653476483791038751025067398449580672676259788922758e-718
-9.53108181957950650329402758795403266592816721570002985763647609074002132552415424383356253500310103808375246621059544649e-724
8.85118512809723166884457840058295728962496180147192282091693995523243994660695617454207674709867544923447658157394744383e-726
1.06521931865136534073774819431364025127041449596655647061639389017294833307599449529796980974622778780391280454887455320e-731
-9.88809225527559879301882853081459569612283589420108180455335603801220084250433238952589049641619351202391524252207232217e-734
-1.23342482914189212611636705256855676009492137574279664219361878579178602345555828077248004998683259085920714496135158310e-739
1.14484013976956357117730720739230794297829070051298175641138582327494868033642480778499073971818358647351120486263858847e-741
1.48126043350323933428570016072768480690539710383206459231874430870077208918839914175162735975187379278456857578157806072e-747
-1.37520877789809953410109413828241694598717073053235851880135070492091511148652924826964843415282357136408037342403866452e-749
-1.84703338869377556291440158866043905037631731044396696455015062363939593183185934623840572954873700915609625797440722463e-755
1.71579537052654324517827551663625302566545333606570415294438380910830755403347090554229720363384586916824727294595121230e-757
2.39405470026641062382512881277104971207443820243826509825693542758140181982730873958693099792813221609199133845830298803e-763
-2.22602036589491358155138982355402514324800385533369629973688191224769813590862799689238027341957303192748379159671742146e-765
-3.22933734638100019929523478651386432811436773499566039245541542725445717472971277185590434099739968211825721080643182529e-771
3.00653381686894685272617838548661450675957615467942611306165106267695457695816423785258279401557806936583100071288880833e-773
4.53868633607704316602225057706913058020602266629327764411446276600031208840823592566536221824811650682676404450143119624e-779
-4.23249521971967022323818923092889054197534133939189876537416744049723131030206737444095844865340000954600276322797855809e-781
-6.65450684935980718395138129918413563781165883198072746131896627873428447497871500496819925178822700920819497362852113435e-787
6.21805797842848656873702328761136329242370443137817652458604519956933557789978530658897440388936956693235476580580305944e-789
1.01910064546259543341396213159480026460321642168857770436899883265415190641611146117111519793651424907173058011645529943e-794
-9.54532422748312627649956061698723778801650740870674542563843583216320983886520367195010887452244561380460717257846563994e-797
-1.63228583843663109870187511806962887233395847201941308656337977533884029294930843127399270221862178302636430471414029592e-802
1.53309862648231951111265278796174975453882325016075303219729592884843402262666973197808787796162456965988558491982874009e-804
2.73799457740970818491404633021261210674086398822791061967403751521866511655645682410860950816628551041015856677087445643e-810
-2.57974026047802903198789798770449552828318889085741508337980440501555876532557907284535799867707273019096215421385262893e-812
-4.81640910416732702191034410814503382618969045118281541990348296917941935285719050747275223345608332748970979744824827361e-818
4.55417262743461019269832790431002026740089449245619719066526940149713075059008332658748504168495209045843634742360930373e-820
8.89784264504340688791215996418913864921619610402233028049815428377043717902422140863894451310025672556162393534600367998e-826
-8.44677701132497237302291485056944271255372424591563788251693912256044849455054816236501987174453922948537086854515996383e-828
-1.72883259184634256299483565842107556703427266445418723999671359621767009699976469106827273850222185045795026006077970374e-833
1.64839572039894810557611453190214002891730130447898446151406529525334910445741421252964915174479000462375533279199645100e-835
3.53822733512697327370530020101020768364794771047722383955226115057721023363570371678474840545998914606622176856825963747e-841
-3.38987318774414157066508808491054101612704854652035825151180903001037486572491191849827207943175642379207328819646385453e-843
-7.63947578107657191772300678279931275957939709736743622430771545043545134538634775088841014208342724009669889782731791400e-849
7.35771028199222305073791165015741601092870365999120991907915025073893686898970836043815302948012333153647039447754654565e-851
1.74297472451372145987217760048403101785055525396832710933225270032183201744430945181985774312266786112273946726097107511e-856
-1.68829954432601732674102983240969997643350792744626156493886178998809100604219238892975989128448774238564613717186876674e-858
-4.20919243393788323828025997994840683286786309579349489675359783130008793761795656615336051048009653621652899286986128704e-864
4.10242303517179255656442584969812715712973422259137214723159799009927751133593915519123612656842234855403294879760627885e-866
1.07781585326269727457227543404016949116175770712568602624498639459951252391638980247813342752567031043045296180459342916e-871
-1.05749897489431358180391642453277099296031269820858302925420253677176532232272562965432608127106468501518629103970888916e-873
-2.93167413619672476002167504155150957837835658899238021306594428172900910042150973673637510885574866604255618467151723868e-879
2.89709205829436162692913331348664838260238120911174007002144960742212377799822018622838872036749060755663681505414261135e-881
8.48654111505572356883570715448673644563092362105297074170604792243378705942542633012068057048121948681610282402068763640e-887
-8.45110593504470242437659531253390330993292331034767356697304213382696626920854892642341158946315021989021424649395762498e-889
-2.61964028951161437859664984075857658237408118605785210172310961574126649743672048304862812103882449411086154171302913985e-894
2.63023058044404461318314330919563650651004326825630917803702732246285237710352887866849818246922428284608483988476682637e-896
8.64045008386250004530772023643105921818107572256040649788328586954540983766097917262003349841524045173381015418848526875e-902
-8.75184634976586810107228566763161113604638295966103884890913028091490955995936627168957384521993194944475467914706552360e-904
-3.05169460756395474953779346051773387264854050936659304531463924649465008180232794788594146077154114265247332109161982642e-909
3.12008734022747064023856657941414701797310703370106825451958273798689427263036026016435945573461721067981543745012797482e-911
1.15670659654338883693388583980283534525857203357935263773515190790189085645077872211834710442147897631066161205286687761e-916
-1.19446265782197399586210925272195491641104569981234005042201862020493332381524540463568570070324370009976953710614882583e-918
-4.71622487523707889101703469008081989073531466347835572796083511000798294849446394585326602818245562828154796633290676489e-924
4.92197941600371612151552627180869346229361515856403441160000196458601010449246343827641612732291946916844288509758843419e-926
2.07354904993013291532725869207604482922960435290377788599322075736399566856700775423542037541440281796936086541196636389e-931
-2.18846479295879477493781024743230026125073132776651955802232539544779445105854202714754695620294379404808413726930938369e-933
-9.85583385778087179097071655234266707511406083984935456331707204841302761562148927481306804928299622316596520930908039575e-939
1.05267762861393760509148039511628422615943564900351923359252852302659429332721428357946777103945044276509195362111999880e-940
5.07806077526989284060597484713486749138093657027482142871629372532282239114579385802145790108545762666517192068179064033e-946
-5.49271825177208812822753622430844738420285312579949192380521585959415197466166203857310835912000343843427452852755191906e-948
-2.84416042671368236736929291430818537455937622749054823617254439067777514188421180649618018217917545422238756835261773821e-953
3.11785979419815110036964072280107436389781216663182925376005891140680205588651818950935223298888940907089947996964599814e-955
1.73681361035192220595472751568916312755346925176770332579706882784737642808431206990756060224498908818480279728695765764e-960
-1.93112661772363610993337538903610806763966700860576196778393348134098090503628556187771136189000244096745225099767393805e-962
-1.15999778060978487666334840585973675433145451258727298861324771185116808557681785589958551544662319310274404851541626104e-967
1.30927085206968134614655366644008053336959597042491877133886672247741749614045760365117132705346651486717651307354425579e-969
8.50167883406449178718770295565156494218611254798926191018702515033083574566172253732492517864858822439577764574891749136e-975
-9.74924552126211442333629271617418709979179402440292963349845447903436452959588910254750839202424793000901612632603286244e-977
-6.86149045911399041883945909452766154453577396012592891896285735492531232340412359885898520665794016451324202812519660841e-982
8.00164244222577567235843894604744312613094316271812626419139870167007998915775540030059251483912007963473250914521402594e-984
6.12086531191147335490308239066923002546661024454077862803876585134280572349569567594065605957791278822677661582170624576e-989
-7.26593528035914372413894553812385650326941816459191385418477718641065155948336998175809439745452464232639375251623201406e-991