0.999999570589282402785130055169668962145754104530141303113419341871426713669852115739448604071351791237185782734361542636
8.60203175616479652347323166866973986597600496836168326953522745515516124790487341431125871649300098207307229693367281657e-7
-4.30792288828760586777776009670004202291727944814202666680735957943230222472529371483946583359942415215237861896602658795e-7
-2.25952638770657704321293427044733895235248488700131333484662229805479819198314992887525750557166547895322513599396916509e-13
5.67621165930180747768355345693058993594112374089217834562762094985915512379563365260677539910451425530261895806694831414e-14
2.16135886521617388058786293570436537896017626884247504962999106337951212596268348256438223022920944334350535988429905950e-20
-3.63157278442424129010336712637383084707554496769921162597177673222550849896005652622825152617079598998046498025386705559e-21
-1.09324116207759562847563355556871254704646889397697239146173637062821772269363026787366492322515975642109325443235484480e-27
1.38221932241467812292675465833176023914786019098286800562757372546318501920128843333350154234694361390704157566690614032e-28
3.46096061839306729394565654477347507005048518704256617772186983091544135324862341214925864627398596053252558368479208374e-35
-3.51231591999124042513201561687537807719417645309651158115447852718473086123286211349339618809472138899608754061862494292e-36
-7.56594581830483645343337078906420316704221602622153966248895446135167861323379955788588342616608759256275588021348052275e-43
6.42006087970790417034114051625519824836753166162465280880189966950836015063558888914469415262082823455666549587672779562e-44
1.21874884263167132876177922841275651165857256679960044368955191053015906717041303125280699320488476443678646115345447993e-50
-8.89443008805312349322896478947368742942799025133977124609485762396876841923639993788118693961911293113947291021312135808e-52
-1.51510346713652127672160652033770875544956523960845688759334278673765909909636522763535191217642692334017549444212229257e-58
9.70831342897211153813556744623932027314574901436177617126385235386087548986149475067401335002322323856359770118979075152e-60
1.50495746070122509027396662700783607926027592228101937500263593749514160522710921421766341413484179614377819061914542439e-66
-8.60156981653298624526766976485963248707051182345455375595149555077185481942379756803016924277711164672364032682937387438e-68
-1.22718028071288139876129842903177069148294527892553963388730258699617508709009782798855630164325987036838262658691239855e-74
6.33467172612411172808235437415222971463130507085271314646371398963148241426615011649584030063588152620235713361826085367e-76
8.39494535419287140007451842359753775949773308173508179822998859492513531094137796576632339913888584978596734924049429834e-83
-3.95344898848945211947813360146950384860706654443877758662434226984130140411045861241501503219372404441613985615060825022e-84
-4.90440044311044892988578361068102853395360685993974188477104136942099031458968238402275876925716496637340535613191795890e-91
2.12474366745740272225413079942489105090549947535804652838884329808553677264404935048436611561433238629238311620292563040e-92
2.48357987186277303756524055491215503831196262896656577200779321565254434194021030209280609494465800355944513479374705267e-99
-9.96789658885474501848518732688431526533248824473431152067029014762910400630769259228718992096173479372220868290382728124e-101
-1.10403956339872957532647220536448981953765476971077951838276222021398479291191280895288589797531679311901696605797293387e-107
4.12960434558970092546490120654103920382655234083784372307599646101861191455347129105664294420066451434822024078927755837e-109
4.35540627345883515571312055536950100239941268933218449799382515292611404739323361023786612834208560986799217200445788018e-116
-1.52612054666740103359555773695503309771694123661114957020314912981017668130187387535476586326287077467490636792785016020e-117
-1.53928684277389979311581595827740235920736915163438099732536243499333504730770048693617593289887333396955570173006542437e-124
5.07536567057264954885418626763459547890471192899418900928605409608445896256422393654853900342848239046015386613286538755e-126
4.91436605306009848672840700139365185286155603344725502415949829524300970558655432419760128159233025970110221182082976403e-133
-1.53080443382398459549859854211404150966770769599956794223633466583959804411695040175446771270129841500006370699582389955e-134
-1.42781346631774699084278988725038144205153211786308395307397490787644566253818819319533309328349892409937644764581937917e-141
4.21648712590101897869417173388613575759078700254225212535923203668397437358350118399281892106665699187743138581855012698e-143
3.80003496073872773214366689357046269527044597844095684456810876985719943928563426146525224679498519803121756092433091749e-150
-1.06722031134656471096975237282471051491323018175664755772310226293353318555183275278934448114879264151353189707098998904e-151
-9.31929777287053143798840655967439786776649212129123859784549969238231050306270662040213510786531072803575375221662144559e-159
2.49608552309436944526380415952297029246613778828167829332767760825903898680743150464082663441963081396043855012668039614e-160
2.11728876448628027314515938572560829716129078776375634953315396890388478122044827217235430181524994377861743147112255738e-167
-5.42214894480177063566377511325565359554584467231036296812472893709320185974027738131573593197569885265376932917249966232e-169
-4.47805802158140592383640934537689102791177296465444132531804912023171400983715256655288729669224052810364583597949919036e-176
1.09900727214122916418830148683379555603726002125716334952343615716375907078616901037220403601556564873101746194418605063e-177
8.85608524319916284762422440801304537798060505163867443506268337368882640559691191017171640084178807494516624666630536848e-185
-2.08732076625244816914513865398219831482465617240407538431463497274636601074684813443049781269962768535597613126649074424e-186
-1.64440247176371398056099545467761830652847526779386852819772134984099944539413918350335528797766398412945400205555321315e-193
3.72934861096495289024742593537206374309068177787628995271162291161315391052563560351019136490366069082516720844223071430e-195
2.87754708852438146875193973683665691210712726926391386924336073569796760104378471622738562042066684595725673404081417201e-202
-6.29069858990989010590986610759661710808681013899340743719066968992051972068092807031356387292629134914430426402521817613e-204
-4.76208403666652693067976908364681326402403581744706411823587359307888791168053536425150986278571146482106421141398932677e-211
1.00517185572063561945303622457972872019313252564378379063149920439962298759540290205603944162716750249881582240824188793e-212
7.47716554824068121068218077533929374052440133619229624890321102856644642660225135724052314430944796405488084068445178311e-220
-1.52619554937160146235033971805067383934556023018598869440196637274926084378104090217721692685008861583500283585498139450e-221
-1.11725435364582473529165425484264167219264292459541776290784036879030056993126193624103813719876062422626295522916945706e-228
2.20837001307009662289232368988874456536277432512345006380107307643263845580030730101360166741029794019449210586796996462e-230
1.59318839654931822958206123827970411147311580538630255869527949583360704606137748212368362390825195948634623152151032349e-237
-3.05357586813913836128797271943554930592958281056702754854822671606640195433404730530733818079910486350403853516649257649e-239
-2.17385799772496819336593591166365318372896826221248002917612236747723706703330611015018122947597178863007125055477812953e-246
4.04513039296937076653043364988862037330041763314876433846207660845461448031112905162879094738320195364156524564728633647e-248
2.84527920530688244606060530801012288533717435949002206413724006695612538130266696824551443667691900603236920596502034834e-255
-5.14624537872720414881684610564439062460527488128991472889059754655592463008439393580935338672910789691732617995084775349e-257
-3.58069690193636998097150399371343968014548132518063558510705201010335482573267658034070862535407585717201435952110261809e-264
6.30190149059068642346069800506752150702964806633410397903875112659033148113337686113314817707515982030052312812627711366e-266
4.34233100061321162375089376818603426235557792671633848063639802570721284922942686828848795329096160082782597239382826681e-273
-7.44410002868527048444720811784525998551518323787100772787781825442117381570861608825050085741916775107698018731958917212e-275
-5.08515755159140327119538670876097171029837174394408386168764403690546732031321759209284742297552108838464576670165197110e-282
8.49964458491619711552388694829254580337613590623187509343881982363047599828081781662303632857667461278482817276220264905e-284
5.76208622459068000082171250738090902326696912752103473363365082335595196423198736181745055578615235360977764101791915840e-291
-9.39901465387882725237457236094499656682319176180397620016935403551332738763389447510089372889466333483372488215008768553e-293
-6.32958250700984558527855233565441068408031572170746072857880681554888065499405334439428050194409884795618830006320998782e-300
1.00846832275315251354258933018149050669546455259249576653448537990541289364390348077821856829611511250869408074671334792e-301
6.75271639911876563747659391105587656650487783275419784138626994911577698709578752512732788428233166361343508994279580549e-309
-1.05174326409418026651879629887670863813405839725562623764696766218547702821088470513278487642224726841873386654733376740e-310
-7.00879808322861293506355173450177955617328579196926029333010050199708637408773361336968902936200651224495786137715129135e-318
1.06797429270810622261806787326665913997025429900538928067457273044181093990659500529852822361250980679560540722746413503e-319
7.08911244001288232659264580587379248487772566209510863370214405119370210333551839618003381777322329192000291460235493764e-327
-1.05759918873922038773424765626875859644364311602504927020921980318895059451244626907745618413051084314635868013001837463e-328
-6.99867785509784106792690897969234175076202588515998349397882284280485924848987076345925899450773824568581278515936036540e-336
1.02298310934152456575284397422368163156046014758338386233383991150415251757167110199887938081864261389297592459584966663e-337
6.75432178442570157925251546052220419110553245303911679949136807259925397911611302725103455221385177677306631889920820748e-345
-9.67954701665025484517215081005937602487849884005183139025889046925388283250546682385672060035644072781181059213798312874e-347
-6.38161012613791677940009452861632390533296480121392858886962786102542969339080571587747933643453602227311647870090673473e-354
8.97241635593782026169628038729811396016048239322506890162220749775639079226893021850916960985638233814667876487311227831e-356
5.91126035680072514246664885472059013662045415818735857786448041670685952983017045915969229014004090254508906151877184133e-363
-8.15902945303298190037220183805476965374290877407013744411325371762233227361430992396299464170055043883433241308726726723e-365
-5.37562368144165567976052126439148635487027142630803331753141357576162404491145277827484402958905182949963852668102068343e-372
7.28834881427161450258615006626282949872848400244214622274850767428122173517966218478091850804891091934000687983434185159e-374
4.80568158169678045360841044040113596309715836653024439039799108282300001327755454313659739656110483428050893266848887087e-381
-6.40397710668368843964719790426906140109726831844509813387494681938047963608436195556928525440911944283732547698603582687e-383
-4.22881952515588387843894927493245856495561670660491894862515046186777296852282326138149182976964518211746458234134484865e-390
5.54181131908375130865461800925925369422651697870183813361247412182159881804126951012569246091235789949056395814674102787e-392
3.66746200111296308485214061121896837997001347747671598121874824881675131540596832731214487421340229750131235581969293573e-399
-4.72901497592632201696022558752568688985337952179692246132760077598027510116826352752942901970127834896022970216765806029e-401
-3.13851044270080099816792546227173792482693263325179300115932195663411902647093363073890316938775946367529964667931993259e-408
3.98407736586799000107109205608389845848979349382216012369446126446771384455445896123470645963903580024134989002430958453e-410
2.65343368627895515812064113929235642438349105978424255074532649544492778041893496610389164636446501502510921865941719152e-417
-3.31765094082197642060846883951804404618562031577368881428180013991233069257769920180638460518416515589259173264176540422e-419
-2.21881940468082288608645366302230264630761779652765817147154839852275916098395865096282426124688373742625314937199286775e-426
2.73385102497531183869212304570184594801628126319404920151367198197043337846428201448632454311799119762018552020833914691e-428
1.83719481943934074741034523548279182172289605594518111137413488759697173498719679516831088264039781118607070803930327157e-435
-2.23174310802708943848250495736945886139352134606877866752121678627839799947629923429513141678426691223786616137211320088e-437
-1.50795213240652911889564990477965337721437120755081003074193769974160553199267365442728052211109557137424133578575801410e-444
1.80680897866980400388681244657971651192299346290828591787098222911475999344161941035225677167940830820844568934694523591e-446
1.22825479183725440412766511431247688490472472139014649583590899009092878262023564802430880040347730776357551029439457371e-453
-1.45225464947121335773183977719701622095354344316426274531200660699072162520246923047566725848897009598648784600935459981e-455
-9.93843896079061417302006786337244991192558880737530675831921949939627071248304614237205306984331084870143639455627687792e-463
1.16008751168626130862404731849566511119549599714344519255909127681669447181488768955344507419671667183070914719187211186e-464
7.99702434032002057818341184536230573955867586232961748299924406615043173020940187963516005772347397270034305591107284578e-472
-9.21940672156214835375400499774891342677759658934971623058404812097094284814720032135246108032537318950639814051756969485e-474
-6.40564939606126545963651713214681858693248847292947728408527183174588248021243981313290979344425717058525490736965293518e-481
7.29657094196935396559579326486294910199622547020082443768786899940865940452612343288395478828690248500184283237583389155e-483
5.11280569404141377196659003084392044325995984163318353440867517824989990798719281940418367259689890154579937808889777990e-490
-5.75666338023826426342645955187971308608713811269013085596206974183326743383031528328666939275459665485887928164876226568e-492
-4.07049483716588224393092874347469442566168170572104685920189037164695200360616920981258809081042870424700143426266651544e-499
4.53195372217660876745968971965899845303512322554563868089591075184949983443912396014777172491110401330212382937547815048e-501
3.23557518866379581881721965218156145968843236921933301071242991238694885903182501211310238357574107505915360697681525670e-508
-3.56355564304145151791929849418836298369211558696324140225459116099350486379417485166024327513966566785023552604345688515e-510
-2.57034520628371186332218464701109090344780402763753001507088073162548592447288271770938292464345677455560755562576155527e-517
2.80143723522679407438215743126381901354759384331606723451852709162084562470573347773674242671201039383872061321266757187e-519
2.04259217674507187327542070872538098438403120997831283254678785730217298731038403413031823809073885431154311111532883825e-526
-2.20388472386108107560685439738253019862195940626243356282189268585730169324526996092832384310265320837666936536151739523e-528
-1.62529617778560245342728615474819424760279288580698195696501516472288671305334939239395426905340257224169668942845396414e-535
1.73666026009867150846871364181296079648174150339595658775302822245780200626206333765564345877762222682269797017307886496e-537
1.29613639077781763273247643606393606690124986281194239073227406504363071034222787387682876090601763853626821742995105586e-544
-1.37202742166075363420225650201813944600637086743605833873323808987079368111834992278610747121357046956111695583662765603e-546
-1.03690682407024730551838115410072590171043200446275285045447782699520898411154479134785679951002230156159900553157532595e-553
1.08776122718302552084117160088570581542755977656594976855946132823820992971312903804553050639285312331649717152058072582e-555
8.32914388017797803521060269998667641007393927786220389437834521224016760431301084364041814777770220133307008485831214817e-563
-8.66214813972233276077355569177300681358624799030830093482014415025081734743427044748358452044741627308772520973180167987e-565
-6.72405233742125624089053298986780061989701160243889405129883059038105787187361432405303455968559304114748525250708715778e-572
6.93481995778913062919291487234266561139496456104136207159144030479441365036752444733826730637786448941878569655138513291e-574
5.46045137288593833036941844212653743464317285811407116413005787131211526561212008447639209248835002857312244648914274836e-581
-5.58672086251029708415067011388675658946771807602545662696863106301380666961663534022290641025044474258297155330421594120e-583
-4.46465579044527559949218418169786680348178325126124737585873683275873535668230242023602043472952936365811936630417454763e-590
4.53298590597837459723856609413374407189811659506669333687748711997992821963632560645126045651778908410559947166400748649e-592
3.67877861944646089566902424467394882420505575406580381658101954745967455189252727336286550081790126885284101097483166470e-599
-3.70774601208961635475617486976633733174269303270581714664627235923883278842442319757021958784219507846160657835220682648e-601
-3.05751953196869466760920492098973816972937264098802795505362893837514654970545778390946102573762303917994576058076526037e-608
3.06003210418665670308461985955796419131362728291552809528557909783813763144602395098369418288892568627672649492136690156e-610
2.56553682958318638932958994474965730601698911744966471257211833217550049958647859200973664161353369449984729688953176445e-617
-2.55049552453640917631090954159466247591090477196536786356863689298737861133693131721829260594677012144830849111503377883e-619
-2.17532644878074182819460942484175718971764287924003773696412150924319717941279566381586679723487679554876015248429415817e-626
2.14881135568819136709861136654243190252670770835140227209140336636258100866273784725971416315563048993549029510726591835e-628
1.86552974087989974014481094602760569234191258935567669121629600500302279308665403533208622079439019629421924482730024081e-635
-1.83164161940130586425830577592397264412533063393827782080146514508423328390839088681523775054625271196471027170025182307e-637
-1.61959663989817703441493854496997977250249368045301626508107817565215740937730647629885401017560012664628328313911524107e-644
1.58105043427497422330622771268263858859278161865787827426979159865109653201696155720773512959998321501730905693251638767e-646
1.42473906933273173094585297779992453723465584770707526765811589593035393523406444573046362188472827776748892206193833602e-653
-1.38327980533461042220076077461300418712087868425941225590240957620531007688351406404168540183126809443255763728923135593e-655
-1.27111901543843925795974138649010105657419654793900134997704036446667936109088728724856470047672889193129713917550878987e-662
1.22781089685901855134175412767482339023978917756424255173972342987379869490724200800085344737786628142741330394663509014e-664
1.15122539947384727765093267429418774191190411756704686361138007253383943141170934986012947039485145968523049316627402791e-671
-1.10665043102345549545840613024252613336131388810122988651968294832382793656100883075282856794226557910855214670690991751e-673
-1.05940309189665563785740297019946991199255804968487430429683434409018397257833817561920814474898586088538743077443509865e-680
1.01379489953927727358930504541560333114973064186723199057367855553637354286475036728392637315913408505519744050652269818e-682
9.91505916639766380679891683771205187315142778347038067744818113890232228191701482234172191525886491347083831936059576844e-690
-9.44836608498544483262603817374951552508853159170993575033739382400440263328757326157826715481332762300674161971014637230e-692
-9.44653379891510999905097454039688659378735415946332957094388506065960259444916086687250722345232050031418649942585430869e-699
8.96685493848704303730474396597854137592028425580664744237588206442420147968533741237116604781867840129767289810483276335e-701
9.17078455251748967345709345260916148426795991981710877361038666962502106925193562633907933886100261302071071610579265000e-708
-8.67389640113925885246797109884954827741980462967183605749891683080129595253969347123376662576871408921113684387476551154e-710
-9.08061648175727110335542840114273830878148472613501525999117015168182119837323863273896302154149767815347919130634042551e-717
8.56046205273190294025187932153089523721160872008715729046032439091557727381826633751429715242462700361179514853634545294e-719
9.17955668077778474347368715507487759148964827832282643144922938807723962781252443535511180791163289597033517284863734957e-726
-8.62803982989793334046130716918518005024206969369478071290331904016970287144027369928294772697511558338045863710933178219e-728
-9.48316813504491848611164142275333012065396873540736831007579011070374055481079877553518822020755495617517307652604837241e-735
8.88970578138869558383243706954521654052155424044328553673478812971024844034689749426789727713163816654985883118832759592e-737
1.00217600056748762496120614439033288792454418435572102992502468873527939039891798985039021145074395110145615181450513363e-743
-9.37253431232640486777228717553346159591793655385679842636296158526660993468869119844666485556321642056889232751725035489e-746
-1.08450824376505158241703292656841484664507515592544692895315819927642865066744045110619350810215260887370349573322591655e-752
1.01218851426008044260486991256465553137934458394360623811959755154702939419377851855895613185148378367794861830641141744e-754
1.20300128918500707888299207743181860852731788706452755726277778536294249875846566295105463768759333611941393623820803562e-761
-1.12085001026891211541311148117197351364120541916062232595977458309185649636934442765867949609916455915070659221919417258e-763
-1.36929439708282269056054252630571014873946124893567965263842407060775218001809394868434095634490219477462517463619206981e-770
1.27400037037869111139899793179573570038860379788903956539648769130249509465220672147374563633447713326431040737642347084e-772
1.60097956167815911256918898576677318642196706071904978896586652351125814281691921695723757974677200796498044565880018445e-779
-1.48795411865000692157890713952791570634084224986334226958642105291811185060085367336163033668248500504115231560157659630e-781
-1.92487180702716221530712281951890804888921383462480211261536632844247266985673235142440734442223478446211857302670599873e-788
1.78763036728370456432392576341487037457880986998663562194738007277105375298186143164094842601351859449588662946742901705e-790
2.38244265459585548053449758390428330810335687040625005717499040980642445104267666227049872947344787838826286078052507892e-797
-2.21163391664662950146102261644475909026490437627551453889789828848195298307504487661418549749288436954601430115484678900e-799
-3.03902711057744331022573192599726700955804349823709479502591004509325791004857144746898072172855842812041430736902833510e-806
2.82088057837230888120434609740770181124102226364335806574875118050646704590781766182458035676346716260276735783565683066e-808
3.99976932476710871124501464970486289819156898275867326096819236911159820756093316284771728626152755286317705188274757828e-815
-3.71356313087598926467994663487272186697608761177687057808167915072946617016142441807462834511991876343805660121926920517e-817
-5.43789639278495637011343001204675731726224272841745755236982224001637367880525496036097201236181793072182080834033960134e-824
5.05174068375918596227492222226907014708550079563983622782435908984923037807707431492952627238645288713909267725112557545e-826
7.64612081697422482940873041300176782037325276593043037979716259984341503320692451583488341249629885358243160678309305028e-833
-7.10978314742887270681670211544896132733837560323184213108043358118109504829867041996643517351774601382605028819831185981e-835
-1.11325911054931006112468385758384229435681422754331662602640126295493460516488736094294664317812777756986422527667376858e-841
1.03650134336604661460667616084646214352874917313768724160048713732604153889764533954868031821107754492681789175352543401e-843
1.68050432095352644015016889135407314260964321686318223539546594454022155440656685772240974131013965241656620996620269365e-850
-1.56721187774751809093807478182545299209825780330060080989388089515515657831859416916493054573855436476325726903265837913e-852
-2.63346932212243497841448654101997275095570944660598409212038038012810774297355728694122844404109430557625158709029763731e-859
2.46087648314473493865607370664391908089282388844609215651273232507084373708534701073260499476926472549736139039254239091e-861
4.28976571033848841121840903799728245447062671630129044942542388411150660218408405816041195426441061246859026231459718897e-868
-4.01819287161872621210658805484917159413735924782140872200201460436728626980160158796908856138922089466583595990997895725e-870
-7.27348167760605853137274071061822549341889606528110487540918817019888598795676129328635259235592217605371148893574223025e-877
6.83188923112580523349501392717578129401531299876807691466786126293152495828101222939983616960999787904169566298077518366e-879