0.137890158728948831697283487088547259918783960416738624607020976777465457765374930871964742823784662655860288426908881227
0.302062449332147552373953570227009401629341779878436218435855141365685705366304362730422759919141953342685536301178109381
0.223008441396373707359388056308818052026398488979681031047976252640935328944954616957704445310957370252636754577509614545
-0.00566681481589384948291755746821011706394721029194625690990388210560766518285515040028283818586581743794561011879939793402
-0.113277030269172947315290553878016087047374795761952767369342796921892309646933908630069687299835914828273779850724825098
-0.0678644574956200753695208697507378718987891232301881357918389291681421568705570649696242460475481524076026526683703730146
-0.00222408149289848232709105409343057592209104503962890747501059419448284640537116398251566062023944939123530242216608459825
0.0164794414718404523444412362552442697082866879108079375823582670617678698919213192737138170008380736365410902227465287819
0.00810962822358357635416044264370045753081982205769683450947680903138004371698129145210092917197036934178811134367058940124
0.000326785329880498433840548924390353360992867848254143904692711372093964648046062976456937820559121078286444978518518798035
-0.00124425218647139499397648497528831679490926745232133752850878612086768453482839966230564086969866618362048741959326185035
-0.000530315514314557028923201891954222735192385097755006027230915554132105512535367340657274012639828562884439019305330551366
-2.63611861571057141529962792405320323978594571479758969260578235118334452024371889777328223528122880532282145415553190087e-5
5.60046933282522971945116851825360449795145545680250070557397047630730147264738593414345366668998052633874990004431820734e-5
2.19986048970150966312949866984943131509138528914975822623732251396041929210492958134135559906866557238833128688378621254e-5
1.44806525700374857816446903041574933269213708564020242059661591106723178583057025039820643335129119816977750783478511671e-6
-1.62789212126321876019830741300560026719060730722209270060115271405682754832032113230441419195974691716771529928146902974e-6
-6.27745304352903738809676417395736495616225990662567470171397989045928812884188826224255613440358120019465077176267104404e-7
-5.46531500498622785509949779030382412264884602692996222737642505715825167255826132561457551915824933948704730170543044996e-8
3.18810260911070449563826480238477373780365393214673072897926764488223081616324126612063872985391187406099249709453284992e-8
1.29146630262427555387659293275246897104926881743582256917073724424800765544934846552265665221193390837088307805874255935e-8
1.43819184816201765183243762486170307962372826010296824152523408659981444687619774190099907249384053735517264602886073401e-9
-4.23039965747142314653645804693445834288298010884413074236500532950072815638906953103148746369672560377781367427759322607e-10
-1.96721832226283131375306244017629127091804007313966676785975728638125273528830921552064763183033239605381335388172070656e-10
-2.71105493854871072876733466941362033029634455281084401770924496565855935425954365907998130055356476464362821650743175742e-11
3.56612143823301614641985074669526482070347263025343869377571458861018093080322260530128890010826139494250599014095283796e-12
2.24617619144231003397574998346584542786885585129655253411316492709289517330544198750823791778362450164991189374934759631e-12
3.75847347050550897988757568278037666988331232931801051132042567934087428321398909394782918620234653490827474534138923137e-13
-1.23898510601961780442405333982732610300634973527364280107277259480022741155282367517634495400878061110414370125020125405e-14
-1.91909458612538734577899224554223561118835016437851649951411737419689577604018143294988380443223576000059864710128321499e-14
-3.90940484356249044921229246436398180056469753500878779193714929520106020605993881682474465889631262724061894966136206867e-15
-1.26863895420565650137001630384804142795678384932071254461283664980775047537032156489218684016261548365601614569704581360e-16
1.19698258857506898764983695553067814248630639162297444527443418131331855766115636794256575489733840833371847546752789900e-16
3.08640816539540557493877868818980743820256662465490634335749236224033470488242256930905079932402303273400370100411262352e-17
2.50259481593034781187714262155832591316392108218100186629058899489509454085898703505929464823605977095114171157544466140e-18
-4.98902921016797450398878436446034524261189325250021506257725275274241619778500088460676837327261729423286908873272228479e-19
-1.85042058338278908421617610539903433445079394305056106622285518575886326907663640517301967899994433260330836095835903216e-19
-2.28333708388178002576008592140613984042852010921810804930508236831255964824573451195855978454563502656612089846682257077e-20
8.54681886052226488681207304819198032936519961989753653503401689848693790638411836905370784569240893167740325940599659991e-22
8.27335410708158156641251833334974063191630900267472920943205597482990515232032306830987924508492876415754649857178740975e-22
1.40528694587951537129752790831310413233327910892206866512377895925969860464133810122378950714466023526229016641474703544e-22
5.40692189775479067036808644838717104051127682836860347069724982363702221328188058248435257360964085045816363838690297451e-24
-2.58494875844197527087651696767992829249253184095826070827574512873078836880923031911272716963948021294311281225578347180e-24
-6.28810898538933375106028947075749743948488487854761733998071954366628996443291193664557121689675788842682102477102967702e-25
-5.61590714759125033858835203011762073462801002014334175986830092986873254889822716952109484724917419176815619112555429721e-26
4.24729855497370430711072366833916687607424230463616819450380364624442021049477389681999014940245853393699298629564981981e-27
2.05587613064223007237655622281961536850559950321876084707421097042905145556758104477369689608771440775430185254822410957e-27
2.81044820644182961345006565950293991436470421770339954870846408652661836833075885213127298848877874943802247725349928340e-28
6.77014446897320086246785266582616638790778849679077420046874312089082264957527675033726340043882214049061806285794591690e-30
-4.61002970832686426689239902032018779315318076618856452372638577841610715381782427869466431079750491996485791280231445531e-30
-9.47898850446836338945055959996951384140618379926447486976304518399544747391128327963304514070758552347049189243070683252e-31
-7.51469894599950874098008207105122733635879039511605550638012914789295013358376734169700122098788692282672184093811405570e-32
5.03278488790492694906208265581396471688347037479477331214802052140928079995677973710536718837010776239545989015621074556e-33
2.24518410786692335458561421573035597580863982338074288459738638311622886921325650830237147393324163058461213798656555424e-33
2.88714135202475216298707216778389366940100934451411306483841778572745364075367745943220523136987555778570269016876001425e-34
9.01885044537994575460048944707774023379275416047527131299128677579237247575888885197012520632098729267107978716991871920e-36
-3.42074296070003171220567847626465104154909289553944958816555958330656081673510166312947863108037165532288676233515145894e-36
-7.10026274980945210606854115621358896802602211915020898848477238068343644032906873624692233029820960699864980530117648695e-37
-5.99514409916417503372801961578839774704138580871016865960866436302222192780532332593905539789537644215831777499545925585e-38
1.54855006390424187448597003139991558133869469135808124532650498936812754023748525504542252673073218390703562398666177092e-39
1.16767166016981752081129479637848005675777306416846275541433274973279874791858859411444674560498525754889934999943525080e-39
1.60991026648203800705818357869708185454999766276992963931349659955112383696838842937558662739761723483209308103315819867e-40
8.08031585816129277253302200712186093241865169845687445490397703084232837625260985556288544656706457606282122315401253721e-42
-1.04823096261849711810654461110221165558486019805094847149837143698094150170507474902010782108320898956935786291717686452e-42
-2.73683439493835710682620212291037427988726295928471355028027113574867179162965616250263017730048188539040782612402245764e-43
-2.73598829471736970173562865670309779975364470999166154507896533117299298961526830862913161046760918267889027586799160028e-44
-4.81147299592327664367557777907169256256624914080631321042959583939962790946630556294858022307460286447553069548703039477e-46
2.84418862474705056222424299883931266648285719997640003643810772161358889337345292618422469974678325368386093181719563191e-46
4.83112574515565508499959986934663320314989735218999664023368921771557446625842989844021763030893027471047202080211956419e-47
3.56111859327995046228002232479770632892528893280210733424515509796383650624258955934363403581058308028401396005637827022e-48
-6.96318590786787454735983865906055769711290378631366948225590035050876505218329228355142926821599602232166266754187962472e-50
-5.25710934725222170264771451425064053698293934238030560527046295891868150814121565526693064223230149811132518272224785617e-50
-6.73047253275122350116315380746798150902127950563839340999475031995375109118239095410050178594457477614807115779411482193e-51
-3.56647942781320686243438403876253135700210818251365332002704319360430607795316812580028192728892548787274405232686031685e-52
2.50576689831856730506555820498743270476147180747939706045520673307120097676810046205662056329957630607516493474701081573e-53
7.42750083735440207360522134540826217373597437146850214009196546264544620559329843760828310405441287793769996522072195349e-54
7.63167969990105683764008008814143191403558529461679928419666627954934361306403468504554210961548901039370275207836304283e-55
2.69640657044812787763796779980456407991364965891592726570588209682924843506621025564045276844056653704114227410612696617e-56
-4.19999146571488102366798413925715060797044156611218073530721687596210849938222775086893380483703962495883028133202554367e-57
-8.44358086581448820064318151935551111021958253564535383926995307929686191870513730233624476789670786295659981340956519364e-58
-7.21366779311839782036734888551540519735949568195033731595537232538379122756164576948803218210730788074478290779445800503e-59
-1.41997646152483952797622209092592746674644059950710118550351144707389206501467397094119385541768867404797306480808533714e-60
5.02135107146626489596439383370857468946105775452528499263819258614887023345500739065423819979158853652129595401990439621e-61
7.96341949644038825219496057279750353303091564991380855709925927984000468747130274148623737815250042674110434337895842977e-62
5.80318647311049029580357232948792550790317337418002125697666283466607798401985761605684526226076218574405963757057349840e-63
3.35991871207244934223291085720559389656645132155926651520899063250892310711923065876040952802940510948812463223849397346e-65
-4.73052755846020069749605277556590315970518573274469674736328937153036858748446816652128147071492870672183052802307375296e-65
-6.36512294174926890317148387850082781557623843470389654283908976483556605125898538409842968944757703958984590334509903565e-66
-4.05048637484745411538069873259347341263884574066905915632989700966732323892121304390869354659051561071924781577741081062e-67
2.43874663457749579493055126617761727972606529916220163795096946209447991221792263804996735510834745112189178592644679577e-69
3.66633422197024827012119587472024816868867130392474563345542197790598831718289850741875273262219414417128902495231173463e-69
4.38095439258111605732768272448542836943185232494226995768267182462026468136946136739185198942102477030028396123034997719e-70
2.49749857199289713421543041904598720096156698672493607728664630229907067832204051459877975882842425863882278980306940334e-71
-3.74144973705335168764445889988415481567035145459561164994711699617857926549783667127845405657394500740534973103138177154e-73
-2.39420049521706471657234599158579059053525085500589732265422609753053277025687104469645959332332100842766034380981127351e-73
-2.62828465005742019548796805875402242835139692976263467258936021764001118011230868985380725503616406345442478835862857883e-74
-1.38218579144489817996035774620846442055615423637954026543803703604906328484787388318655074229676572216769417900449547638e-75
2.78997472773549998896200706408387155676365033579652993191651310766434093271973348698215803997298843339827438393915883896e-77
1.33694935216219808895031691432466170444923815621762889148986016790267750941544902885741332975357739834836462457426316710e-77
1.38696230451465880351514659565321327201905322318293705155741198328145506402712630746082370351021584919435369162250102001e-78
6.94895793707028387641825851121978159576463208512650490571229548020358259946675394104846742177836014780916202538389130433e-80
-1.46296139643411122064989347723785807911502578356592973522431583678589690855709328012202527969052695491271648940835953205e-81
-6.44380738704966565884773852212333685628208676717125211457768126302429817532098858578977491408888791988721085542061507443e-82
-6.47886244751121083674737880888634232876424055034933027774580032473558561407503224087134449539979906426285219394282496098e-83
-3.19461471093705699942159211704125976372025122250817187041561284321817548109856164269291134922158175891826673330133010418e-84
5.66392787260933494287072234302914648917919609521264173505220290142935161736123765454681732918818159573778238870950265771e-86
2.69497613259502992120043613428335346575515638143274057643210887594548398451991892351733857845028466382284955213166096196e-86
2.68935149762212248068473512475449469775707080519153172181214845241471269642589906855506556214779701651500265914330777298e-87
1.34399316105576822520904338961205703255488431300388167129481820610911530224514902186402127805240892395596192212175259432e-88
-1.49486211811262957953138098778800605432370910135776052617941724606424489056700222059831557331126119564180115450537662057e-90
-9.79795011939918158124283139306836908428637536158660007601921811409200972914734004090257545485565178125051463591011290586e-91
-9.93628541907345909032520695797002161843343502119006801130029494638519746626451747128994159491538827198070479134594977791e-92
-5.15505667692442768446360154861391668948171978658294326980658366687580912350466813171040463992268011864257597979186402563e-93
1.30345320997586234807395688265533821930639581947079039919409120170064878895232539049549823133459510560241170887738402138e-95
3.09045655714025567426506912857361397018893799827991153192893673765832228669259375804500947246843910629132325363160396614e-95
3.26663056359632086325154939201006703937242231875736612769338428613861613481768842819675796318119480243805424625172859912e-96
1.79175397469871656544684557174320404477744944732574052235190650642113306397121337423914547707412494778821026005603956987e-97
1.22641542669230385270108448202038355630351047103647562546991470700062429899355347554423866329399168562486710908881040436e-99
-8.39726928216674685682837131480486221670933945808618090653066882405932300155941463093466004038655202338179343512312128148e-100
-9.53634049067218296900485927242737139332426015605623095467493348333648920974555097310341969998527314599400244615050218436e-101
-5.60610836168176930175744340967573784634957791685524575144835480519562853027407088116680997251636660690495132453219742397e-102
-9.06197395112278568700912976405238627779911799372667246701355102481486853735967036906403534788190854297245830410765817819e-104
1.93456669246681208497588101901689257114389204110019917323613532975235940562619179414539584443451525287950761875717445142e-104
2.46252202826181151290040118896251906701459558023864319978817203126591624469682022794785029161249733801984399056179276878e-105
1.56933920667532644613451742914757237697612122783241126264031569827645898973180653593221227302573269442530330476285141408e-106
3.92577518416659658921007217984210359061180350479325607091027554188476803582395683717643629135106108019343197624445167202e-108
-3.64705731298824768014783183325819878486938639260612998469737511922838539514147147017450880783958364293054160591152960004e-109
-5.58958434630285104488102493335720332928910365775251346279469420620976311549224405023525502222042052798699473325553232773e-110
-3.90876433442378019726053928222226197068182073363442192820736737994723001844233870959842840821255436233648598449561279183e-111
-1.30216092433214556218335774479845671421132140747870980352828113165571332656414038021294898774056413404539601946381367039e-112
5.10698429527206860621649364074848996125196168215948965631449930415205472907423040543437217935589054305475297955833462465e-114
1.10410345649725742673386088366336123325332154965744945232409674811106718917310576212437777422017607788061355755618523627e-114
8.61560395671630377671860745058079965358940392751371277169560628514451610132851877653912546569851039938240900908935764561e-116
3.55030690410068261264600310344195780389421074655332755364640674567556323702541664212167648308858320367470642277214240132e-117
-3.24455518254768017645788807879443761145492790155566180556301787349301089667277642178147849864742668379807028462702832095e-119
-1.86505228129161773526787973720290383073408941778340577846998646157219278971045749297712458702487815390105389166853440255e-119
-1.67025586791066427920580971209331276039076521566677462796699937042942518879704560741206422509920137876619867656412666311e-120
-8.18911849533189291464835176643409124038500086067015348055127341811575001853999170625694431794489207855259518146899261744e-122
-8.41403639004208772776469420376879073064355855974581529269281251688291034498946523331425157134437563707531135821548402572e-124
2.60215099879688339024268458028378329417016363837673176570828262198686403418294316354520323212746828096527423037261882480e-124
2.82416828087571465213934579296005652581458947833769118448545865290504294076626762058988321784817922284508559077385491825e-125
1.61918045186385977939104405485858181360852284965631536456359399382233824054366287976299996592235523572952770789035760966e-126
3.92698232889205289635187741450742551182186074171468814304840857258947708914263920369086548153108637522047681336084671311e-128
-2.74560688383628287565572688152491985490900506384919191739401814457098454318321684094695179420174042776662928898492220258e-129
-4.10965747015736325694577659397976472193508023373292453571902520163971142004641843997162080445488719903604123598186634891e-130
-2.75802502667313651961111280000147197161982992174444393920252820365962912865130184076227102119426743761782570539543858364e-131
-9.76388343113413527811018434443805496013517497822654571109000301282081707179592195135178985338652534441869984335299455987e-133
1.47304131080562718412624319268619581175721212190694333883989873026735413821673503949818169884135563986629588047048454783e-134
5.02112322820846320978476627442953826669298181076605843630242918658724410435149745057635178395505133869360649119596927009e-135
4.04222641792313401186575022480867556858590276685287678373219329985680100085661209707806054948760571637413316344120793645e-136
1.83277468912291564159484415966160602396066347664466279950424222971831098184379029712801167579099000315799897070534856449e-137
1.90647966905301396929854239683078812552564795153026913717703558919274542158416476569629237950631498732832200398612167586e-139
-4.87339354209179349579478400915933837974780917784308309348648722088389045592878961147870427556272768563053020057322626553e-140
-5.05553272319979409281222311775652426094396417938867428218654680282528465016541300419809548603439500215361725757916635014e-141
-2.80488397394829280370633613576233687700496265630236116104804785439765229435716198101095774069448137962330833076578437135e-142
-7.36043340525067327249033336981905927848610202412230104895796112701866824819235015672364565672840019004453582874660784051e-144
3.14472056207287506787511899442102822695723983068930951061805647152610617079232883051216210511481546600165475635785537057e-145
5.28750569293530055725596293880913568559277708185353037872244220328942481082845279560853237394541496052250196123643597892e-146
3.58636729130216279916946038534883454150792560070922985889056882488605001902525363318240714804280624477193576743981907327e-147
1.37249427911045190480058213864554654644578764185038156903310853125411602554426957145061655171937596358026962015205616519e-148
1.02122512305157889822857227256471185090064507327828181504143602266605123596686126218808959535399814319195100755172644502e-151
-4.40476751187834722925235540440371955948955246728331192781320485451875416483559177876355497125740097825404354198747531716e-151
-3.84093699575684236621572254045488181230779795177528891059936634483216017620994434117577244348502273205639812283151166865e-152
-1.89359402395039514424845639555271906167340786673287890677127555148679828302015575100550310487964207018982904825977260199e-153
-4.03622032046084665952571648706235750779126145672226013508357509000078168736482255319244332671747966441405027146075666154e-155
2.50789168522401395854606790009392479395905514325091230876195988549029439494647771174704388018317207607302044849115215454e-156
3.38933580735747539633880625729710842307563843692169772542950147453855569821403638182204839269718476444255186886383858263e-157
2.09754519075817206739630746215632187448482515483859538282112490548086639167621354175374850629489205749527650399205028509e-158
7.34798951199692858907105926169954064763770121756820605032099553216380636945742402311732728578402241660965342220931825881e-160
-1.66821814927048594394821463036343723020664125257899064497736140377384930921672540231505857885978387008757723531276618053e-162
-2.33923449453120206400431481724772749301207958750849841248796074465808714281605662738645640172506763358935363371702730950e-162
-1.90031921686854275992150152914241198658347085712104661761105359365885019070039868853975281770238228493393685483175168501e-163
-8.90821143366677773824690610217810234489719933657320612383831905597343504125525452572908189785554883925494835830400296104e-165
-1.84005848876864637899910538630947519662412090672625257143374273795917658859456859842400876854220593873182049351609368131e-166
1.05049258757490367583063045796723159282334980414219162967128973644158595087651858466581670395658523066738859206924854698e-167
1.38701958912120097463838216741904001691008055762917245423006472021384136897761773566365950652506673789077697464885075167e-168
8.36722915711321758709840517305587087170255006118728268697961400469776692324872061946506488118520852606498935030565158083e-170
2.92837112130462360421050598345068149185978918828289583081167761691566580963434779176062557268455249936445357763803563532e-171
5.37379699986523004669376569301140710680120341536590730913058686679078852522448810109114205207135792447581675444803756765e-174
-7.61512276027731722763355021805603189299019521451160861061157052353571117633174609513553648785836430742366445457871085918e-174
-6.27578464119340909510280462007351361088806502595138577135181402276894431582556454492103992070728888967062796029865928772e-175
-2.97730175285703172611055365511790685322431906796728094153483407710687820804775409108517684440746642666185496196560319518e-176
-7.00238541080600194086933780769743235844771179211586136385273352033271453235773939697716290444920582882098290867399651132e-178
2.31640054598466411978900112126764155022489635430064591580031928834083409490568398282926974890964166691350987220954973800e-179
3.67537131526156641216378075793040930797424186823374784728995162884761514721588244582435228554217910651786241121818304997e-180
2.30046441973374883309352322727799874942262154817882991720361773897066450555360819991451231582245726240231807828630883857e-181
8.62547340741526229261531809337524177465257198307115616813511446121944738783242982761445566201340291507186022625532063102e-183
8.82750080597224870715259250100889084454114803482837136222315654182515586355756197316165861669524452206522487234157820832e-185
-1.49576829648684094332755795437180187641127131049036647792588204149928104076383847628313614024454304163876037794013838314e-185
-1.38597244267222449571564191809880336713760978718323176660632908726338937616400192004647482821772505378301062127461245249e-186
-7.02539149124911099504370532300761878001495979941488074179002117738350708625497734162597005671447342847123396850445642966e-188
-2.00865647364422712522982235306119504517643395762379116887229554676204197003470077895366672599530070581723125783221927807e-189
1.72055564194857150001837734953566693635190219576399275596289266576812269264529261321853718345818821455871131325855808306e-191
6.19149381004085995680930813811478294973406903140991931202081273763473615968041020282115732549446213530356106723389173587e-192
4.31948358277518866976513958245653964335205984764363259421773189568971655322617660624164925242143271685225129195174279105e-193
1.81437664970596092866362127815361708362069260299131181096694944500348213893080962561890696550544019081352421897305708161e-194
3.56248660838757933188871852960800761667572121127914426148159410322674237264974877388649938064447997590343958216199415201e-196
-1.55758572558664362562012153061712556493510999225104040274478871443238092236002821751607472836129077908066668336336673946e-197
-2.00184679434537659582578449937746071191782739369477204428784601202093288091886732820195308881741210891822993417030798417e-198
-1.14463161539042399725477080706412088236982637176401756217826414519245193200635835241606141664341526266915220263340028438e-199
-3.99276771045017686236287607775768761491996055945558771804714247567171391646613693724601371092268386216202227291394493822e-201
-3.84230231759751848564351567500076193687083500458366601701624238067654138013790129415946987189813872751959000796304808840e-203
6.11724822244237811428096091188259047472190458913726741142744788551045825668539790152147442471614117134957661955497369255e-204
5.38770799113657279847060662465884215974873568933712335525291424708689480282414351206956250142083136519039110515111723724e-205
2.62497538025170887223830104196410840789403212268011884840013444640534426815454954187617011148686661236988096270811619393e-206
7.49891046071778543996357536794141010233494667999192766482959089072029546835643896020633290607709423077646416206610301627e-208
-2.10458418899764278841354515706549613947892104287270716122693737321272982554269544729142912954314885375774507451057326769e-210
-1.77139603824510882734103140827574153234142534567145247081532847610262922056907760680506887228870224083455040862460700271e-210
-1.24498599258921839746716259931918875191551297782827881703702779239910611118298025728167329180753991944151846063360419116e-211
-5.27623322666313809854225787790613307496897274110087837836956060244466415845544007180050710243345947650510364519386557739e-213
-1.19522606431274788286147682517665301757652401681152201734634565574298473421120634226522527882137206467615127099846840553e-214
2.40430058132310881178563808800441562348584508380160658204601015142756185859889916116729422154060152661074550246319981724e-216
4.20464075803933545321890200721873094488123240309003739577834682819340913780481426235025035840969859798636820569176478787e-217
2.51707001161508479675455052126155156263395202452610323375841210116948189270695129955478894816190840249984592962483190347e-218
9.39113209640447938895875781741817610681557200915875979728539340345960928787034890374030569728900772473957430068346984795e-220
1.58746977740438792684061098811252540867018467670512114728478713677056672637206061412418581211154253431713789723465671357e-221
-7.60119537980327344823249705710637296675466831468166176366344749901142685406143559140559498880808518144588845025343890940e-223
-8.53645915323739683517188558187230051380673335071841072342485094068406046576669098869898970917212536640837905977225992030e-224
-4.51179299834421260811561141179273198302204335090228910281541838114209861018176546863299875208992825928228825529990691633e-225
-1.49381012280694920338401223192189049691194840736435607838546215023317648191288227249396305357286994679134364624345103773e-226
-1.67285869372602897270388989256842031925123152124188563846587221231733789119471175847469986389440300507612784855275233305e-228
1.71903717701148574188673948483763248178107947203525917297843248507953960303162074642351605073017919979559643352205992203e-229
1.51654397049797153897704209507517147610527476768071306362471319069703632213370825606235507082475063821381735182956938375e-230
7.24406264017733013175719768942396908636994096373244436700144074971672744812759387624000864358402933743820496317025382123e-232
2.14265239594153697578056207540442863745809205171037831562858192738877365416568760882356342955480088077399659911847468118e-233
1.18337839759388036495842396407783099924176105981976036644028914640198663806067018589773189305528586729237213781105165650e-235
-3.17385033728915898223980577258260150353904903491537957755491419681689537743209510480061810445991804754187427178353903087e-236
-2.39167338363040371165652552132363667724529644060148763391361753578947516638876823056313106901207818462067887248082727126e-237
-1.05066539201747209784871060106063607037662652527320339538617446228569316949846327687132118270929707200220783723237085882e-238
-2.79729872220109119617819119502742715980176621715360233262021424577727382910621984008040620206340268138845419486643075617e-240
2.32180733403045014424457500047545030681201204117321466801912264561227779961013025727377740950722378011989690406580851306e-245
5.01715144313594951940194881837612993518003671620288372721912740912286095749044215018287937692869411209484447492995031177e-243
3.38196637660148253152208363993513524162420291003489125465743215283889671853160004993090943510428395579627008189848440661e-244
1.38647279859705600099438918618304771450037198788592127242229504746004606563445220334616103432481756208747983074117187833e-245
3.35722274056479248652540226038204338974773844423421453832667183956750177137916251319458517128958499597855890086342125758e-247
-1.72040901693128088087752471713642022645989415975181891252545969615190170961115437637509124406078051018397237205943155587e-249
-6.95081002738520670480248642122025806943640416744966182654981095252454533021433317921939547660299543766985041667082173783e-250
-4.31981542348100904632670922087084486482012063559943942913952768927990868427179720098503362434883870605679817035195778818e-251
-1.67482801915391107726122539739536237569309387004135666666981555683167925405649205814325635433357086760348155914767715335e-252
-3.74266053437997815892794893627451699674766683479415687638606191926171024231295493408810280086643799930992110293970387398e-254
3.51797252485702317096123751632493490871196670721817536152877804150743685269996693610617765528521220224556993771629904323e-256
8.55330250240108818854902670459163104347778360698694976573925591299852349249193493703135130525899469168585351020507832641e-257
5.01194346358437847449311974801027814195525937154051200465062355852072059876456872466979101272926087480375547194174854695e-258
1.86134173985840937651615762197201329293046632750674758013998823445962035511030537656125409928300799906152240991852192518e-259
3.91429464316401764472524150382601827037407040399458973777668718986276624136722861476104056266550860207565130320507993612e-261
-4.82430519003587964425065557107659217306955538561069299322977245519617120182735448064697311792903811012346631591438252948e-263
-9.42631657308379453195109229420806527439514777950034379532250832213598414450362147281006593111401836890529940322756298775e-264
-5.30388429923767670802019452631449739807169382065676282463604526608043043536199466873355687336024999343337874752732659259e-265
-1.91060554122835341297838095587723334938027717077114640166524936069326697042197670681549345587720332846283494206287778608e-266
-3.87158434017687113713906206908186876498493063201615430749512124956106039029706337265548758430196961258141067224756069942e-268
5.21517117429519191942605866563766700878721159763512395622615294165866345837060858195437122244250721746108858206178075871e-270
9.35150768721288862232277890625906031555172156370080259078450000747535063894835384883096086772683802891109682280821142071e-271
5.13463816498153843360056627137118603580419696443709653455197778773109812129925949323459380044013027220280448184770296638e-272
1.81623053621029248845465593890478853662420515174942425893191992808372768966688485888596558016916768736473576996392046038e-273
3.63811189675690107099174727235022037915993692460395223587022116832101513423823023389106701425132565900790115459535867148e-275
-4.61237406002148502111833978014198094307538927227593166528980376670252376859584081463781102847538955554384682043762121847e-277
-8.37488358444047492109204317764026563014427361387035573703665351390876012035098294506740301412329221149457522253192922117e-278
-4.55582969233613301967322294126221145219485715537866314644573784544325628664150589392314742094936751132006534008188597892e-279
-1.60124629469221548132624588098377360548944567918845553832718679140860798249937285472008727387460009453492609187206951077e-280
-3.24898891062299941907043368354561574686404069477375436924478422432479353702885326260901039773320606255200962309619945708e-282
3.29934756836748221412618027680053692828398239670556050925765868991134148248416000913806547755601287058119255778057061896e-284
6.77641312454702989594368037669586303937983033445397191279419506303614181922502316144434613746440523500191576146115741574e-285
3.70805596329110795801519328337040739331840605304355003252262732714145001100993372206364299619988095182739176752132231720e-286
1.30966839547595077833956026959268221311051764746535678832735455982215908714978867953721804127493293488006878059476121433e-287
2.74770303447051607828620507993833150352217571850312266350066092885380853144703321092444075852541142149677018936997700668e-289
-1.75665645463327863406880640615276334447460512862672103651718289455812125853203624621173902747594669559471578849585604457e-291
-4.94791977562943168816638206208251881634743770076799369633271353534836485644998961343775859692662916994145500897955811457e-292
-2.76826460586524475651424455342819494079349377592566651782769588529432701244665509103249541511789222703109774798127121905e-293
-9.93049636138636136136869904408166686803318480337531440720153426164456238387453591773864116511661268744372708963228684726e-295
-2.18756210976940473557180050324246735722716335756713727167303288632306406467421707928735578093810857321236945395585364207e-296
4.31412030171857402870801235248546971386960263656513349962296923531496535527926326036628383817876733476801016648966917864e-299
3.24801765135375693553947453198506414457318549932047922992320008983436523634723895967587709408701802017701209336801081306e-299
1.89361010445062397246427786317395396606902348530132803293211651506928847954968034159198696016599934824330865648193600720e-300
6.96980400542538045011506988791809033860667638231023838812284376033812926070666997550200748018864657320549640009444812674e-302
1.62856929877407989813954069705372912752985788809281568689190233336069539587572509640075827356358051459197551670380135159e-303
4.26142729997128014457473971623423156946558035636828982805200106462680468886684118839827156171293597514598608838781790471e-306
-1.90240172797739928265379382471018251581477128174750708403972674487746150558278371697497923268474682084643715357556302349e-306
-1.18432780007133948326612509442799499596316221471304255508576669340445929890716397621182515416448990499566446332984542241e-307
-4.51816107935742504348771056998040167397215417443937673923337995078856143202295579742799457374137694106806383534448713923e-309
-1.12660435681564373965032162198466635833403444785596241638959725357044718881280124921987626890576435024998049998735755905e-310
-7.94148702527966261356511632729406229110053766688854755864023704638566173547302461705158874543083801853970376145797704108e-313
9.79978950477595215935548758989802252236196083091229807749763117521103775009770036210156509838459403250571095784906638829e-314
6.74932843178859682329284223625108747508973485342720870122592767059489036953521848977933536121826225764777742582604496339e-315
2.69779530841539910416401454849472356300294354539593969709897514260339740712454152061548774350160294354561684480770607985e-316
7.20320416081452980719403544303426273758052698802835276285042193622208697193184517834081376142832057314969934547738526518e-318
8.04084565700345912347373317872100239637131942407519599728302123232263661503839389199862529386463361106755515473308065671e-320
-4.31118237949050721550789514750649186683789965488818864702509860924097116428741041096223019500561678936925101960902358393e-321
-3.48632314303769291188245312976572184713085488724762318015872972042333020437075460313672764057938768394576839103915946728e-322
-1.47889339481040504125188110606799873331065764242120363854014484616316237807471274058321560608134080121314326184315756329e-323
-4.23791678103938738108608126704792845679616881510977242693787932033432848474354377520443875912291166496406211310691161309e-325
-6.32086073095097248703496484536174662398180911897134125158404413719613050814184240412139222893218915652886252499884611236e-327
1.50654639531984362202155999861200474367238048268484420837832827004096217497860803405912400033759597160934707791468711344e-328
1.61890267114473154713847385743350476747153962220301840029248605847546530505465897374809551289808546439501186641083157481e-329
7.41324884078527779533678609776821632863656025550545476730011758189221379790289289746266180454323051261916829308446651961e-331
2.28577319817399227823905027531253659132258075040890794485499535194981413134535590148856211345957905386679573872535677222e-332
4.19140721904662702281712538742142909428031393733776394522871479994373002125315936233664730523091956974197556739572039423e-334
-3.15221120197358028685396395010692812237200276653370443229514402736380829852985625959548675904120247546171476379527488336e-336
-6.66625840215772861916351746885125280660463910547324640483513407569027019743770353676777335048270106592328927121125144060e-337
-3.38068476033818676854601003848589554109420009308602535842244131385871130718060633210781913082011216105161098718480827581e-338
-1.12635841702113574213086793187758737260062235597675152885491009514776125982289632705450559974942021153641112158364381333e-339
-2.42210530592545729507948646479647604209057500750967578078483604152825692853523397730937050488700821545280687687279054065e-341