-0.550174771844796821959558445474725161877723780743532513862448054036129214087338166104960118371501540879536423195348541467
0.995956406130296794260789266577498427879824104858205099826719213523612100415026123794606867981666271055437641675387663845
3.83252482513559945259627359315900583952844448755577476085022693627207959478729505361393730341517719592926634939019352743
-2.33054455712177390101199147226857679615536416397292421015493183221767552617801458090107632538361522503965344081161040383
-3.16327964625938439198114434445480275038923234778855581671254230134717310384038808284928922646803208112434545639924587933
2.08617010249676434692459136095891484860054720806145797006197952255510339437628545067115974932463402426245407557510256187
0.844410676038190742477030241941151875919204094235040082873276654608735131576820761523134982123679355622462676240205167237
-0.790726381655733769660851585047387800332026434703627534490808770396959606505189841775188670484704015104011359624042719687
-0.0467905064320660140764523220838043572740769127746942526677282529869936779165892926488833826902576785336037548662694817326
0.151051423792559447048531146663085364043282740622502252340500935521569524054503406282899514307310170437945692275193929873
-0.0172115854937156699168743361698416782683959360583480965899683401568579398677651402644366864191634073349698292945036785235
-0.0158249842391082909886105816514328120100666776302464355291692508390833800529626967968054001007837698704391974532211184308
0.00396529569013249823335786052531905592343632869521600627673568656108318860267052818188378696098016621546482835234393255205
0.000868963658994254572991469060190573209602822906638690518657420139781628724839262874508075330921799777800289687704609479317
-0.000407020176102244211966217679950548468148976631663202885645092657016526051469068611776127680038014439889173479453500200960
-1.02603178982122146525823649900413395741297257852693186189685568487298904566909422838296212995577693551611284515997546777e-5
2.48346950642923327529278791434621994480514675165254596764363652275772308850334638839057904839506312171830910530838513453e-5
-2.05736559888303838212566020359012045896467829146470997009823939546685364241574991869858608511420013596250661410562913793e-6
-9.43635251363939459119498438104243517296248569028553399216402774752819200228239675369175524199033133906521263248801727500e-7
1.74675871374145020758110828431679188551578468314971876480138317507621283075884348091473281827447969653113663642881913721e-7
1.96698849505697391244485905490821866134315632614370316139791985121651154732985533395336914243142811252400848709237223527e-8
-7.66064238210041599701226124961849245361508768231777662276087884160893870887176468654115534426843138348086444595693184615e-9
2.24297400722487715660294526528723090393550858164064656734313345349574127391061714667454052555539114983325544427525393003e-11
2.16755690467779242142729685740845346489148979208408166546419586108861630254746454034417383886407456467747019450090699478e-10
-1.71816519988195333213627839083378380744482850922613516516239354044775797792420873557725469040715360146072351326049000802e-11
-3.98003673957133179903950880954175243448810796929360724623604863674079452226798691061936113814758587637974330319007056786e-12
6.67975469885698071441033875719321626922277944279363047405467156562271180149758807613522940344351350508718191612928567224e-13
3.69170471708850930135943222029746766191615686933726417550076303219020008076416130644734314499484083507646785859294889680e-14
-1.53818258562518208662038776560573243674326239730035883679939515650481413114243680136449384058414744408387486481514714279e-14
3.21113098501411054648470783897186613939879107062620019987672065954008122792153312970951333704903924325885487252511141576e-16
2.39899796981799927650972994337587190637589293698886204596795944784259384674822532804986628984118545074701791094623955817e-16
-1.95588123092769404306230263212753987690018070342113267397224382197060054036779348497454206107398522787212174017082089940e-17
-2.42303320406994239282101357969351294128314788516876065652713933965157560434747032525800870832673100900212671040516685464e-18
4.11565826941900606623965071514460444538239831380706350585272560859649456195733703406029959344651625517696063879978686161e-19
9.21787620189822346890143944660406265057943044050428545882368209324401281290915298600989238894454294520606743324431984589e-21
-5.62406227097582740900519194987835377532324407598383483455828151181115092785368873219006136411373904570884468803148502926e-21
1.85856374645981138633096258668462179205804536903281964640694015897840369689930368580278531562657039271023660362418658306e-22
5.33057818127679145143236757881206281130529210574396121964232381335074914986904563881853634450766876128975733079733638287e-23
-4.61920880320236457297638596792406496880111562812103762897669612516140915561494102744888485124479316077176621397688488556e-24
-3.12177824153012572007640832711938506282093078901332646469792009413764019849260698858891243519493594321412071245903226759e-25
5.89795029815123436019866750891138479809662758946306302545459422094927911354278235372412684604583804859919486354158879570e-26
1.17443490371509349378687727921256435438316212379179252881832923186085589151956239821165981038788385467839958108223904140e-28
-5.17700638782285887765096839366859135292862121667747726168083245372015503275978723664417166225036262291164938047426242615e-28
2.18928502489429754833922137451365867286439768317612522399941968822094305848087017965952894884467017628509574151540838747e-29
3.15601756602456672793479383038951018666619979539610342437532226730349698458309474917768195072593451927283367624346465256e-30
-2.99335914807214911509870610370729797576177971553894805212396966852885781440822141036927847938774153401126052169299045389e-31
-1.05089442560895072095839308851641227217354981382253512530938049665452419986712331215475904830993679256262482292270275844e-32
2.50722522070442472317033033061444831794275760161650970812615241547150429475983236433623954368077920229037522856279305831e-33
-2.95090020286047911570195121276056941844210617831230281237343243704235651619850160473945585388834283898074391344840567217e-35
-1.49014099976328847543337731120377648580237969342923319385301256170671472355827526802607865976657121682370039618458466362e-35
7.50448960676317351567139780325547760377113139314067652053278490131463957926067369271165808038133731330649166142690028636e-37
6.00123464751928136402467199632366189494598312514068958003887511224291483285181813742066424948498570896445240740904694658e-38
-6.47604992065148789611673011012384459242279744793133246375324017278708583697260741404789537977364498114971535576112141109e-39
-9.51527933432915792019814805101689713988554353302261946271490026217812887048080563883939868136571990196856277642523314379e-41
3.75643192647966659181258053836461326796588340707499033206000023126535073978109337193388469614385722305014924222834622370e-41
-8.23039368299219741624112950568608569554905940080118914278631504291971223835598166264583665072291502724859562362560887624e-43
-1.56381418460142269780424012800314007101711459941894668178016124646410658085918348850431136898832875370217164090492585327e-43
9.16064453014396489821774760322917673471808831979983210009441739850210436866276707613217780167141420451180997878639479887e-45
4.13757533841209542372132269379573340051846830368105526072370187887807350411969770965754155161258297549181467085238815784e-46
-5.40233879326407882470322856126060744620557425087740217644225512346435846213436613245616376503795022452411846284702353963e-47
-4.49411196715633401002204962995287121979616500424219100463096777927315405892492587935708570438699294189406267163616718974e-50
2.25371036969525221104243269326183369385502323263054683662349177649042667399953539387699775702082151428175534633507624268e-49
-6.79936082660006712853360303171829645981094445748967147202277697917873966830904518824756453889373095838789897422403086526e-51
-6.69013696371601502570179665721140796407220583551692297467050171702515414146462602300811826239334173545289196110035920265e-52
4.57108994270424416116615228600795352063894895288009630264510885063649230708786781343588002837516080784999231406580600242e-53
1.09306024085525845902722216000458639948944493133182693837013591757473634163899723970786493889491126232987310372000905143e-54
-1.93901359585844086669178551865393232274438990118156652825787814513483371084065706550623882761174443674116612224333864439e-55
1.80544125126484314862015062059624253443706687079235146431784103606039014482536582475859323058039037730382232770590371138e-57
5.96765216426649594054715383488736094722669913004900388256510493183400308731123393869875838712972312958680999911568375741e-58
-2.25054564002224763541692191377790012876786792231328155780429608692155220719336052663398099745830013124737636840910550600e-59
-1.26333001713376620321651873330191181309054588799852427611360326483628156563442140341498549471152037574445648629722877950e-60
1.03278232757783969083417160537525371776723312358412289811421770431569159653114909483289320724693121260526824726940816368e-61
1.00476119112616662192165407529239842311395008537751046479036016593179797097301122625318726581611235923676150185448847958e-63
-3.26213381149973710508728100433596644593669870593022565523440679736365392253589418602145163530485161674217761334852986725e-64
5.65806093846612859406209624025628587855514959578494632845688391281841195869063991869434951647946422274076315897662828150e-66
7.51669715784583507796291762307071865608531970472411722809919499045203638753334666829238454835040872894618244299599994810e-67
-3.42262337424125191985269618104609234697162987427599756435826565429914219572100444391297384486010500226479528847850530111e-68
-1.10448454796837766435103153450319316531804178370193293915070970050539617933292568491077978513246411005767322373207075937e-69
1.14379943002356934552603535781595655950812559105932670110437147614631292054610110889361267784127489737712972019114806367e-70
-5.43465967351722812434968108532528387598633218713085424231198776173019659793640969873477108009846940198137647548785265043e-74
-2.75362605446695678886474975730736835163645415073949466881617576309822548876098367510077701405050781421941981350984305877e-73
6.69049470267249549358390184558946720548095250082277543730529999620354598858097822852158591520416377407175769608138431704e-75
4.76629271040923970030545256119865776912823057878664425879245871577658444804544580651565566165294405056972419528364368358e-76
-2.61306497960121488741491254712917898886427934498034158441353802216720705262333670837126565384233510114420776979987039427e-77
-4.45470034688641463190967172314185230699725818272217066732939693462180201249464602043265500194049927685220228052518847581e-79
6.61529064335077213899246816928938392456261555795734103659565974602884205781816661008966409499327928753300222063041429206e-80
-5.53083753860766667095104523891586386188978836687615924536462828349952165306612095145969281990068620445446135145263827458e-82
-1.23144963544515207557244532481734666096180293799223749552974933170703013672375477156713907044397894369903161874253689159e-82
3.81165330102909647940266123381001538378313525702109586909002262185472418123185892023163811603934018015970293854587706932e-84
1.58167807228993080977762517084994694794412410041267504086554477198278176591505174815532942506184515582707427983855273538e-85
-1.06924310434126784546847791945692293633768225173178682516864661319650996306255697458664017378446168964012931635259089755e-86
-6.88832704056238399136811622857672570752447242659498982256189510489650579496015044236665894076658096386790745062145217840e-89
2.10349002980811723771135129096134631818723168342655552287997526659879103789204957831433010322717504216020670636328683707e-89
-3.14035010672627727497208044695309759751256968395045716535141780443412150767649279992957795246414787703522859215321555699e-91
-3.04547549903107922442913134869764634093957880744096487669661865702973049643323906411920687962025407037307003304235376839e-92
1.15999145162808780567335068460811596133681939394822074403921604556818160258289122255600868265543254962488018520142412968e-93
2.78733833598499706692075414007549543398708481489220762141517775675457347058811235751770091377709469638667967264053097357e-95
-2.46869360350679124444533393159082417021582845043494639708269090175544035697408938275143625353596535136380834787010584402e-96
3.73760014068014880999174566644976907623607899659801766179335967092342824675395644065606788243998110098077471423060659430e-99
3.83507996982116603875969077899950093965057297652805959985088899510629256340209111073914424072055784828959982782444248528e-99
-8.00592240947435349216929363920275288554594207570065496291405239131659242046474252408633208394608967124528224172862581519e-101
-4.29927988087268762831442748596211917116169913899228151260052600143827128582712634867236225740021849281270005019819993234e-102
2.01065276912687222411894555164474811141723661099169762981737575162800415186328484100559779650744089062013984643895916318e-103
2.50884548165983396136792307594193808692727425559178862025568321358043114958077349738563874075987796885254271206629382354e-105
-3.35301453939174225441314235139226051608067921176908388801480046579699875224649170425905710296966671019841018020729909448e-106
2.65439431799798666911010384601781155948969172066753582098712763353013008181392356008662085931406233055714651947398631498e-108
4.14790764651663015322745553596896690915483302954495516293512105987423386684015826653823111765027040382583270427303398121e-109
-1.11123970411027795405936776456640555687186804276134210110622253422516296333319029053590366708174116146177287813659647039e-110
-3.52789961676057666444198323000266850688402519507189266567045275052920523394943541652681321421062599460238065752958463335e-112
2.07986506679156730937935109444815579337903086691839700748941315024392240979337087229785411613531814478491787364582469291e-113
8.62768825080371805775813729754481688019226068219946404898851843549223780984864676785613629699657273678629677632470042510e-116
-2.77259917401161396746282803178167705379803030260693321492422575277737273514695001319139082486353704951692607736742262473e-116
3.73161579523489375707701668185642704977542012794201379876999039187077874189129394127618292679334482477552182994741687643e-118
2.73268737007695020565585984900636326797026246934270372187125227595741611084572864949165809084344513364986681107278562357e-119
-9.10960589898032193162609257098665415797357746717664170897358573106009689472369910822176217467911779388544724948748979662e-121
-1.67396364039530088685253989535479065631751921398542811865370571692216761481191100918447449649410160932829372531291185188e-122
1.33180980276869516500672088283750932887157981914148115596049926404998412790008794701569634469968405053933977381568820793e-123
-3.08006231119386792136600433103485456866375398079831550683217214795829686569547194494789905934662122391349876868543773909e-126
-1.43573185581538469565719533393739073841233830333663799100162541290066258175986304786193207815525150265872193521406146360e-126
2.67891985292908281282054722188730040547220886448233594503648981025481031366652008455278851987278403857846667135610214992e-128
1.11641329899178007150431584989668646668545398438013096146690921098415461588822388145364013862280704987518987456313068158e-129
-4.63445971011101908716233039124978283842179543276027067969282504432383079964374383953255689218444523490296384992382986614e-131
-4.28687116172274405980771730001306483679889639812355256136330936057970185680992042857254172666077920305810498778706370612e-133
5.43836813875847936594920631248872416965824263281925352391410758058294604551097236050273942548061629110006834195094798984e-134
-4.17878036272658518301017531863441030701065332030210340066644217344521105249202560767917071355809991152856445097038732152e-136
-4.76226924345760638607858766175902211452277038106251066762870484969799636977580199542737143587191712264994833067664175023e-137
1.14299795934575238012041634439804117241115785564598543438634087275331498121228394312306447209254273583698683266988899720e-138
2.84362304018659226348413566613810025889963492444606578975787193110103689175520001903523131931358278137902121211307163007e-140
-1.51615781537631665700416689943508463938874561827295726136794452226341866490789624976419977911571977123816577816378937870e-141
-3.75076438073017315911424467774348888525228694534939918202847396272725922019280593126423108920928299606974783095043929842e-144
1.45121727436131714398980983050092970291880796963200713486520196257378455500908232314200495569975929095703369180595295919e-144
-1.81152473200870847624011341333816469055213742405967011175921585626264665193276108384788966788592291716831693590754418308e-146
-1.02886838498263249246785267697400128081559875309997271891116558075497068365525385347861413266929306001470504505344049957e-147
3.09548200945972571599989533620960729797441737978946497399428352806110911274209814994859041194445763395932019511460527003e-149
4.42566330496259001144313971287847055555828353144400732662667900884952562098410939473969378686801000567837867952043720758e-151
-3.27897864654849978126363284804806897143406919059998305141953559557621250255503988597414674939823652072399170205606882328e-152
9.61655038773803786945942833394075929876698188258783021893008466082103325381555029997664332635636170948334223259498844275e-155
2.58154224675911796388555665849209595184975004285302283761355410020657462440075971561874022265014477185734430002575358163e-155
-4.42038529781800606745566001196914776731258597848267008961081970975533343421294256160657754057580291300816478356369926067e-157
-1.46095573673150949476023834260711229157723216559687406486141214788748932429441582384353914647988542407117476451496009808e-158
5.53706364950926882248306166780742395435456415339879266924283007433194485929397668531905767298696454461817125792974738142e-160
3.80310075069437711616175094073502851903965652829063201636344309517318361391038172948185707758490861384906118084303961299e-162
-4.79367758467055944395088554837108696121293341140665664333682536860454418496252806825823294025940081665735273088338754727e-163
3.62115217109390717112147657311946503876225736323989967613888689158948330869201862281208761914088426770388465471067216691e-165
3.10897203166792073401590507496881552002406042862199926537668972112342135967100045354790556243737133978505047048244714234e-166
-6.84831448442583966397487691687021998553711025368929915900600956868976913746122032580912267951307487069537037044158955761e-168
-1.35823932328367979079200531253592387277759887285321595416289122186810503240455354819175799151654215538453905229827898755e-169
6.72907737990674239541392029701479833365558250763332682271310145802402009252971971864709699449473294507035110588320384477e-171
8.12613173055917524798104709466312429309578089976232595455110979828721542400461929854533718236232604564106505198159764771e-174
-4.82415148653280170551320571379452278477282063868239862791787072779102155547373519397088863992665580828857266137548816650e-174
5.69105162420851300593247028022597466481591339800600144666080558796941884488536312341777732369089273654093615377634391992e-176
2.56089334701977226189639945401245697156857346322028662612078102848920931795997180570027912981904820470988183982963022357e-177
-7.11103889498889437172628912963085874306623309016200435707411293106773308548045595649126318680164869404703205861993873865e-179
-7.99378301578072775596401622489497396414885244933906949688818380438255692161986550208089570863869308524996371359117577115e-181
5.67789048239660276672853312164473792377837265786441511943640402912365805526713583904449271675240677135786629430001232554e-182
-1.94369314742330685546091594722336334981442090205533355757670117215619064706940321092392430221873239057287537231563867595e-184
-3.39053712349029277258793743403779709876032598360419042511599156903983477489660567129810902761109377693743056277588652744e-185
5.42837974445126908175624823299329491177951717019698782819907266447976982113611632041038060278342342946096664095863745123e-187
1.44666144243533926851122272776131657522571566700135058954256615587186554544094201269758950174547794454693877909668845946e-188
-5.11366527140462787607952600872916268712064712897858837622760594714701866711877399954788239326179216784488207482488371682e-190
-2.58312993869831290967353274561662716953268487875450613698962533404035497295848962209265771302768061847012128110806562921e-192
3.38451912901104858253966170498952440523279960018362537368308125595201938287715192669836350697002700550883396348130463955e-193
-2.53162116522818930960749495011204922078660707096987548467315745638641571707961980997151835397804554605113264313802748910e-195
-1.68185840258354352285250887807942855427880964538898199307465422622504322292613973907458739360898239690108107142815198497e-196
3.46141100256033120746393985058612282682971926348595697624148028680998560193251842684674100706708086038380067693830748119e-198
5.54046782179235438555274236627937947323277271751668683210480910367930586334490084257241174000021269802321701305594228335e-200
-2.60609599901576671212190480456015450163824260668248677322401171273317450128307745105905693998345320503218087461417358864e-201
-5.78938923682196918675263181261477962650984545246422493527453912864103218850235270982079712555258793192482650309610931719e-205
1.44509635958262959824597516485747136616051094321965208807955578344748862494911787281835941811978133986928677091422090958e-204
-1.63250153140203131624923863331054609798445474763262816266782256657116058018096196263710187355304098958095099582912027633e-206
-5.92102576038101043015301951720494547464661639853871334027668207288066320855078605754807508039315791157382416561881011590e-208
1.54368886793701327651964940969604135989105600518837045680408986485058663515372555434211933350183461060750316943036025322e-209
1.37137660564598500418880241193963938341922117371781200637832566228978150163081619186641249737533131065321044885980976718e-211
-9.57901709754455642495100012347462228098604012346012618091139572277641726870583899265602404604741036795153323080981046035e-213
3.65826113940195121858146084480929822220166742429037832098814601887382413824973283971938219072639849585483633891709343081e-215
4.46668809048815575861248973334634701603529076871807302758528343098616638826325771528962423676151366363309802300976796378e-216
-6.78055267514766817295570523214261836857766808172246000942880956358054637922781329382636432972581972580584761112259668370e-218
-1.47588211432923180738762874715017716529766587047510638633406507744349828754434772231426876667188572468220870693101995647e-219
4.94897438219658219899311467028708820617789687943410673133014772710158266151709249206608186846523414986144227127936507779e-221
1.79539684711281686079837994439603388472536395824463211118058882958841891078577056807420868219994818009602148125311353185e-223
-2.57455342606169768635292493715500918862279182290612822449229723986407556839277329647212607849498074510617478264882907705e-224
1.91534554898666602032621855759575302770268129484469474928434784667973613052342569685143661584770392577433688457814497980e-226
1.00640964186842234851010415483681169264441131382149473284122135814238067716299551379978116505046893273088374380273228348e-227
-1.96218803356186447819192349914067435060563233735082383752823487160359480347105711925011946163791452008156065406003651247e-229
-2.55650397351091280751877764608963471394392173349937945828575677013305200505075197406799311396235037397429352625281212771e-231
1.16266956014756648261006477765078211980120405743056265746043352408748597372809260241360037979926330841154496511105570551e-232
-6.54775166936670150645889317646998972517028749841798422713423501497456688335426880309435957903465997472677225690260621205e-236
-5.11424154081110866449348062603807177902506427433769686643680581575670181978757795149615041865975239136132507506020797061e-236
5.58650607632708641942721339962053548429103757891377597648641368420196595088950178472195238749135344400931613671880593289e-238
1.65607923552404142927212193190788091571727430627833321079504732569976290178390329109079866374111853449282850381741143044e-239
-4.10983823632605177686840618921347359220604325623630924899973879619628540960426926118613410362860654682123221392406123218e-241
-2.88572285479077375466316623424846051171359810628788987891657581600432017505287292653073707776070766560677642199060646461e-243
2.03070274120049925215652870947357366922814815655538144652763570682152608128907865537191317154931435006593029095609809592e-244
-8.41661645607244975626525118757051196537723563552765655736058404774399764948764280803403832240954290360739090419310247466e-247
-7.56666391319835143094305238479121185919877914366458791638853594757015255520612474742526889497152025302652816033154658102e-248
1.10092726296058422662996287512588041134437799790968947837151313807562426199949518586994061915037437665893642536157553359e-249
1.97662754495001562563217909293244647571607353453620783250469376353036914891077827561749429218122983326798389387448835310e-251
-6.37402360767250156994493500467691414900557052196934415406293482617214740451698626117872660512881759175225190017755294987e-253
-1.80197798182808279667242825368058191451677584751563885038434065215806535104139028136569079109330296353494973902088002078e-255
4.00491305835318512407452399509735886516433000292353792134116241498693011199376936878788328764739039037108040656574109520e-256
-8.42339026609275932978727806814747434360419955623819585251855071539870073648178211514341952401195886627677438618219909839e-257