0.970273571990196155552154762173731212917374385077791549543909222067537464194198451548333146264151403341001116215690760261
0.0384827049518814496616812928797505669015386050072690559109266102180918935598577149513952874990895973592719380674149792071
-0.00834298471200647020059221967195710474098605364360809684301736830809636368798550583783408322506513905809682843856365577620
-0.000429731122210900741416783120019711315855489126037950313745834895779874450708419743545986508088341207922366860917477438757
1.52704369770953542969374007232624024070988559771059592189853063313832167454798577881353740196481567518177705722907054748e-5
1.17190769706855647653807832013484129013249969552877305567793995592420222408038303272686428834174467288606239904821411596e-6
-2.13018842393925085827162220909860142576637098183114319808760206871201271545150960097313342347559231644435870805287322779e-9
-1.30733721734340769594696629618861389709654543207326760397060736844236696924043721229533038865660908365109085664603265720e-9
-1.57212810892863694010389885049761244825805915215834289205154412051986150711778220107481311623581305171414961171559672528e-11
6.96287617364377961594892857932635853632259707756113251165515777723966371781417339905410758745128763850635559161602295076e-13
1.64006936635392085326201685027395633259456414591424180742132256163776733601246159552321098991197066946910721312409225733e-14
-1.56223521843932204433291089905769504288736460493963972567660639113169371812906905630931824694588933944183290967467357482e-16
-7.88426802622647074000280433903017610810657779477729827477799770798712059830363479192121561895643183125134488369043004700e-18
-1.60781344595341532417428155328766552038942623078292779328739987341321314898799745991128614549027392795127826005349281709e-20
2.16424898682900496775761285488442776524703066606064166638631631295836622561826621203292849979398169482972272612005691867e-21
2.05796072293625723620679342418751104870004303649172689221509089704587410353187449897894022105133841135806404790413771277e-23
-3.38878592707927850932343734597936910985384888864233281483124277820555193155748566528857200255282503772999198096115485197e-25
-6.40889256507996592604678783538589617043861750226622142536651264549834289511232211189996792990345427561219955234226286916e-27
1.94340484364063082811190573595172635950027046964600787498431398652421883562425803216750940976064105239951540376719301693e-29
1.15007861732062422301354499557791555013096612316483005430363329783951967149791606126731698157780717650642480166143994848e-30
3.85671764269425258977289840348277066884310804624511299803714841571190117338372046577200711531471474366304452261074587379e-33
-1.30855592700728921916829385460848987422122119730667170982563421974295928194910303795123203213392736841934502444096413792e-34
-1.16120592186696854957181760958892885875074987414028441580611263571344781379860412291139021119787092440482906668450328977e-36
8.59031274355544524986464040740081843463178441012831210993778193032470279202802088856996072976822892515930903027638209712e-39
1.60383226837828698354415527102814284604520984074717876153248829327222159713675769355314370953141185752518707684798913787e-40
-5.46579253251990990803783923901591110788567518382551865846589513780320783468543043840367300863838620369127217557066444329e-44
-1.42250525854464684861650509623606183081366854358359949692613355580757190050672920747354955843675938961652671827722452267e-44
-5.76785961810745451847335124536563922259328615802453220836062298787885799474176238575887223482653008795347954546821218312e-47
8.28705583884685685079205553592283501815723840231041177405905457832107771509154087004737147931114206638080206988683074845e-49
7.43373999090598852959152663157115756294190095212244105031721364705535348252033251509901449211373278732982133746170965869e-51
-2.52019141374834686463693356013619593464435795440014741243581924558670621385675994180359441996098838682059594301339414677e-53
-5.54829137562465541520124767907255044242834989089827936944822013343622987483313661508992596172200662305123151249758373269e-55
-5.95737354802044377650707023388338634446652471849583979378461994326241275719532975812549463789724947895676550979239582509e-58
2.81158557388692827689489780113214938095386506069373386472386430093329367647450820035302370716173533678913270413444023830e-59
1.28881360362205867149848298583701786063967142039690686517803901650844674115963937965576448229057274690924542554681804126e-61
-9.27583642845159040477770303913612822180648263870029362214176658068815979385043196750333081645562303967299139987210818434e-64
-8.98735340719448360538688957732618813949438791190635454345056622214169506005677638703196261908260077121847983508954326801e-66
1.14416314261740823678185325914335549195505614691052328238312775246217014080284225483649680603275689531647555631575657414e-68
4.06993154744727814495457077584608525998332022266019777172651962009998570850563477925214091598772617462941764256737841350e-70
7.95860565215002063902078165305308705908763120369354427736522223047346085384015374607462730165034153181931353018222933748e-73
-1.28121441284289506092081370501560320881826506114296756275878228725831416713195587460555341458826351843363579702571698892e-74
-6.56028773402173793875044484705153323213457225615540391576682934765164220633525216777415523476715704691352332519144763626e-77
2.47494390878264353008844427793589263167921791191259218241766972846991974458443611835845556983807548794006102137860318017e-79
2.81013555293499546658509999262731605618931803734672708825034516551262941774703603665206008975741269505340779553647395740e-81
-9.22538427994299335232835495260846176072728376520160003685255508241106544978553692657489267352941054520737970751740012910e-87
-8.31048862537457323343055804920092183872854928964429936219667443873443123766797763265329045176149006800698528826795191560e-86
-2.16084766870559198273850225974315076405320702138391584208404783231205844704932653494199171515671393247584037970476516261e-88
1.70359562769491408276243226646229036077150823069689761238988285084033817671289724986059631769446579668760367492388269422e-90
9.87669856588885953086143784676382107812326983931118028057434519341352117341475958430500639536036294414407716697486885834e-93
-1.83845734285991513141484680185717811422868817711470415746722963463450182477760697686683769982855976421181571095206505624e-95
-2.81152468261638665073856098654840993335581972518062567129026105673836050930358286213287009275706918751680723865579401866e-97
-2.37341709744501485741731967088407520256412148320309532124950883272933570057133863951479046399972073751386525522633623515e-100
5.69542271078078507615682480477269993604190804010898730428939670097307029373623645088725415977139810874464582358864150786e-102
1.79817833791446341537682770046975743231841966012569012176767965198000735038035062724183554534542571233549524162570631017e-104
-7.73549043079021195438541916839316347904179017266026535082713735560317274561956665618151362060650881009046528746663439685e-107
-5.26349694345074071544914704891872298201502478866179091678995949940987469886447696870099351227629767902199891420685792565e-109
3.53136845278754081155212300003603032873998073966496397476031766963609413627490578617583822815290514381818880013065679417e-112
1.04891374184464103623197012023492219589388243442300649061273895814544965973535026732519121649168357444853207311823937783e-113
1.54406765491505095845325394231985416488609278377625601518947952779612929686592418634974083428508270103358122386856704561e-116
-1.49852065188921372727733200300112440716750375324394228449309922700986868063098341789793344296864309256560024390774568224e-118
-5.58838602430979892916235710707046130777636897460230502724715332434890094554181507698408771409322560274407328609381154851e-121
1.32192736874517190091541557513382128620219974237811177471650873543334354596410680303499981898048085718016484934037873693e-123
1.13244100427220336017426267669342900754975458866639789386994001880348478581013386884426636578801225531044941626753587100e-125
1.58894352495923797770315394810415897770331634486160733559238094547223603212618710531007192812109723281920158799506662391e-129
-1.63617492262303337374973562619805026646105374760138870387896941512962104153766040806534694521192701725849698076530442645e-130
-3.26069262880511063351182838378359797341356123398616857053817587584714476807764573685133639219602564456918008094096301717e-133
1.66897216028464558566890134966796190545743327990814954524690984219741118056971853434567774609430064956489359110096977344e-135
7.38416432045399507968640666613410224886507266360157717759108473375008160824365906410965987857644001803995142952662346568e-138
-8.67305824385597631881523723267762184361366529779173238154053912563861242045459093315729255678296966746346329047054729151e-141
-1.08733973619725824816069373103553788661172257427811197779912967249662393513188989211485558920662547319052201326372773612e-142
-8.06291780443257112693143952640584169607212671273822211028727933392403448092565639805788418481390714399665064154611407974e-146
1.16478149142034441640359231989875841751507853981412996721255461278854480527552799492780526808272002288660749888893839353e-147
2.89177092733547076549015004260440369908753065646512571443295832357168232568566194340107345653091458651285334762499296167e-150
-8.41415109236616743725993750201428466580733259979417272435942115658131334261330662746593935770749026620981419714194990902e-153
-4.56212456029254499742840994833381341629725243382540578731082699906443162776621486375654585857282157813449397843872671713e-155
1.68784015846901772538335100702090952418587347683694919105338225874001174240625633980564175183892937783729450305324491923e-158
5.03973322491453848229589027746118826130556022302222628638120088534916683546751570206611356585896291127114324648760129279e-160
6.18814008959053770585436993043174262579050111436867595743957144646617327485280570522705930529648446817735524824933303004e-163
-4.04707607847535599864778920822530115388483151769916701732273983589643549604027540919916094606839760565726197130091572043e-165
-1.21846465016567667620711781864304122229212324199923918281030355657821110064957905142139582363675681675948562465744878982e-167
1.98139419110042849384860667485054602562437622253034662267066697563649828545633832626717150485697633489774130133064939309e-170
1.41855650998864788185646044953125628965984551396187719347139557255544113570779548265568383069118923395079574660079755885e-172
3.10054385158127835917665254948821281668059172641357832995144664194159500440607833167359797646126788368849895820153608699e-176
-1.20014018251748435237370994174648904361124165905386270173262350752383492567772055539808826473502260425646435213270935962e-177
-1.99396332897522475645640851275149396399967713513100607083462583454189925129182468752190084994598535816715528977696105101e-180
7.21073951004499852691386757586846675831693137725414446408618818929500845230917454237925844764646037923572174799449862912e-183
2.64561313032954297918254392913021843171788134260132034272901959012780193441578997604911188262183517205299793461464845360e-185
-2.08483050997423790205340855036641705315392541013450235738277854728933665496054954074644498122388684321003962228534942096e-188
-2.35423116710600408518814093790872961929029216694917259943092785098568572898583591557504082313429280855046006539026806956e-190
-1.60870332633521409520755468598624871734080401199972122751983346752990896677080461983680753075622833990128653933957856681e-193
1.54299939078416083584816390578161971706194302995023453856844454702961234585047369199261766370427090149474396574064296269e-195
3.22897142765041991170514512241174652303368647770785805947589495036660966763879847863885175814422481428604063787065164212e-198
-6.78820299867352827848209503150008388986231694973363340690881423694752984208364583425872668451492606173853570076042390626e-201
-3.14465545700588992990805043865886808557565087935999234806716955899199426413488662595807149372225038497909975190758382814e-203
6.00928732600522929943408948324061913164643556607465885902375113291259598228971201293839892142267747146074352864453113131e-207
2.18706766375745903524626558418125187546732549268795565326851404086871901650399144278036953495590461702296375166351304070e-208
2.36484421129096144980313140362429929332984459791732636362155120094639408043881514346006767697694294440646024029168073005e-211
-1.11281907547694564113840053505266878516077879031808820954152365107548796758357810229110353179577387052613516522709604647e-213
-2.86778282940664283466215450986175947119484819463778574431180006955736153019212972354099516880223693005834898743488743072e-216
3.36970804106439055110714974365609638000017365038343142332556269494595309500813999783079052735805138313431526269034925515e-219
2.14627390994903388072979571822997511820733056975646351059380126186416310753719727336426259888376660960197050850593686119e-221
5.73593384147658362536538781499494909889495686001832991930657526259841712808746799251447858540484956100990189699646295090e-225
-1.18222697811347526396264632567121327616797301890903524823276787556546691791996892428209543976188804275640273184310464364e-226
-1.71918546022515452493734258072096187606542257725025482385348507843848241637916549154159978021988503146427515663715578552e-229
4.62223599230275231907466458618299521000204522620084138933670464431154067009679521735132607708041917601827734232130144064e-232
1.47918456487296988242514902815551736620137222032846346145488765200428625064865179216906667918268355926565807745048315350e-234
-8.02226289461844446159775387202186879406214254364292219457197814282188239180283253734654001883205892133203844030220990777e-238
-8.74379330967516102549113747411123672954607334763486663022333904665952377715598705032838190607958211261671340961372023441e-240
-5.64812136428447044853848446286343687573339673389946863865698248281564878507543315969858661963445434366805306109968901862e-243
3.83504399937097570583979008062172734684045022524656024173483334684680847776815182682543123325436476465880910929989913291e-245
7.06044849677177545118803293365488444348651776547179642284139437741392638964450246479904493544330613556577033817610178718e-248
-1.11647582526181447095679225281566810404461520312455936501306085935819560151552270534628032994648008818965792898493106157e-250
-4.62399282109205996136781722540226437280798943620921112939919143458254355904243659323082554945696778612283679635240387418e-253
3.39794420843649350179592753489796434001389170373109369428329022740808098169944740149692743210355009533210409540764576179e-257
2.19498543125629751516475959562045350289624492671717343251925842088345361197663826038773731899807793394074140670924886226e-258
2.16031811941008270193399542612215449040159473549437360466002927851810923958709061830659379846316546648558279245221869494e-261
-7.63880084643899647417120270701856983674516660800786666908980808318744043780152880794094960183904658348261890753457120303e-264
-1.75016182201352352590898284171848197272098185506792407134040288531930780743689371753613037768697492594816077264967969575e-266
1.52936945154332099326363157949553957497688639840946098320483928781771443528007944310558254349962664721580850295732435425e-269
9.06163109130754419850240371867081948721230461697198714815755077087454223538861109144213298694478138775077655728079490184e-272
2.72021395820929615199535283548796058550544052653858121402047852471156313406832322054888033796116809258769230392243187514e-275
-3.48426528865113473439003755788965586665566336153999010427586181932254615762641714596778996385155961972181829879489205498e-277
-4.57703946721711441948323455152676603780246822011874050768072361913672472359993672922819958340415865783879191632686157166e-280
9.46429332739223089343358518781680344034148332545458631852758413949042507693577475467798239352294758293058065435271711869e-283
2.73421680601504811505750693896414485741060280720603772750248908261822947638759224146977360095583375548203098908782912238e-285
-1.02170822172205143402612707297520689900621397332202436168188600900143480673096650492300512597192286630732662074486507614e-288
-1.14431007129534554739603823683905360262241369593537185760571349234791699797858683230151496630822526390284949431063575303e-290
-7.09631750758540597406357587909473194358259247185598240105670086564084027945735047455443733526216516307542649389715980616e-294
3.56840239604508088731840158465437174804061812627150471988708062475747222389233768502204463179893214958306554797856635665e-296
5.95006774812036491737154517351359257670607786164642247014836946963821366963798184867763099882691853017567595627013683393e-299
-7.26529631247595012023099881627827446380272219560722925290381757122469750657465999860607051297976732259746686556556196027e-302
-2.77985309929603995108635025190372536910186071639744470297920184657863282592332700746879840062237669600251146376829187891e-304
-2.55198651112218171075316316953188082681329835640974918616278401528455669615559754342523106616376588785841122259373089183e-309
9.52375415673647998223232284900561210129098866796841647963713008240356927421495993345513195677183402342596953767710104587e-310
8.72191288665241246570017092695392152809885279185337354075286243507731095828644314285470007271516179628246286932532657372e-313
-2.38993879781295028968881386838418368044252631955416815006610282586777184505248646263672207904234577640297269072195703439e-315
-5.00063539206282745663912137995918121314783943112468306872889688390725793521115054480836823575460096776128525799625846850e-318
3.30163322297083399790577265263621656048024280675927918112542294148662463217540181037232606685593617387923940672177792244e-321
1.88640390172373367443394961738086580582677162222670149828569397936207085983841925241314415627774116041895403710587119781e-323
6.10932516833358668164268637190104141023577606985421221942553031816705546375142965022359448439149203231641062058053451718e-327
-5.31876536450919829398439250816122737477837934785071756514106516319082163418596165437263155500961868383770164701260921675e-329
-6.45265468593449119467675531578983076016557612662038816648045445569422207620537423064824189058602018052642843638531754540e-332
1.05085668698904508315453240221801492822765363233630508718593973687221534316419474758517621720795018110011002876176339467e-334
2.81129365905243401008520859993171150442060917807507981895377980552754522083259508308733635113384874427870628513910269170e-337
-7.07152501199202825120464657989495528699663559439695667654547727609764594153809477573440279670096373519295001564214037768e-341
-8.72104059506962636510245547968314095218065605212856741471780880768876248518803260471064388942791063207715249545866491754e-343
-5.24552160245187109639770915312670954393423461455309460148539636240243719947154237334990855730424787501429622496212907162e-346
2.01969429846810136332967030532064447986731472983136438675450598284867115640382566182742772977371276428787287295521969063e-348
3.11523506246491516803074226932359110593765296711175451769899308696486494061227631262204212197527887393025661363628707253e-351
-2.98887035102190037840073652317095701498180996906578718787751722961529196268797588187578563479115239272093031645721284715e-354
-1.08413812459739937226116297513124702076395247683573116637380612589073807418529743536791107099455318802416521173190809518e-356
-7.60345922666723364871904962092481442211237423052986521855056131052838497250101143382699431151389843215455439827040372149e-361
2.79252397284916323191343591473692662611738463326655719715179174196182671930000759454788227922845342484043740108736929337e-362
2.41724087458277180530569417494475450281064860801879476674934439735095697512295391364089529673306791212961464180648783768e-365
-5.25160706170214323391272538375622509101619175181872521057095922615510615495170609609498896012544223123482465727915171594e-368
-1.02397471344177545524185833909512478951494423144909191170327252706191759503835210041734678939427288830779791403836359629e-370
5.14039979926930331701280841145372321444440039357841266422621130673688560373611571565675158080152420277497958210453516841e-374
2.92487446199359126228616962928728054514986494954801978903659053978023331618801221835002185026280860631118268468650846139e-376
9.99402596092492064670828871391639866704009128294627762107963112055008167129935822342527505337793067090338868200636078232e-380
-6.27253917667950123334230851872209981973043572129852421682918288927143245228125896328297706707851777681016083337112854051e-382
-7.14382244415827629712603528895818426135677807865956706968760484091528606184523512552156825509835908446869370246993826783e-385
9.32197496314778176328702618311994997460266365935148321405729578094188309090485810222192307414389686435731694936032829890e-388
2.35598094781492346207974739223975926323437670452871115740930423024029716213768205982888775707519595458313571985053222275e-390
-3.75896711791915470088834370371543163012722304469208821324155982722896235274930864848904413068107613779291922758604404171e-394
-5.60794600146941107269495419255270342677126233923762259307322242934028418667084097941326804391968065832774536325405708674e-396
-3.29542640265469808381738666625111441836210659142919833487859546886240069845486357681741830269707051440557164990851110110e-399
9.96631204433438898270074374639723607529123357718715062220895632901230695247561675488658689034505835366147084297535092215e-402
1.44513302299046668662080465655902081284705112117762172432959178644987522129166809917079364677663688194729206505201790994e-404
-1.10179360226115446514023136911924147591421341044998038902361032632440887817981519355747118307588026514954853560707939967e-407
-3.87216330083896378173860589563724228925232686089109300256643646174205971865495815613035249436874328061728358885720073673e-410
-4.52074658747036798634712829677694944644707571545313357252293712390720484369460164381442636916671943413396233365406292482e-414
7.73643950413600322528459910137177890351236259261608838772349763532173606973291053887680478161623683467569366364044624279e-416
6.40413238553743158658344455005384741949109649599961870795998070833647684536557448627686081456534099525433245540259725864e-419
-1.12254607578716270849040656431558344633387354447081592220139490665822383020475098638667736632252827355153065421841709629e-421
-2.07252787199214109003462433191751561292010503696778730649970289255235549050025191141288218729130595058425411049509912232e-424
7.89303416170330316660681710216758047978773429587230076126300782505073526203557054990783116278917760909719851004088608209e-428
4.61802157673582798518310628854436029808969108443462269996029595558734862681330551153385923344704441017516735774441567136e-430
1.64246534627978180179477340597742808580329946533844340954276964583742311813347143062933948983255224754074101710934422605e-433
-7.74814584030112735982703239092656963889441972960168338689908652826115781318756192383742983772047523616756418619365129128e-436
-8.38948274574462635758708580678559226352549789761690532383715415025924956389099457921301029301253163233157432478658976027e-439
8.88249740168813200593789101639896743978616607824935766443263454971706740312936844037806774894629335350722132244616871495e-442
2.15624919876644429435618250958326687238956724526539470788563366138541373253379398464338843963675264469949200429914751513e-444
-1.90010190290667467213036002550851434386128941286990001586689872793796710600725731001309225898357356909646529060054074058e-448
-4.04598412302838908153067151660342113831878596135618373293490903387126458727143727749859007085869215226062865435327569302e-450
-2.33554237946967433115371535888022619342158613754029319302263140386472232741070238266264376880985517676638749613414876480e-453
5.65983935112995238823513764736243083803541546667484376526787095381142733105906793787133187099332275772763653799619127265e-456
7.81503213377475885215101657281406647987081151743031681963478340120106055714070322578528546303791674567481359841944447417e-459
-4.76537335188118945345966331278597306724426879827056525615461870810944138015145850739238210842223066620311615805971355270e-462
-1.65488114592321130281362403353759591001621026717705452438053488250423790888647914699333111916528062195326425219698753351e-464
-2.53959118972642172250297172099514135989654871180998435616518205413934434811839373048980179374269914117011310296548504343e-468
2.62842144993137051731538677793287509821817940894856926965410889618870731366562456262896259315755829104139240357291263964e-470
2.09968162763049880895199625994011952528114948831073054844460772780319681783152826320320396937054023891582741550712991849e-473
-3.00979612315596842470620809612408108194527442174091984021707169222089011934325146701012569226117815983573845723167014685e-476
-5.33162226104390265932771659048231726447025091299786159245683452943787940813345876094062457208569644805968500430444368690e-479
1.52279006373193543008469162864496259755014935713605647348743497792411984602139104112528498545101478492648011840986621996e-482
9.48950155217192188516250432664683884769140589525887205684768118095025160850487184852941250147400349747431179089814099392e-485
3.48274137852676838709719455606361056152389635797192301821778876527764810347866829075590066437385401621982108219279123900e-488
-1.27376981307696228205587069842658571846847244645524055407374508866280498357557715205427469434147928721552807488969472475e-490
-1.32457247740935639231716272631878647475069812892148349432882060573507187773516053118597500425261419640394576739420564095e-493
1.14819134452489676691013950382146685905427037117780576174972371974782722754659033987223759753512815163861867029180107751e-496
2.71605971951511609355175152734715922533376506491096747684981321960839541314733837730362425043728793905226535787416831927e-499