0.0399200490669183518791212744907292179522073246234379516638314742483732352985253077449508706180734942558344443290937651268
0.441888821009673101568081337136500680852021121435376167364410758257027531357000420928683354685767736817478129335248579025
0.718209681254417588570706981950471015197250911886943052702339230533863890689957926678468742490542643891447960003316601826
-0.358346627022083331965036746003251852378573211391068175328521745786268493659990600495362909335275215794012839565992329788
-0.872912663705865173868802915879083240620078587295043044838930569498404829869620581201657385040304975158230173007098255398
0.334626796931919838590541832248015987174900905879119768574498976470794296034851204560440702166710255223222618822078283909
0.481987071814755415088279021275253487975052736141686186260791053760603793972189032156758343108154207534184526806833154995
-0.266368987346110438254405636327693254161772762824667643500890144357719868832972023482625863607966535829347294695506229411
-0.124411092529261446180831678357153148388723308853448665584033465571033152529414769321436626815692895989702748124360888424
0.122134804543583372159272747274837753299002698832109383694306280266675277196777199792893057990047624561088366052093005485
0.000727405478400545467598195459221382807937111926128997002724916696259799286833463202053921982591540602635018694734064426372
-0.0301842849423366748507318513655426903383678081326202191181943410303828390793970801900760686205449273957320443171948879431
0.00866142549360587824727445924934527630915443733080396913844978750508674895439294700604676131789996697540129758099709257357
0.00322051607848473032778247657974809850182965423246949591745106425880435965890972892858019703016046804798917487838268422932
-0.00241690254437769267636993101308807734313971573660390857586502998769005078777200905841959564256934282629497803912979065120
0.000206303728300736782276749868563057158593681857662676958729860078401203071201160953910161241399626457282948287707081309529
0.000277255625133155357553264989041390077197364034728973739742062941814200756958423363323756951363443658900309564173273302660
-0.000104987355467395435034368522418405085423101031525364930854771955622347158787696691532637392016355700234285454042723028530
-2.79911106234858764302119766561598560352053657644552948999231715452677686172090776022356481128173602739000998114424556156e-6
1.20275977240111283714893970225318602637157292226853477022818230955163749315710747686269820248744733699778525220659502274e-5
-3.00926122908916218728977343424619874089630245157374514855080080576058616980031946582849947462003799117645513962858919003e-6
-2.95325491009170329136524916936939771479815163600734858532874221888100606170906411971008738834891596279217905803843630333e-7
3.36096019233820576194962033635624991368812344450919869216519887714761731006544647983783648064240264518711441093818898966e-7
-6.43411212424196388616530873754157121400073995168323059352284583964178943146736711705526262670721445402992493884625947331e-8
-8.58031161369939523214684488344574818304113007411623712717672799086659620793987495398106646268758397151779719103188123635e-9
6.70601770295570664617457630489978389978356281765487243515968632146990396640399858698309854418810217949104545621487460928e-9
-1.11167607335621004202652201488714007858450077547044295066686719305229525517591842953693850397195675027858286794461262048e-9
-1.44321190749180825894243756372770740007977986827038980724712444548505839410854204172880991350400697252290920650745034077e-10
1.00734536627240293577824162520523170329792319962259187891675902978719466866618140793884462941751900776124197901292042713e-10
-1.60987764536723897006292056760935343423197174472509650522540373986882762586735495143536940152276172196135048225529878677e-11
-1.53374714914462512302471809071494230861868810812589088911387312662395392892145984253020302617919364885800695710808353554e-12
1.16896081368586177361370475289945393006110153112083199026836247225060043263777179769396964895605046444377209478701334356e-12
-1.95388485158734524279783556006246816618260108280772837302248505062936663216320450919030224027860177098458643346370060141e-13
-9.08425827600667325796415799265101717720669897022469670250700397824056960503555043020778700059332977392472007251078641613e-15
1.05577566970731110310115915989266780101658963739307199324100526099860182471101706040926107614994978447834756225579908739e-14
-1.95444948023222899652797024880467759664053957546801555582051338325834897723990574907887496337579862259025501806859665040e-15
5.18777716167283970780780906765162828742855789435013899535820691696636219591215143704798041938487232659798981061816716378e-18
7.35595478665904521295617125550672798434966881624099007941780652250337957195410105765498114800529139615720532975756619063e-17
-1.58299028268539045593467172903130703897961289593330950140419707825487118385397866281151991291084801882827293136509760039e-17
7.36487366242509068053942563583798566561617386259008172369571177959918420588927777340729628855368793940482677364325128133e-19
3.82268965391409046167626277145020805587973227400605961619246754253312697825147492355859806324492932744294801866451821201e-19
-1.02261350176572832579062818613467429395812307550709947505290635634605553413339738314308314707162242510605547807522702025e-19
8.73965819672760271152478127305290513962043149145455651326236679560003046282132438102752614300251748351620947656767126343e-21
1.33468840533119633823362819321958747681733218815521578147818368005662510242705607541529696639026378617505985055485971366e-21
-5.17997623416194204160008425693202146292128432147883321292102788404130074025038226157763374280030390629888877193914462035e-22
6.38113861204340504521520557353678974201001787025990679537233161449063926816899293156089145530230786297492066269820179850e-23
1.70146272291117741256610609183818089551753144573014365109880799126175147468063004710848693997768188635335715823438661582e-24
-1.99597453277291138586030926438478650425374772293278109495287591494490117277940327019313640223850006315410317704250589691e-24
3.34192644697136509969629088737990942316694468134978996135867447306571019120880290739169379289576107130764575045946151202e-25
-1.35753234558327940822723931854814233640176504914114733347481005498722604375919161261776484932618357686979228408482742349e-26
-5.41846747764538988762659299533945255002545625428237999677264663664328669156880394358995838854393821932701088168831217842e-27
1.30376710062415620695730589011187368996455405814675657920031695151261784674846936690139592990488342171278837473083005652e-27
-1.15362140437950759165222604764481826757151303810529129441556678483408236316688514747992893449320534891176523237513757405e-28
-7.50797246846739556219965805633382669550872499593116219310466286626515417135506552756482874990422455710596930701532399199e-30
3.75268375630686150501209258791333499804550195053683421730138051632925320540473932329261648702250333551279627769252995421e-30
-5.06184114342732206168610452796795695495772498500971348727568452062266373327553172843526360478066457168781889419550434142e-31
1.37479229800969199693510204643675457359032375699010795390323668790248975838595147395347974056485304087671081265207231549e-32
7.37158313822020614854177683418824242484176669543820732640235030195020077576467150190321181188257608318913433683280212530e-33
-1.51441352563139276771264442377340271198783817692928259604257418656394083358515629927085734413056671123886314266968909634e-33
1.21624791500275756508981770254654322490905840378568911849612248791111842991937736555509444007356500751030307673231008035e-34
6.48075577653221640556929396146137278967368602681276002959415516675061991995697180612162833094544766840276490157308837708e-36
-3.17254720490141116422803088021635741070274582805898366748869781141825694935690799686909301228958654516102837598213978655e-36
4.12135930624417659453740488013032446214644384327609637390068784070645066622700738169648474647076799710901514834141309880e-37
-1.51133023821507462026966128424542901477292837364386245039688303787766787309924382849714673651631475725419322516132788310e-38
-4.14285653801861768808469352997141491781623715680161896437082043146821787795885889912125213978397908399259017452661434994e-39
8.97529437371375687562216736037253719620767495307301289252593245901362527469012046998329245041088919707715761691833851096e-40
-7.92630299686722763661047493480467556523915233509100498909451264126063663870594966077146255901146870332659235311908493718e-41
-8.58259626345566868687662267657751555774118625722756156533048067231149649505921970614349937136086115239148029526235557757e-43
1.28092893924689238949563777020735036177967790257666191632877598796686899128367374259097616502617331104970792397200334660e-42
-1.85612698850917270861263447603655462142392333189340677147472266645555751629837749749117432054409265368915113777554359244e-43
1.07234064975199837567418483040114770874447544178349428948646950577736578242655401228667849053857149574944681481694513883e-44
8.77101405922576599005936476212863926485138171223892244477982726693485705743838349905003404414540998105526243084296898448e-46
-2.73509146152293305678913093570542421200203870308080734170823345706763983626968802893083094133893303890162807616775696215e-46
2.95256920835118689349894018884007137105294171191775920575377384493804961723479548457316228467169770410271092149027015865e-47
-9.22233007772375128545270234734456565964296471279469550466843093898147104003745691253234343100518637405517236626163608726e-49
-2.28968754470363688644430932131436159476484194958548776685475012839011814585448657183389227673184753112454225387781725834e-49
4.45162994589910657425146537834661796524513661884551411257855919302358146205006606878390041073774783787243104020666274889e-50
-3.73026200555906071506225787136949490038122351094061722236200851323733840893737053058790650374373577380825295347974553058e-51
1.98206078130492597110038122896153103076468354870083069474116770087431909574912335038433686788787423987596099703744076074e-53
3.94817623253285935101146442069105397885996210550861713924420817701740976553132748281481898253629166683044604558482913962e-53
-5.79940996388756443379229854728292463582614240239353347094881747242430557706794858810751919520823516655022520050669791604e-54
3.83520174321463611379310888312917253009826494181485925076949856799671029745110963249320148846110994253176340631778112097e-55
8.49511088495823186169078674970623652975265995058515353943075912967447852229481406550910195978692791608997044649750603364e-57
-5.18551463162642840776961608533633239891735636133119909543526838127086093447244241850942732085287232622028517237087401764e-57
6.24085242594101661232469998453677725985737574270672630817825463279959506758276287016466980353913940210327049236712739000e-58
-3.28090123512767327892796973153734729063636628554599592778857160255080576498897421556020009187056605169175120941884353562e-59
-1.72379736014197971268431539168189464667881619776645080369637260489774918118142508214696474025986284605881989325223891850e-60
5.49051875633735584932366529629185934855721746720315991992262984822165067559625674106459864642783646601642539020051186153e-61
-5.67889057323407199665419535931145896238863904747825834296520871416071277914698969138697841837491437435240793776479560641e-62
2.39344728103506905418087570707298484664596790883105226284129615398689003924828419994114645857054837603494010452093796900e-63
2.05548740971631224518242516767780189516330912155902519497791226009715635647018221988264025874760022002315518814107475819e-64
-4.83503020772528993353747353779098643487264886277318862284199020732614997033043225869738108659109293230705536281449256761e-65
4.45154188209746877139256730479128511772941586589802226752570529188176981864389621158708987218218419355706771264190103131e-66
-1.53578800899186099989158773342479640727288182474774841531000582736188386627428911976276474023897437919647267863954921634e-67
-1.83097906775045038857992173788694706530537800332968123583204307456004008168165493993290397579704524186002520563283016125e-68
3.61240446862003391359317262083020436907021071907145619182213163367840278049460712078794788078991016973756256586519670222e-69
-3.05083828655481124833175037092593146833138659981249595453867199145841487793595105107669657826158129086284051709403546766e-70
9.00722156057611951522571729218628631386010146559946132781034605706096579991578993748131373512381595361868027169790171089e-72
1.30599552057769158295374727559587269919339774191791969351937501522085982796558953177689259376856661179067686143366576034e-72
-2.32097511230547026005032131179382470050565376662847158510952803472104997761809795425833829850464004083772402124003912888e-73
1.84864440872567264076083232156369905819291217080557085580435221217947530535997766821391328093768972371138636927651271737e-74
-5.01510693068770415999277700118571555581042470973081112132478748432112581132632561538119488560721929822402423606068883782e-76
-7.67989989427279304009252303559320801829055923285391849068691193302649557425103214442606990001174982556871494028574138809e-77
1.29412583224551733758013929086580088424519712707504884241381989573793460330645977456363154153418861828931030192523798119e-77
-9.97846452429050263519532809593125891885980860573620894622207209245751124628954678628010428497423935961608656157582958287e-79
2.70498734704914856629998884539807768499259552603107266502517410338821127460116034261815203347897934243022469699934689257e-80
3.76865561046396332073934128969109343595605563826467255669646637156366651576330906934507137876265516303964031793087082589e-81
-6.29755481050195857524086123698918759341074890014865629309277719511601390631972074207317631839314769172185850305087237018e-82
4.81651043603215590125602815166401304627414568775739868417200704653411859031614653431559727440430676026888632626024503852e-83
-1.40166100699553185861254579315969773588602472168044162723044695081846579476913538375797357808277655757550880505061938221e-84
-1.54376911657795619489718839383631763903372187618590116938708823103653280942163131979088211496682365352820950721821399561e-85
2.68179468004652739141280245073549843084245880543109693500608152735738538091589859065780565061764034987611661178661041082e-86
-2.08057021589723686099231677446576241117607835386362019677798087268983519538753356733795244707624720051200506345490652023e-87
6.79230394717535683736638886178758401425398042168986520703225539506570276376207568307912267647533762990972760969654104702e-89
5.20689193577857467825682715178891112557373689945556898760309044433894136728949477240417129718488757748367533224139826741e-90
-9.99281394833696855491930995532057708685657224573242063997317065100841274332459174293955743108714863007758672363530533849e-91
8.02971809887459968392339491305373507212219962219997522354071716527984616063870519327834443960488054031794879073119828844e-92
-2.99410164755317345018770979393052710709344166584628330587614965621247896410633895337080709409341726548007965649212006261e-93
-1.38618193718036844285334910117241860069938414143260179744772498452045316138104270230599082363272133543046738836488194732e-94
3.24779933330097865892908833523367839542661549813097423383613173525149991286538170718514310472161341820543647334253667407e-95
-2.75965933656446107442466496650933350403886042666445003226467260797593926626652690562382337185655120591675667627826382841e-96
1.17757601709239289961450350420700538362831069189769101453820562059130104079359904812222745201721466567017176173091920537e-97
2.53208922594678465657572909538735922563938561460663694733812584387743184239526139681234024616364603777493461371451019968e-99
-9.14149792934235488136995239968218455301927864553136531102806340380738649205157791837729471016592782086153087450238191671e-100
8.40802105600253338947032095366300837757052203416301591634346021359967008607030989035409248461323592421099384297069924908e-101
-4.08675324835472017688396523592551816066957363970143164289010514173732684327939642463893199395634405075416527365287625981e-102
-8.15427739969388860157005623949226701684442465466983271883653549477944391262438013547881449076448450682219155617378889845e-105
2.19769034670214398476031722092687242819197312365460020242435446628847077833708113873209928212351566560128366563142426592e-104
-2.25802767016582643458873075119859346439177044282612475943884210272573662099709424383961659035921604448975718153690937642e-105
1.24417816011670225528848153219999174107313055952490899411698013499880382531520963404147679902513611162550953008969745625e-106
-1.66407495325285286476281808560336445576273459681858235549687400473402746759288349158035081305788892580679807360120995412e-108
-4.38889778021673431948619659978878074447549519131762951937160613616535716580629915580710950147397220585761939848401975761e-109
5.30465358453169508180835995203054432177271722868175345765297809937492929409336759651687835915888500187445430921336052941e-110
-3.31102045857392041577955458997167454082800573122975901322640894154419947396179427001387421100434642514830380624281439961e-111
8.54705196793684749502408836076589778674920427477110245756498783264377732607674460124031456287316489062387205745315046421e-113
6.81168568356602626702587459786153201915500589121257021382173286632379821133812934927442885430105187783832284450726486919e-114
-1.07797963039639794575153651665699033350205183703666081933441227740459688834048970783172259947109675456906776530986294421e-114
7.67705856169993248892048795236842185915275157899164739522031030288654136484017648537636533714037389314286190342142249962e-116
-2.79220632300472312167692043806459913625078919465114508059557694894698949202102405231706007913330583008439140098637144788e-117
-6.44385476611280040335787800690159038805791796047783055682656808826544524841523531046782806588875095234109553509682603165e-119
1.85951918578095840489961266605544643487659794229411618727209027402423582111182184918429407909117678764568737968817933716e-119
-1.54367322635492526867411114090312822687594978786281321064918941024717733306509807526355868639651530856603826336027351600e-120
7.09707933359267195023101265400642633319211119044576926052893725397633135683489327129894452758727699821941869271372198020e-122
-3.58143720264194908285582231737544515752779287332220902167038452817143739859833663382544116312302224901800280324458164778e-124
-2.62230834519850003716775170134204576543309711622318931564456786804061428836084072767931504213755119232572631758231775036e-124
2.67026344896946227585572662444830246494496376965689567581927013171147131540072678937364241396191211669621160243503599801e-125
-1.48477404738247067365216020915261061636510936479329647941546132422183182506328278700314270378518983132038109453872390988e-126
3.36186258554400804918358692411405335463832464766787876338271966120050187895869145889307565797044520378025459053508827231e-128
2.74049421966267774909183112961770496025097028180253109090964978981929084704473130588878459967584311040410982408633303725e-129
-3.91450686222048501018364170469303283952147402290364742685906915930874009744456457443270630091423771325789073808648787792e-130
2.60892944546617295611328391507399425913133598712870357143294410830907666574894759331383153731403601844156741345369628633e-131
-9.29658343186921364340583542714215108985433444250948428884857063131307041377298912942965513118956652277841746457718744477e-133
-1.30069728994226453501390515797861445396906526199923999452916953246751867005777809367867492225939858660452591669692888819e-134
4.71500736369571951111829825175705743989993387455262923836515697003885184103473366471424223395659843883073925570502448006e-135
-3.86586099476785841140046840205134132494346262239504695074986081850657640232150548404798756937272515779735861101635313331e-136
1.81086399315065569535249463985085947543935538780611667464951870607042328011699427408815749857734872292461277818202541823e-137
-2.44438660442007598649123071492644353868898352077656204223274912574794598204680352665586936595385074315333002571487792634e-139
-4.31663529068768109770672237074331698901156279616495900332601528798132217663276843002586755383466233697120082015182373830e-140
4.78751120432291203585049453770723997727208095119956050878687594737242617523868408282340150177553841307326305818998943302e-141
-2.79538883467708788649648485173207551529954363919518170484940121550253035562447267441896200915309193239883555495630330695e-142
8.37525193925255293454438139793948616821145580267354474672602083790095690182246929294100860329019309558708297243449199320e-144
2.18188863963999130484673397190560338573209329984608256045646278609637000000997960438175730909306776260159524974613734001e-145
-4.81326867870459824915582062377773373102572892770811464946399586339093818451412923261716288346245459203363778722566827670e-146
3.53110093138037489126836087083654051387154771914708233280693073768402825792037370922784162991831476269942499124267137977e-147
-1.50502013640961970894281632810285386189929152964466184770183659631889388396925540258874291937468406727557402941977172753e-148
1.51664498067159078134393415222131490285905298159772812995775000406586081042815325865895052612313480876684264430995710405e-150
3.61722371996539369935994356918263987251577963241746430443175876486852172546831645401237112166689532405236068364153413045e-151
-3.64905218854833415809710653039715666738407166768378022612654781661939796017739655628636557711553026897574594386486738920e-152
2.00551033246187750723929503989611749527986381635876047040907589941211176067883855353667179261823063846051243721525380427e-153
-5.71992403879062521546013781335925756456031051796183096815960076985427269332444260935463725807306946713015668448839199422e-155
-1.40022021997316686938452720633529027065551165069254346180523449727429973369188477519076247466417060382306861764815019582e-156
2.98851375572616380195965157901763034274318167109139231450372949389905948376576813819973689970336310990509569565717556543e-157
-2.12079196055341729355430960076813243677327223514477497254023313889314569821720773018327746451735641471904237007444623978e-158
8.89695502875120206472525746999777058979694878319858451300337999009706490582142138260491471180633333821830653283560626027e-160
-1.10967757350321386341183914993368386940024588288775488743448675282882437915120453665683635108424511077970519057204876152e-161
-1.73514944452527867100855286922411489229589352483070489219294491413059431366101863202964030950990198387885159555830065181e-162
1.78908493181069812953642395274366791276408173280169297389414968932957866604909338500410448580107179419830484927864161478e-163
-9.87313669440527013411044917889157105814778880500168283717629346796442035509944549278910170047111889321892331083503864993e-165
3.01694465327667764368809103901622538508048853278086375048136015396967051112915667948436540112918741794136854840194121866e-166
3.45999267383225264384689821817070362703704572716803868157428584580353979313452610473100716367541672899026525798839188884e-168
-1.14983743891614305186696108534967131963048296740103535416992654528068301824927739099125060635347317813788890771148413074e-168
8.49849674681434948104837537339344822369839456222190454117132559370780627867779633786449980245083467579637986475697697804e-170
-3.74975489257913287467602174585798329971651770836747512908026746258807945199491562445277700884096755288569065863283530745e-171
7.02919821332944476906216009720386785522026557670591333450606113544210173659173221179324945706316935974056114223860802955e-173
4.60786171263128759275382199194721224359376077579330245169416489888787466273771508842626833295773514712986492698264577257e-174
-5.66002084289321605737403098751279508432868426609370023446814294782433178104655676772557011780058642834626074207341478222e-175
3.33015548959783346357161926133846443652369787963887200062703216536053889794633262864265134249667132729373387314921545045e-176
-1.16520185142145910656767439803784552134139981845500403186641718259823141325258023530296502538234068219247402228362005637e-177
5.04002229445474335380143179848762035054357242812760666878818122011011703529767683507578870502238058563462031049655815289e-180
2.66451972863045279299371279652848539618694566025009332892203661354459464412691939288599230348530603034975076076989640707e-180
-2.25376950846446660483567993347462998017220155388178058842080676962351349623579731988602026095339263633507047582998442312e-181
1.09952347222423301198687427086667354757945854451886295719189438616618573469933699561574867347299978264666168579091237304e-182
-2.91756137239481440502196913349935964445410658973341173339902750435681606944340810260528409380504536388963520210696847915e-184
-4.94347087122292502421509595514775662698285766542491333469679505171699843329015236236327957908759517740781923877950865323e-186
1.12233178484406579983346375116780339732427668882245945761580817877182503386919788766179042448810703342377441622336983830e-186
-7.54170458926895981725823246909212880537655073280685106237108183403913004865910855385667098470270972884256257952318112335e-188
3.09932020001705441655300287990249573699714679471023652076986578167388346332831564381998020269423145658980451561005256109e-189
-5.56663195176475170626985724277976900519644205186444469530427015762805067048447786135536504715547244205898164513155163196e-191
-3.22748926574068012767274352114903529880222175722659884140493604058965145871632388799463915365377005969320238748028031481e-192
3.82824670650223385300645673124879685750866990757752555733947206478446881448553147568631791056473549553180873079900212350e-193
-2.16840029534847351969655343786935652845546943083115037812127091259625050923756463161054591369395175554769497794348591726e-194
7.52318646891499239783480104394452183172276655177472089445072060854159209085542148416668109033497908427434670195716440949e-196
-6.43492483961983799021773192324164513772693783197944184757148428113283867735778250858766385971766953644594187632920949761e-198
-1.26277287277490170766704383252096635692169317316221662516962791718156169031563722782638534098005835179596793424888157790e-198
1.10441830066273826604242291076549870654183219488740999794031587245819440540527244433773789299660869678406857303218142441e-199
-5.43971680592855246564830795154701650556015442175813554078946751017311331944665669749585017312865638123700080918296692572e-201
1.58158161002663093831059882573992567916058898286515681920072583619060379198920231952025371698574715224993975229948955113e-202
3.99730936783803175635581784033106350982295956252424757578303561862230408654263766983523251637182645142517309561676424529e-205
-3.82946092962533991565596311271068466866374736696163106719832882639159637598059741519376734695882503111322091111057909370e-205
2.76002446340144568927398390223400621988099810071806030985933755187238098947254677944376288272308771443885423021120549294e-206
-1.20498765965720172484206604938625974358568386365344520993106877730425013362151735208995928572167482296866200028439604249e-207
2.89003267213057789091855513547935492281726031760131328075693316058903359715022840271764984682545407344742274511168825006e-209
4.75600850973696682221047432578289377170888794859800875128680395526483788399466039766407620292968881813290996901240385997e-211
-9.68274433494888785967849963327762419221256594524374938805578804858729343710804577940473174472520947091206991094602813754e-212
6.06931206053663294296962958826635067372788426276220964912150831394834399261859891971036945218906059355024800035745674836e-213
-2.38133587902198433922977434571439277484918998455538352895964828988514356166891870995722255187685611407857301074032669682e-214
4.60015746371753828373891668423704291018472588631286066619356432480554745569411733140383702969622071545284701419948748690e-216
1.61168264115898407415019621939601037233728500083628384233596933545730470525531530083673107005727143159814629632416131278e-217
-2.10981155766476361644858151380229966714370477428472786721160684871931494441838503512047561814343381021049037819847228282e-218
1.18790846554178139150762091127338452716427247222910246395325325149113204336800699810839560186355632785115845563556754624e-219
-4.23813728774309979047772955659917535617406095693475250356669325162382290162963625139337707761742495557427361819198991407e-221
6.38976711110440541405496361814177590687432828459873997664584989362779935623867946164293105261670049547896997032507121881e-223
3.90555019336048025396552698475246454322696565569113061356332136580024611287557822380011838359160430647405503432135729934e-224
-4.03642030032280704931117596685236977617567253760637483677241550761013647090269998894071927670150406496098695511061556366e-225
2.08796856405419145672701898416394300159169240835072643546713858819507735954740466370517473060028477594123408096922590286e-226
-6.85352651785356920132200504813819708075339633258736989457083196246884589065558928312845376943980611389087256773507488886e-228
7.77823784223625892602962192248913856818023043130504389744889420955567994752186189825761624656299497079754876213878575913e-230
7.70645891138419869379895045012318923004113072764696827771671996134557458389095947053945751828566515662849065583483390239e-231
-6.86268460390856713297723535241628953536678233853441627278976348958217930699483756075992529603041507727838010886283756505e-232
3.31963036916567209930808365869898878879205079708216321052589914727818604743286168675006335841836508107582569812832748928e-233
-1.01553430104198903840251712106755496427102864603475900715592780464353824924909649909953044944812651035662055937514384313e-234
8.41605335788461147074543255351546105666612135344113295950692578545065655024607884383161508269950702649434123746029913754e-237
1.29678761629716511667914789612065270979618069668180948924606403879392233397709935471110115539781033937496251544354882254e-237
-1.04559695091546415356374175062015394154898780845438688488503184321589244049288769777897534719361175103442264318547286372e-238
4.80179358490510172367144073525571096630879858113528522347686516787651518984303536863308264947329172541613613627325789228e-240
-1.38939331920931636036700973494198976656996986448824359655116788626759731323325437534563812773985816723799532170276812587e-241
8.43581687112132909362836703426941448500507622042586063430227289195121084868965096463117215030452459458475091147807839088e-244
1.90211954485758210024063130457322640693943938592178990990623913293799106540036067241639756469104211688754881705942023824e-244
-1.43612568399940465214885464208922154957434133830185732801378083331325855699818715546357299600297928797377796349707081367e-245
6.34809150914727700030131137247521506546781081651581453456378515762561564632746937938364689115207628262233712120840599521e-247
-1.76614337372052201761289927339966835295906476201566367618439961572508063089253317858316975065941033355455596908110567047e-248
8.57520002268981233450206624388226381753876169040258319164531774308945604787673366652246737726270875648031780223017280271e-251
2.46044911042819933793517308824208177880091948414592951485345435279694787826254836229913536540857603576514033030829425681e-251
-1.78565737643369422283594817314832717931257613268866380636430881427375247126873323225871054386462547769602820741221370266e-252
7.69595551366557931281599504658731244951592428406847996093103693993467783453081396574509346103715102889017876331316236437e-254
-2.09491428978644491209087289213432021015877536443529331396438218955496870646769755862406427762765428003139148481714457344e-255
9.85730355893401216264402187871740357221316133617495660318823195573871822405435315223486320486604455313081109681534919179e-258
2.82352116481943945074923552680494059794050227263087669722496140701128926980329630117105269454226895171365812709780477379e-258
-2.01547604697080089791297998956977557435264240357464151360172930789522144664189531987883261908206868478308174997869359598e-259
8.57444314630939155973057432395338768234566569686083239549076109283553395598212942104130749532067348680297402825943989417e-261
-2.32325119510713995307901388348749100246189674237982038963240306042124003012297595851846288524552293845005512791500325815e-262
1.29316330044967082384371604609557373324028989501905602959993720695833792240703274643377322621774383168157324627131045125e-264
2.88000820642846596255874506862651399542980291147009207560620615270359983313535589374667259967424478788862282521567116591e-265
-2.06811761593461276618723189276328505936615390745616476906826714233411206761467065265673814371338037970244647146867691875e-266
8.78888696466957199347687957106196587120171620548065841158468161787928601934889179474782085739587472526659177018162425617e-268
-2.40801055095065327596280429040925866867094858287813780779859075936128401986942354548674931063485827699115755380676674133e-269
1.75021689769651963715362811752408945145121017287467751324027417560170729290445335656167591326643189283829852503055169302e-271
2.60581482151174478968978101165081561079359904407143151961075920447589640888673262701627088571832757276882409639268879326e-272
-1.92977821380593062958271599474960138535130497699162478719093030232913196940085949759160835653224733579599888246928756345e-273
8.28826623220927637337247752409465138333413677708499108881312056128231648124469094848815981563153443926725106094444446308e-275
-2.32746666058870584428014600122953754743786236259327584959720593477047876306257875714699217954215790143952134253753013162e-276
2.22881628963325337836006451221082278699468340074295308087976869953156560951585144461928559842739433448265497790772780418e-278
2.07648461158828891747799493816099203183604801345803806729231872203651711839639982070863396118581219674565593741031594176e-279
-1.63583936432176608088161241172633280054723885253872258437736887559545775216805714191671805568243662346128086052069523713e-280
7.18484208671975697402173318963863529631981184477272140646070794207135354155199345261650710478810936775918056592828303369e-282
-2.09066837173109020598934055887366913612260384397653416234236424912371928353682664243302472148939850036628141290956625531e-283
2.56088081141168505257276279951215291487577269220550474809181262892815724555676655926324892990283697197654932004533416757e-285
1.43407323978620016380752959799346907498060074591716881980552756804678068927956159185886795589893331065463496579744327845e-286
-1.25661600963255220860559238989544086559782322298098098251944468365290179108985046276412136770276115160125420023540697024e-287
5.71558885283483832165026661168747861537153780249407676579929073623922827584344613337331526449534936318940910653199706817e-289
-1.73838152749557313911828563708163473715457813448537454129088107019896509256223921872530015147674513194358675656216888823e-290
2.62298496874887226982737647262112830199622023812677171639671641704562012053492995793014605256518122822420406653389039440e-292
8.27864086268168197032780572927595569341356228860541477537910872151520981419502461953962741117606737197299607252036661801e-294
-8.70911249214640719857626577554348836901126268900166466212100170276880100068503173361861594378857598090549512354191401753e-295
4.16215991809141835378191578139463001982553708235139578918101748376741799725733228493356634729256261526062989761932612281e-296
-1.33263137263179844980985024364159000957258358439360100947634439310164460044320009061161881537028611545997007986927615641e-297
2.39343736142166969048679012863287209303093462299487774083784376767729337598573050308476370199886162065242687277168789155e-299
3.61448940051625117858900704879259394309569204027087294821280082109083781394799624238651845697346331655523509657810094818e-301
-5.40553616279413683599004477446050475229721473425644762817753855619479625432729846526310509396710694693484645089119968829e-302
2.76524264902263917353074299524962770709131865564402472602791059850119652958534614610381874745885771788119018712805318227e-303
-9.38160179841267649327780771353237045881942929549515980593947851358807742523753414467273856941740915375510657570889030525e-305
1.95084280370826707159425323606985104957426582506228051209373850958378495823580151094084208948963709989054635929049729283e-306
7.02064677934121900195860056750863179771118895294136334314729847621848258533084878098568344578779997336657434278721343071e-309
-2.96672560162360702899706883419517358590190358652519710990820028418304787659216662369972341691269708848720029919727219442e-309
1.66856007236514331725787249922212698889275986633441395531548607255725858336434510113874066915361371154978987854015150959e-310
-6.04195818773535736045632646203990430915410453147373095528786398457931899138060461602960844681788017463710376255544700923e-312
1.42457552721573213161421205111426274627160512002021443090908828709203906348244591635946082045895785000485483331784739932e-313
-6.80317414096567331151404587633666632264551568693249885621707874543704868568422503817257789206121781326127616218354130579e-316
-1.40584401077813251876542530006049121299868479406089489304675219628058099227858827242925931287705369631958120077943330232e-316
9.08659556077795599288977703352285345326504116140337587752692580458324146534993328128516448865761015453807640214477746765e-318
-3.54551768682465010455394603952418105595320284507686912488293093508259896625060531696061413170844007794286691622043235693e-319
9.34114826493198385714627144484405744535202741794545566097505346877606605865130476251605274947299370295624762406290844363e-321
-1.04064551889600565422991123514598289578603786638353821049313466178878519341325458208122214853565413947017113802008517869e-322
-5.45502969369525889453764852106858912293306785330400213706401616084664062021662084971433939553916262076797026241754771097e-324
4.42392303190676124271511530587552622023020344379385030475752616039530090304383051525670499898113476485480453239265068074e-325
-1.88714480665384013339224991656211016402787758003515389198142486689617399754223434547180387033433229927875433670442426545e-326
5.50686987032356876447125292192137063771496053132478843231454562197140168559507904854265406194000461288894468679788843033e-328
-8.92402674785421523943198842244945887670816018386022317827728216966220881075231478042947531400438892761753018903608187019e-330
-1.46736210194277059266810148292389911867617362782737108655615600204989074457805483681995106470495092138972035487879557968e-331
1.89583366119888963938895736924892806648137934715566080972261350809423022402781676756844173750248004450851842254370379610e-332
-9.05803720676448748086222206935215017276983737535853901945612849823163503596801870167375292327182061482263388153844244355e-334
2.91880169857132362916146405448686590686233254140488590645664359825887734073085812360225110452240455042461657203149333917e-335
-5.96780554973182358055436891561645084428631327311949880090533102477532497419062283481644076676526028970160397749902572546e-337
-1.20583700619071730154783271994429387948630648025569085146771588365699472547919781173153625941091737842618104026354356137e-340
6.94396894151099365170962738925126151409450155125316703765876963874953566573749291122241180344927652361346134334739034948e-340
-3.88846446753982190411550115425477428970852939684462828061200041717787331194301373357776135590707053906189292279365038522e-341
1.38886588063591210664344300411662221944085045930337727526940203167264339002144692105133134137621360152022652462984083222e-342
-3.36285063051249978713690948363656145329350879386754661968962921350083884138393255597551179207681095006734244465644300657e-344
3.11988934912830333470944567293567576571114448783420805253708934980718921793174317328666041244822950298956441196757878211e-346
2.02885583424785855136882336788567664250312102127324543138788394836023587468590550686272194312294726828898796102977537127e-347
-1.47341597452389119818630713158869451860321400678014249828997257568411939210822973213949464592296025649663473982348118479e-348
5.91247685292996659533625770255745696911323641639576949366327326396915852376303917304687951638088885757473972281135873791e-350
-1.64400365706640622090213879630600065416598659085868740813868205475052135043317369166401643124922829121053668967448754860e-351
2.58753066636501586129677389083941623799677445521963262044932092119399209612153488262071622820083699568102198862721306094e-353
3.66901300280598692055643496374075020356974169674419005757690477883650989876037301055851590487429289725797984577487478924e-355
-4.81197105751161407444439333324539306410059211996944176913143054199716198663780417895762555944725095038184819221572195700e-356
2.23725509953578156809417074602080573776288815781259170689746449023282245299959803181283491174002476530893850336336415416e-357
-7.05842906399734916461665737362645153284189603411880495317787788370172960171572921347760923366895855327508954366998532343e-359
1.46135712268072791780761001182668620908797155780098544145779617162381640777004884486077893613098115870553356379329188137e-360
-4.65680888923123437979003969606181022994628540446691086295551005321208930408089370013761014597976725011248656847441878971e-363
-1.28580641771710188415536360286032504823215189486004405246188022354937332523975316783870406288042979792661621494721763884e-363
7.43670726925071935540679105138130881572880756014136820313922808183004854284971413595197961079572962596000067920142068018e-365
-2.67117489279966525031350960956497147111534640313938872903398933496602929874229915978917756820809629483142338568643388076e-366
6.66891889655035765602133917306424720153239736404022275474583361892690549008587275352285838366288148891868930946798142818e-368
-8.28301906448897703628147097221612824342869945129324923043824933187708222689837811894603095449412663088856679551231977368e-370
-2.39500954811410720926281807328995323086801874011268973055436964090851911251619830995012590704888252962185120989775027973e-371
2.12279820152698507622899993231168337293651650737662749718463833483423237873772548206532626464014150186912761727699032920e-372
-8.88498495294122234526945487758784122457348115894511554324399664167254997163906205811478614442031128632525533822832085145e-374
2.58437504090991747929807339929848012201957710656899774606435960835878799884208742858956656077881460678873548767549118259e-375
-4.80230093147153171042904868532284391006605597250677029924454037698914481969015943155258404294253290361751054269823196979e-377
-3.50539713660574119787569286304279002753334732202564823098208023853880542854486575818356214443531728737960666661051024893e-380
4.94628927284247202859156573316901329870721725508944856753897776756790585451583718409160059272614981371260287670038436807e-380
-2.57047337808846944028417913148045176634650394914789765465875697327731928867533984215735391601741566846477066595801452844e-381
8.65454966511659253350531244163671232719135279095938845043538089779640602655283225040582637596292523917017348677987148175e-383
-2.02893445694261417437375879336750962182255047670445033259962582553653810004309991458647093695390722301356077380241837560e-384
2.21200958512530104797516030872960941138967097971922697336110456955994078078322340589540037903015421042305556244611315125e-386
8.04586495514234896235538670675598479907424298983634182496869814161219602104730366910181225244803371922831741754259742678e-388
-6.31344171318818480007237401512295837909032259076595201218156071326226890342711175002733280533571881878788765708115743403e-389
2.51085854409959629533580492111224869170691644630908517443675795515963290035003649136773296262728000761974282760040054472e-390
-7.01285730256886068904388358281163235042639192297782795117569389230557603806301488594002969177518076607904810056765473360e-392
1.25245525403149329483697946368392885593822908489111018828902270507784726813511765110224858164196551738701724170352056578e-393
1.34070737304373743898315986644546878866213581442712870757543074324623599243936513179833035478515087272613713784269113530e-396
-1.24088985113452239634491022036504120842690790572647304930490818822785716641634797109669773825321287063338089609104915748e-396
6.24845353477725658313493346037962665395242322332819505711316578474664340981483310343370684961327820696569240358851116541e-398
-2.05290928339502740168273035058025357345332965730432881150209166752000563281440849945123168650827748664416950511532125864e-399
4.73998372226897037052566557817464185229605853537490095120200387757400622797582852029148406331385492834200403204461469989e-401
-5.36528175049480541863589648789813632613720250998716892461801223128855060557039479659302319380680739298293373620570411614e-403
-1.59125229827014288023082260882178931438503426021837442943602520143560560142947574691447588524603754581027320940657588080e-404
1.29494092657374658544127704499349739733747340726224850321002739769629674896566244399351569589110441132327883958106891875e-405
-5.12599933930910780159679912821079055196785902105559443082555708452056178105014544661683246820980051795780813686871778219e-407
1.42900389605172833561860799280885159099594773595192044988530185875935626231343967346451165432670160931958490217504153563e-408
-2.62956510645152830631314725916977506258393164663922346507642112282303728846471768120276889094453424573514779124791160319e-410
5.33658710381299274642000971063698270212261171663109332209701858636382477760051153810442345158237906600730978259912712838e-413
2.05790852563490862116285569749079810009081805836977779981400210519185713535065952530576817242568343070482705908442271484e-413
-1.07841828912363904199498275310034409924531100918415241881214460426603302212137404892808281884926361786194153011483704286e-414
3.59122651459542972095601444527703751886452661446889754687282057800827479372155151583698942075799137181563073174666813265e-416
-8.52446624714100762268475732089590902333859585652327706046943910988957490255115249628713826439430859695295930211088535170e-418
1.13105713197591252457374307333147302764860492878612279079276221619551447824568365364298296298683400027991363247750027019e-419
1.73436790207483307935979448599988826392212427829337255505171394747686847883378024510517184788157006740413258785741399141e-421
-1.83083285131541952282654733656363436275812538432896617661312220939383995334367604362846881510495251387194348408422938071e-422
7.57595937995055035302011194540440548676094290171135428028833307201005968588191425233004966854668538629211923758079475814e-424
-2.18367857434786632484549853982629226460897037784224781663031594604351578504581153984132989196901005265561728456016018872e-425
4.34863887579236185217250365476779059295912416139791737609918336107081698984980831927906626914786192390864263130211896812e-427
-2.99528413978784727714046331369741666504031219658325062940105358622407191597709865698677712141876970959004445521127973492e-429
-2.17321481203203982684244876150395165923140949179110478467255387347584172582840413454290543565499092587103275303341594244e-430
1.31332336216650270750685144279282651255847979157597080785108156204984605094032801530282290598539655720841165698386266328e-431
-4.61169564689838820400924957384393391689932068817959071165434446756364778432871317353530191878705144464537362553886748034e-433
1.16350775272569494921754223836235620048780256162140031191873695816336449263616728423768315985858502448825758795325828376e-434
-1.87023579685112177479514723892546149691334967069073759083355095848697008295346985771691713112758304193255664063220964674e-436
-4.35232229457220950502512812585968310893466283432396131688758770725605604864616570310622953101855843411996207441998813119e-439
1.73233373816532096777988063202205440025982958765666426377210116382994156676629513226146934822527744012331589287101795146e-439
-8.01939880309851676390224902712199254560941514821566363732733429341531983477748703429358712135548868640563874683150782067e-441
2.47148338415256457387813784073984901179383462341965441163169666336816852245435602516503175456799865984397649042573596218e-442
-5.46275198224797132327724314843528398048008912993852891016760487123177060381900916997258523877201365337130948941158462736e-444
6.50868473722058303348951425021154882742198246868673511036374597123108693423966184093069692424736625041958102923906558484e-446
1.22006539346779349727252913813721852833582159265540323075265054737325505978585662330708614160435470087294396986259784374e-447
-1.09805411392035195342487559865439223873534670715961717857751600689646348630712665722501502676768806690874592156998057187e-448
4.28050361791702500062787458810696865763340372001463320496636158933429863929248999809295337402682903682792798725118148107e-450
-1.17873476973481227012352859481847639535218826928431661347008212751608021700410743758803309255132756086253966592676352520e-451
2.26587259028214726361100658397779809915285086862539404505986280661349065407305837908055297207616659917592394551900212446e-453
-1.60250754987509410014349593480622850506191388901056641408332152433203193249326441437518294814973498863395310771671307708e-455
-9.91135173877692913927228690454074259314684463097932867761129529512140793658238930613745356624928628683477445595636613485e-457
5.91340919914312648440318825510539189615562942498902707001714049446520337639476871205746274836459821981216107617417206835e-458
-2.02935322263136060087200807511648926516442374867993461619778948535286046434807766659445365167441382909154210723717919729e-459
5.04407546992078614249878171881696244795627382682403080326733521347321132114888087463561215115674500673089777198319006203e-461
-8.30000593480538171788289769774980176962641447990029470754659357026154741763332438141371607995814946014719783741921372949e-463
8.34190682741561713328682005497378735566147178513878871043380941433023870634705529324408970551633647103919486407078162075e-466
5.84280087691213856709191354579198843376303822982376024666506674622369246837106862791226455287328109609910162146933708220e-466
-2.78880217906395504093725400612881226043522510588356197406070368729308960162133047910697307822632586340094874269036385915e-467
8.63982275804242024364201721759586440229547150789631192751835543101161199295836902380709348626378144919750963412403971630e-469
-1.94984968568623464488057732032592158612722161731466402580567589034023424843797434944097254444106258955780821837902285534e-470
2.67386828814242796068070675242246717473092557902238498455708046989978929824797996655798679532642999922506673952678486167e-472
1.93326788517652988394174707649408552799161799394356790261059759499600954860575070857472051608748420145916389736393631695e-474
-2.84662253686739789361182689409410156458532676160137967686793896711652221679372418895084509432118045038261008329529795440e-475
1.17182914691686951041391465295678955424363262106896665998105392937339893257960075659199735243413230114375116137215738405e-476
-3.33101577959826726967857398502185789396317746142254747422577071989999696927257562651767830302383667019029280947819152863e-478
6.85090066804078324019951819453529986268238596913773420473764954059835021726143411143142564104982622412443356538699109004e-480
-7.49860911716035429595659645831499982647456583604293791121139070081174453480753417331770523693444926065306589426450955636e-482
-1.46350494510648569967014312328287749912750960954016328962499077023663140558253227631524776510087231671252273978338535861e-483
1.20129946570990672502243049729666867217073156377441794310695276535546918977478894748627905729756846217239145132978732209e-484
-4.43716086310700730183859405041928600923779262175916670993536804940697945510632667057984097639174648178309333429417878285e-486