0.488865468359569183665360286424090003590213138470659582645177032397513118371254142442273991749603614971677725054715278758
0.0107366287587188873547481556278907413992663054557010894623440752122102561142454079894233212431821042574316974854402331607
-0.00238510513590370934434868666860372439113291868436030551854658910387132004258159768434407179368359160273164471775278573193
-9.98343380827909636965917357566950455236352900402271760314176420278397250748647138633625355099185869711799750911659979122e-5
3.34486141531866983114298408785321277678297441082934471836136447201937659437008374126660099649690100279621542731725307663e-6
2.74427557967200205849650662633808087187406096668748548100073671412576969117073812611031384358905331805108357242821630507e-7
1.57411422598925807734460165857651327884522366862567292360581244544873333466640423414394792993800696274829750546296425861e-9
-3.10356914321456435347407902956040368145350645350001257756942873045297916238570768693819896223328498816280829486903968999e-10
-8.81735087631963490613147128550939844854134866656035819067980063624991862126428172105913519863476380640455204425939555914e-12
9.00919741503230660163729072784441928936571457723781568689391927691675746135816122703232265336341412365805687302438161110e-14
9.07657413012364597560707790842739205410752509110735397685970102228750635933992413804375393667122334031433722508883587233e-15
1.27296246581557012023106886864333929778624698370617051986350871595857026343513124696677723090118917577483139008318599791e-16
-3.16780289430262514965349989803155705869324576751999174989464736257821920602530515367335909033584432625743709569570688742e-18
-1.36553428443102446734464999283776979865622969096816627732215560417069593657994857654392960504575574650594488091073824266e-19
-1.02555139521158848362517337723307073216561180250913530708703588603887622808589313058241040594344394423851085375967858943e-21
4.51281493155988942609137646786136413940271547569102597739190564886272782953649853116230765976966410166431038586125694203e-23
1.28892244824584718605692802084985935824333291949021961825114954794339678014072071272208166758238693272818232188480824327e-24
5.49941148254995689593373231844374321497121821954857898601686466477967850188173090492172477581575439984125959682668329963e-27
-3.78723671639888956800972959116077299724540460473386531632546918656085325288806562661930412296692934894237817121523426884e-28
-8.52873979771090835651027794277169097696221175393016817135423007514551463605108361999385859081483847965733732140251942778e-30
-2.52794012397950571982113917565618126511563579704985574241689656234088291164537839311686752662821591840800102915143752427e-32
2.12586728490032928194884820711714019427054764832267973373297753911009441476173427408114842830350404147838208492809397070e-33
4.22412495120705162440561539973160884152567107177749868732556718209965843480385573268760996924285269481047423691270677805e-35
1.25700687951697731769284959556067025490586105997064615961992701177798400883722912974173516706284775529134191675163126179e-37
-8.47684905091702427410585495994784534262737342445493394063592034239211774415014322881880832252226840266500621334671434422e-39
-1.62288368944833836787146521917979138697371160757385490214270494516293687846298792797111585006778782145952911657917240381e-40
-6.22719807750609998935569069244517559626609496787533478765384748854617051760490081418414172082085302422887441409699811414e-43
2.46301538361883546060395503114777867228442667825047085798926249098402032674345918243680039104247248067560075181626958461e-44
4.91372464362529581870028098415293565071174784075740655204598544333293421486267801807371491078550343758996791559085099713e-46
2.54554799103227227404182034185156348601142638899428601050492576203234414067884893420080735647047762308670955507628585568e-48
-5.18736980181846998289399100973379593207945537487597549828656948572276703905454258849037430629328689466988402719073795652e-50
-1.17657402031820110141274685514173626369612284448550498440734599553731443536514025369230986219366371544870637850957199633e-51
-7.97993140529595991880043794159451101022949130117887997880051849178522809377849483477874085897387669106646549861863599694e-54
7.45592801989197355823822799879906119454500110246659033323996589334294537458763608387610744464125962605765706048700178115e-56
2.21695762797615148533723555729660293246507616270168442201192151759437861631337659317706527424254540778255578712576705701e-57
1.90539143181262841747994915956047856649955835769317180318034225542683400306274559303603043694185762332998979512648643424e-59
-5.40302361496354024398034873156420533008631918979866820469436561430841071598916137462472675149275243121422822835545589634e-62
-3.23912741048945380938420047584985777940504388257754930214326252606537660105724094128329304194980500239910075249968395534e-63
-3.49343798147614208793050308485116247617946292817931444125845538720276950089599538486982967435857369514033971453142096559e-65
-4.72195016832211295465472039916406288174981373300569320064798920650682704686302776181553650311357659421849482026744631678e-68
3.54221394022413605531616905536386471492571416553486307311600402399797449440912571376696656740426084648825072662721013329e-69
4.94407761233983303686271541564194802153179045688536788309279017525968596989287342399412068673853700554116542295962947279e-71
2.17315090477449987827973001440988922429514380820324167695873270257936005710636693458769955551621818462515441005265323837e-73
-2.61859267783715233455362615460766441424434425946169117250118077008445053042986015160675281444033424841446380212872288851e-75
-5.37378444040736932634664304262398821312470895522629790907014318663515760180478144897319661565440735431387731523942310037e-77
-3.77161270872764236782255822138950680786622332077897906921096393472893128752458020075804661479027137679159947135476385330e-79
7.42083230470164375748130437773472892921341639785280043116441292909890536734243856300445482392519059185578809183778379937e-82
4.36905259841837185476876383928697287865293521573871354589670906261207209557716443319900968900561384578192191514105657769e-83
4.34049104923879594086447482841282547018180638583474239236773293555397889757748956954444696367730421978620036645231405959e-85
1.10598095229551683066600280579717952502054330385946582178011949384000320307483959916272118490266623622871294325034878542e-87
-2.43650000593393646457512167645473285404482639144864691977202566445863122501121338765580057027910381941732771642760965192e-89
-3.61433026185290638967294840989569302476327709292651576095354329999478768455176355155720522240277306813153527744941905635e-91
-2.02616779367786095591721748008709585752831181498439653925970545274203497438084312541544896856771976720609830880357147955e-93
5.99220923723610854565571665023814463445562294560436800516878696449697985614579867993368546313249515700046010986239086199e-96
2.17204675362548264943344874194984620843898225974419845898175300724938148335091769353223190686468692929059610122707527901e-97
1.87590574210879868788956072243808152922316875619132108521841596354214375910644537637535808424574273382132305262717579727e-99
4.31405929969624867214718313593331721399678528758611909485030890237236852783067470208920225564003231091676077010612763888e-102
-8.50576294474932994505129487392071176426886369086522694115196784137090202502328872347754793861759858154198390883641834066e-104
-1.17190688658346072987961205682984431125843444849869649905395060030324130410316566852933770068220249017882627301236110084e-105
-6.42031603046225344514416308615698296086783849426694908123383088776039759420794377458432612881829281113919384392602931836e-108
9.91625752856912302065570773127523697987255268877248176235650423695823914657253989444485587208800716555244958624485049553e-111
5.01094259387713538371198512997633090279740811253265069285072121614964599267947039873196498754204657750729507873112634380e-112
4.39344320519894381846010425335012048415797153006332136073197162775271582707883806481153513210031187300122155147478702957e-114
1.36305389009526293677293191170647186895763716019711880715178624726405324952609245692870998334144139238468538499975186100e-116
-1.21412160895073397808318412317501475985576949994853952373160175190979709496231502515134285103742785871418476881316646016e-118
-1.95121264611785552373140272553384249560932498801800592135761051085395613665161903772259199658466707745231978619775884620e-120
-1.20673804815453095670508800380855234293664239062310050996049784087536435879015539322428932143472995099647786507698046266e-122
-9.72658984661504717026649271446854255318391790004814550396670095826774622427629425939948025209934391978992454572999244692e-126
5.45247053924079776480679924020565286269438225506176450533207235242275783519834816619384640895986340480325653196128086863e-127
5.61908653129783133540837211237919118801014693557902282188719955846857052471806171927247042116001323301192338087686887804e-129
2.47749647826916731067739736406390096948828199488141011753608559048727600441519714843526795783745824694217558667007547565e-131
-4.87171386735124793339700940423260318900560959892806082801862891013764659895763499847741905509296517992656801969912615902e-134
-1.64271231148483281118225645441540094440743452987124670888047430680484778118624735840669178544315213410351888283030739831e-135
-1.26177445571000890736616713933109606510695962067591136894658457549160714655191591373180625476103383415282057299964680090e-137
-3.76887375305775827971591986822023411031055504169632243415520649589163433757423476809118229822545922946070430834946873763e-140
2.34698534404639221426621945983915057747831783479649377964161564854066219014631726944265372745053678263446546189037445282e-142
3.75426172113624072717901175068719182284112912275170082066721273434206661905608723694433051473352119285636939023599718781e-144
2.28458492923733492394310967623143099320160227659784978264519250310455331702873975069374679154585897556604612253364771225e-146
3.96718259765916554735805389031445735555857012264819560082241030467704741700365119596077957157547887157711190743814376403e-149
-6.09751059242997193107738544900494738132159012378619897849505291069830304402803314149691660175945304083170828938415134458e-151
-6.87064001623697751711888315900834095361050922669811787020621375376329865680488866602808210022942341948014253923515274297e-153
-3.42192170176598553566812311341025955032632102962373727672407130158378333492677952334209281372406249692384141907601130192e-155
-1.97499468726106915938738644622846003903811264953705940130685159717055408595310441121438692624501460092016283355803795220e-158
1.15489010836844177690680862689416750636017283175197633010026363819514077797109975660055045151563614144683556573262361764e-159
1.04001605252126302813048344415500326364159890252003388091727939188474523624695332164816858113362320559780519157856799741e-161
4.33660657266486830857813973786323838623016540003106460629876132333949950567752188523402880438217708636131350933507688834e-164
-2.22077362458465002176287855901350812131865420904065700326739803788329968420463731689644957621587790330236198697496762900e-167
-1.73541618217828806876463412528783468236410254722230441012857085994903563263669435936366162663409109834657543338248239338e-168
-1.33198901183942636198710866705701054323597269552456868922923992409379425010738549040798431239464738635404557728961675340e-170
-4.75236533903489535942394932513916417166481701655611485268071430154108065286985835583257469569100868125660055309511962663e-173
7.12255581800997326345968919177243304424701662125723375941141135822512764526648066445208704491111071463531101469037980876e-176
2.15196095281493745702817433252945143589614198356325143252384509685145323974922517290061822418179629054037183710681018804e-177
1.46831643602473132819572941274163764173604475007056434949826665822990528709475871500147210170227286276109499573486545402e-179
4.60264299159371565325194761362267867693659727171128192827783012635332446192148565324097290072621365541843288963151220435e-182
-1.05748620116902559249120254566191174786872453665919567553986338410944492273851365733909393450055369170553010938455046259e-184
-2.25280247889918352470238083241330576479918736748743826997786367133479150924797618271713821925786343818253689067089923722e-186
-1.41162514165228531557685241151326782572502737307671626254995775805897626263839528965762131190342856114361997777919766917e-188
-4.02132089460189477945687436108574773752472813169799358359632564958227131946815512056798989083609411795639735234578355896e-191
1.12255024833267978335666915981280976759531105501433567284840825786082767893597637521911001747282441038176235904289696458e-193
2.02008181433380325365544234884110238069312244627987485907312208091267620186710716229530560412396408645204718309459349897e-195
1.19526603531496353027682652938003320890770864141755504358048052076976501182472100030741217703501339236799144146501212223e-197
3.22130682449242682463281966910143967795688761257850827734517865510271385898434359867108883885968629225610721019073830894e-200
-9.29868171396018623116021555604681370177009904501644629004929127477674681340814599782528439594417635959799461914920930061e-203
-1.56615731235641304808533022128067926679359152325862726024535561133772854096472911557642097492878203817845104787176779250e-204
-8.97384844637829518152340636924990182968890332606087503360653148063147434561230196401762124994141894045397311775936928788e-207
-2.38581546610177137155118446065261844709918906926806475853627789943608821523835857939459298967817402294875638906661169356e-209
6.14632095294687343619194387655240620552889123999497267065884686839198752134845065151536716399465215455684178028134945202e-212
1.05566527207997739146610662755729502963160077148620751707686074929018694089329682168494640961543279273631006913194369303e-213
5.99726604358754689396213912201120183071536324956066433306234105374761253256233487008078210516215287585138105202922248336e-216
1.63274781220512325632067031280345413264920652788722278472991565291386033828014550528088173763521213504205736678420610766e-218
-3.19341050307466786116744975973564760549046423088184630822915850283106160320584898542432340586171235838728960199206203978e-221
-6.20024569456767269344854090211035792640672655151759189276891742369857269431143097607398421281125243247700637078047354421e-223
-3.57272663892837455312277879723733366694816096184350551990798362879916942562835535559380364906697121770614721563083696319e-225
-1.02495626404027993544726027717006892918458685433061051278159144454231384405519666199616142190772536291582718549478525073e-227
1.20110863807260816285060063348505243490474892951945224745567474104135768005252768936365558781372700854488998166755061237e-230
3.16947175062709998074439175477478438847584287957830096843106656603252693297168050153158541993249909283757486844223856203e-232
1.89595052719877548612674307998512410246552939046767741846220829067119539100900615491804146902712963705610299675193172720e-234
5.84306737176373461426717907319516382870831617466468893273843002310338559679514756344702389513067992204190325128857014349e-237
-2.06543949440435255481131303551650202572609388092847727252786720984456250949576865725529485937055677076604642852044236367e-240
-1.40263125656112583464963493923496828502046088263612755500107694386709109602830943101057604568319118030788749791071276525e-241
-8.94100163987170738866508715879362056304588660881458571234418497985723541931273907678091594646753001826509289279959017584e-244
-2.99610020846921411271942617850767400587260143166039875210582829630379510448928885002080510925176135765050535643421527200e-246
-1.25942640175719988822638828402736979369668504491808929034441909988383500623274006643228359280141948505067344428857470712e-249
5.31021490550665455405420939385261050124461707122373805483539180090126120358615736302535764530014368983403688212150907411e-251
3.73173170765854342276701512588361117858521123112229652773464454386916910528352949360586442222388072430765861195137030929e-253
1.37099875586795432048548006942918412513115085994695878223959769406276216758022927550122734516705684758908732877247511716e-255
1.53328603543069710126333233041835271176737183606401566979700490856280615006431670259026497712553093438415363620340105417e-258
-1.67736583400420224554710038059311646350040648990752023592371042234279489789230735562261403984702530132681379215358865410e-260
-1.37012857730956946309205896245456405102900733639827135039461801019757317246487787938925560429879287207282809755153921644e-262
-5.56388190811303688211829964169172128740203898240518887287871033937235007918279672569928171613763183299691697029112915538e-265
-9.68441780958425066202254919059322895702005166312574611771231368303410674016808112174580259550817412861599069984735979180e-268
4.16397709827925036678952274000295008801846838154779417428980337794318638567252622443206850903413508997859737017602462802e-270
4.38460257272951001652401451908853888253655704791210320469292654389216059230612023199046212584398529356967388430620188233e-272
1.99172621106656818793672072413387999645530478593138552832182358630262724159957699236308330910509072561577365604046205603e-274
4.58935295992434518319144325180760856880969181481869259563760556991202170328983080413356877648464748077391142393849707833e-277
-6.60611886172371674390174377892365390892253031043625979623101604063259478245940670505480979169211753651893582821707637103e-280
-1.20448542129958257627900477756468192605360165878602354260859764976193081669599623472587741899344517929703869364126760035e-281
-6.25317893957078069429188593912899581333663142453171925126445589387068645313922023845623921255168975650496454264964406066e-284
-1.77375380740082511379541876176359102976810441614531609633629454856827407251073228404793162920238128887262314705977549140e-286
-2.94211182549084196796938369360687583697471194496761771822971419632496494681156148335118059058332057693219669068613855674e-290
2.75992354847706599632834148853592181728705407610664598367093456424206788681117166152093103742505191540827244747681471831e-291
1.70878581649804549958436303268164914836914531441834360483281294943126288801022665165967747453525948845410239745005608564e-293
5.76814430766344313141803565017384372604978459324807666745997475033529248799431148635328947980926203801573222078519681004e-296
7.05528552801785639022073151491679073676383479755930825800518733595040656620926787528468191632849239713163029545687332640e-299
-4.93270706498905401471039970498547978109869471448172651031169255998887835986745786148819734601815671535634956048367563940e-301
-4.01570404295392276433832849621725246286500013927935541334729990705773609816365198414130803917473494125185657011983018331e-303
-1.59846085589492586391072337138415627573341165835801987467489935649869206332504305553014278175158896601331833732582118537e-305
-3.21863673927695220707337271965580106110589878509412840059029257974081200246552872348387936657798472077177767294480732709e-308
5.39869101579721831523361014980235931729983683032588997856549595452358964782662550938737495036625960507679684912358396132e-311
7.93889674634145346193651878880996723394150075387369103950810031655947575972794690001853768050590816623651579190373912583e-313
3.78535369560699323825142401217840610228905799756998163780543021395700774956139522655135980679077077325102734605496501809e-315
1.01543285722315515939976064049097536484586204381491224380937674775541428916139010741242428615102478992224318718998651966e-317
3.39060240801834403487173079406510649219677230024427288718762460286187414891105946925608878491123736960508219135961538090e-321
-1.25848927328422198983314677743209665107896042830918865675290679722963253672745879840119654396502147259614026614185660045e-322
-7.61662374057642515131422165197327213755349365733419184484377995443462773076163793997864909326006218468407563232366500013e-325
-2.54003524444868992043552204905473247386807640482736114458246876936954360935648222201960541553122927386297994750332018035e-327
-3.73759413018336513485307290779530566006591297180872014789609419102060022626350476829638552180919278563568525569141344979e-330
1.38629321997894642640501447384688592555549244410156369097996891738728985057128026749416324461004338345614784232211054194e-332
1.27910628511628194182643651647182800048358555011374114086444251321348803154759481956261103904001719475722452766769903172e-334
5.23979692901087800004215842243001996113397899262319352422565613531524212902241669415168823015116959829099543183565158888e-337
1.19829171104388714683284710797770791807838543125313803555567819311756201009129638292280677586211795531916511751869544979e-339
-2.86970236867892627017300020563239438428354375631257746573222936020496818363537742420027645862062374400036640329121270047e-343
-1.71462076231047386429553008622401309866749627901226966392414829128949783065296080937996552132994139023723149655703656548e-344
-8.98669804432157599400952370083723529326805974596620339378421743133899152739069621266271160867377207192286971602044238945e-347
-2.69995130421240697721818371507438858822359434715024785120017222644266842731355083580793009465146449307891336995127738629e-349
-3.28309702694039565179504067917429008425924853984174466057650301730536161831698114503820587449215540960174922035143925756e-352
1.59960317466535005084693402018937379277321243015379321378256222748954016946233636434481021434808005824955338796299944360e-354
1.26401580741298798449717395719221426343932008910114376734917977941893134186048243839926475987879621748703457731791997763e-356
4.79967860292035449805846336842267094058409921571335370336516574963449447051901808957296895205496105817123420921572854243e-359
1.02434961919514630991954454276986843836174070020636720636002644816807348734637126213829165329233544760691849002510880927e-361
-3.23989971298936384606915153381725990363371459603956215134459034650103749475443273839358597956214827163258150694287893490e-365
-1.38721494770223191319243313281776501140506939801339391157787103745201189762257707925240434495795058903217457348738165706e-366
-6.91453313212103039521628350771878619797868801802653784559032643330320194234564289523668093276589614825040115110833295021e-369
-2.00675879306515907436868947765372805455947717804673261248076479782265854338172679464499076246439508654462701526158784120e-371
-2.49678843949743175245367762434134066942583088454624632184254739950477361424072775800238516822594610801324058878556057823e-374
9.94306011786077101006817400644362422049587779111959891497894492943594510344833489872528431817710102917343668533759031891e-377
7.97107658003405052701295641074588106055891534462868824475480228811651630384463565256020061126352771782056308771805824356e-379
2.99583542526982083094558159816941067502753375291532800281116899236223202520608805851860036892259395345619653567136611609e-381
6.53947622891345778823537722321042611597648185687280536412718290983580363690636326085060516725846729489432278399210929991e-384
5.17789778970533984944963468003791045811739450135534011880962124630663440684693720906953056672723206665568569211178567578e-388
-6.85901495086795548492440124896532348520858739751362858027726844089874058889378919584702737942361368811770910565673111612e-389
-3.53801615732128129790255498274824655852108861058576544185785307709231186655690280356125930628873395049386614976005125300e-391
-1.05596946189457675011116210346457106567180717316831430447903827016354957308753403094432745226972662113757597050741558356e-393
-1.57220278623856962766560767360152908483877912913347067942110863533264201705590629866736306029516134814959042715771825393e-396
3.19285791566548218186951993238347377639321703157711684173516473444654655283737078040958940316787786431282392816808293027e-399
3.23167780866622945870647306938956267375689117777453117580360069141067589947903805589691215598359504158223118894313372615e-401
1.28072771733445581724048200841851616572475106745622328214702214403705861298327616793177965201866981303279579463630252179e-403
3.05510577078495547548243527733942657384650174535972497409495575065019590571574479409942118753027191611611627281227877248e-406
2.14131827637720851704629409903144124453128733218812233696101288608686016000464969201788176306669496618461526057157183436e-409
-2.01009035963669062329167059011154331020046655862773569464683292976280590430951440613113922355075825834863328865346151844e-411
-1.19942254547840496287063380755847679657016633391495873682451258992406565352814389632350175062238144766390491569842097877e-413
-3.88393137686774716772989817057054474143573099689144974692728709440350955267297539707212138331521777798897818263015355461e-416
-7.20552433324432355619556746571243967547499838450047015854498479817826456331751988567343516945030920265186162961187165313e-419
2.63167009943227868120358950670641061971999611281813847128739109716659032848282672654979427718964250789731445985082655486e-422
8.18931001690769363850365887882661011926918903335297950997651372149166177922342915143693243653782876504635089374310041649e-424
3.69613881030079630295857120173212889745864779437847314394714105980459950552037696449260895264066404716322346534198280606e-426
1.00228157072763106040765428152237802445257213900950959354906857334161933293909318448444623502385078194766933321386475753e-428
1.33871670774926346282604701677274511970420218490589262916940945677146660245526185761080441602654709871927146156963706264e-431
-2.91142946573854344466709536908884961964969898554428368775318906595198652646370928326575436222323687032949486576352441901e-434
-2.61395644830872118522469437335663971804756793249527721205598277442691922823272108965587500560690123735553414103250829438e-436
-9.72027993925017391539968296245735066442357185005844540741086285207378004832786016996198618986239845707916864655652866227e-439
-2.22251746640648524819218274831341753817147217393424955710521480206274170507047700372945656157759100686508260403390257167e-441
-1.73477126499963189156110297247255860941112867876544315206361132331434892159178610917523215873425796673188407951490279536e-444
1.16290615335239308355665290263538995054375775403791742344530788699722237572450561899459034857626744668884704814093414277e-446
6.95781024398840675894148731960956871909027235075357943321245201313665769023734545783735187477985819974467119596792008071e-449
2.22016528445501146301680685216559312731616120186670693112743770574837959599141338187249962592653024445219876346147388151e-451
4.26021065084538847465628810119033292296769588019742365083845769305604298989104625960073871641430826495428290542479709153e-454
5.91395069361511788295650709949999269415121751058889413612064989772590564334818028613639524335282203477796408479181112696e-458
-3.36115791913784825392284955446273772627754539573933100724425312362727727139774365650722150213063730671155498259501080086e-459
-1.59234484413529158579676187767714449923860954447743273503913813600913187695626762666619611478525725641021856780581290009e-461
-4.46156046168922349591903808141978681528239035966220887123925278035292927988439399789797841251706002682593935225095944512e-464
-7.08033253328445424299382062274668793541457538698824299123396328708540604273167034524648156507672578027571492049594680272e-467
4.67699319764419816819786215298428496874533842803458873615500090787096979431166329659822038152396644916258194992155870465e-470
7.91677792104344588125043246895775076215149903178705281401683707304444515467871106723951275278103492912547669221698275003e-472
3.19203729144043715072987303322746844723956274619141359552653490642110028522224566551447760974475581107543324712623431426e-474
7.97263116966018951847420925515138433870190703228796964310470441955642781747681966531908459864548791723502928875316120371e-477
1.02047825262962024411212673856155304014577520006886708109362810527646640628803372227779503401174086168286755391689424062e-479
-1.76760464324639718212194304286836434587097092202471039247209811316460640122243130454640460247505054741751445866759132195e-482
-1.59051818617330031635289957609122801043886210987084200441631150133872260876475838687971014995898954723846204641213336438e-484
-5.67813977909749400315111861673036099350194541456614213619011797549268840858126849164094710707059253458495225800206952229e-487
-1.27895485952031565483910824103786520031374657205188655586023118715380708463705854318672948553272772336803927929491189303e-489
-1.27190089801019344192548141893153347489889094347400164150800335502250834020403229289619990924543967952372677578980894625e-492
4.17168046598632362117692730279490122401994420866640498912143203725057632396238780337060970523217250259229025619814917559e-495
2.79096702555266400935793722601739159570561572564089492752853244558297770796060705185526989643606839692729633384773410264e-497
9.05219472216913790500928660890645543418635671574286442224216211622869761037790908287455644822307901086009762982675040869e-500
1.85842844005243091438420809304259542263524209079837703645329370438747259751429281943876790747298656754664505300464450939e-502
1.36234197859461461725970465129877650474254593293840812091943022267172551380590124985727329815236052652848445124178283886e-505
-7.76226892547039154493221142495078843925822154047454944941269757898114452892443014209669224644753191090362200935819221471e-508
-4.34030035596175844573361370934295798499980850577699357071947410725816214626426331892076153015496472450646178736813223234e-510
-1.30365625506602102826676539392163534043221317668943802723903324969300177560064118598426418042380309913868080585270892824e-512
-2.46745199784965447713611127256692061328722347261602330749624669197038873341744989750524096322026118666758748859272941277e-515
-1.24251247072924678041266999283806578580471590624472261208578132056654224615964833651763487868661204703998353488950523996e-518
1.21753581165121872505020651913638295550603208881314565368266294744092267277749840903806584747606990121899363441496838434e-520
6.04111172813906849483356325924342945012998058238274081610635963673848547182148619215367924377231014322322344546841816118e-523
1.70708894811794962601595809089333840340099957668656949050523455237067980317263100155423036352101736720264577763613165076e-525
3.01835247320717590709539335943301206089007083867412246591044076488518617083469622665976830402729277410219815648858894533e-528
9.59288161921371455628513443143400682271340826693903553751159106238164430320817972097279941414931468048983774985784559827e-532
-1.65763657914528333856543106806591556955452236992940843721025169894533873527549537972446856655694454923810833384104535655e-533
-7.57877407698113620013202937347454037429536376654423635943288985730958307524368219083509270219951202762085790745275991885e-536
-2.04323220332750605103006957028232558697923795417934546471419569282823181494302974257446704100834702459133999637355145555e-538
-3.42734110012386193799478207045694934334254378952879939684887097993971631334063194021945917234511234432790358856196946928e-541
-6.47619143365781166702011560986914171914608799459399658311389888519265888909822606344394557861812029306884760930415632019e-545
1.98914197542386266638462196460184797921533373697961858726505387193843718276397395986267728433083182966964168383153220375e-546
8.61330870240094813019976146751028244782394875284626241791503134131543589114020859292368664152525690389906697325516361857e-549
2.24452001170898290528811501355457714198434476100155377017728183576537455974159833804895242630247944622634928193029252241e-551
3.63420782319473250975184543539603730811100434452488237161549128769619150440248825490348450410704423455338056629322683804e-554
4.62728693125615025332922446982338976192051063017630341068893453622449304659494210248317637173179132882947387831317146231e-558
-2.12184374933788704644413213635094954031485128182403868995507199676868184071890270512408264873726875485606927909989843773e-559
-8.89974766456584965284849984871689205686620110884879644670781785461035636567699407817994812976563172423981523636519101155e-562
-2.26958562118199722170960175992692570881712296226848156210100231306397637311871740251178677300249052717642575099403287275e-564
-3.61232792764815208959434925511415006258589217456278302639138534393207038822198138182074869864060835106797248645173944980e-567
-4.92720386974170512500170008699788097573388609623390080931364562374317038840659333911777294319698316263839749076773794337e-571
2.02076177550606200144419781657766673244651894753862533591509142077725971675869954197322800623495697529429273102239896229e-572
8.37943729888986967150349361048752472559926246792980348533294679714787364069507025637436827250479007005991376614221241556e-575
2.11625280215152406215052827122488952423991122432488749192650941331143744607727282360834806843114040508234783315149441127e-577
3.37017261257151750744421512616837161761022729090409064646742252108335434961595802301902655483890725179737747455240641042e-580
7.10224394779119756637479610990349036943814672565700153702329906772551864197673526707276734348691357799773333581873451979e-584
-1.71998041723582510755136097405203016202320520504668173515281637988601793589577500267509925942697103527680355123838004937e-585
-7.19731539251598288678074109372822919551518749953192153649766075751090402302439911161968044719622845250868204514329986704e-588
-1.82096190880445346621792212538165232406924513670674449302088954597284302715136338885243114185207092369707282828603196742e-590
-2.94800699470940738212199135964509326552260448980679162060694457150768820109798557615090547579599937503185191891589462391e-593
-9.94357473066110393220961743014980040294109950923671077559849333876566530081476573046983926877741420205399505427599078611e-597
1.30533020446408739844036879988904894806666087828251531291140566701999640644152636549729974801250421739079758996337456889e-598
5.63954961049144545021633214318360020726643370864982762584267690985479965128497507092911909882108145149693059477424122687e-601
1.44556815620229261441253585813151669364994035954344885938518383430274658591501911355840125617288343336192505354991892779e-603
2.41076515331482247395489150051601333227808043781895672189663103441361431241345783216477989639368957058799164245367564489e-606
1.20375921559315408259954351911301290563086989993687178135054913893125684804935067503279652511209308396564842646932541768e-609
-8.77215204745901123382677381418084182318414816861235597287565270433637473850736362609363358040464684919962148892196467278e-612
-4.02644029219025825540484751938482201889448468131712421971679362196830132122274642839609800470660095634289857152259660327e-614
-1.05755099123587583885412713024490483620750293984508041996306040573888391078280559498783072574206348095849525955627115923e-616
-1.83578611057353358938469062115314814507069341730609464965473200608980395920864481670526771276836424613712025777669975703e-619
-1.24957345391358915316686296336856883060378183753614398760884638169424156291281117226308112967993851751531622896819073942e-622
5.14350814279054936236922811508927971200347839712596204482885658943840870464273656674569686339550608464529806027539654251e-625
2.61266617102672552762921523411454835961259850301228797414754508885950087048645198153612923739930534792859714195101345498e-627
7.11672327925448540588441490747823445181238670089693884903050924275128035376447636484666141100745347406656096304230427659e-630
1.29619628402361707637344571557215675416557186686070037728061448394119983572448257291896334976228489109920167514166591503e-632
1.12602715508369025678622129254524956847383396942533831151126277909104651845994528335115435977313093925693526339850494523e-635
-2.54817702524280558587248932650631425572382896556023214929880197176103755221625576031046936796124194339484865998963536435e-638
-1.53396404316917354711554863562884508907203816280336489305941841813890874247349146979411000017109859472962071953421787104e-640
-4.39389091571080907143859075142709684762903802497713321788970859041963900124077220116861798827024445456053747865661571369e-643
-8.45043012998273180126719619644092797425130867743362726007453694840888484632113722787172801334315463815148678919751604608e-646
-8.91853820876152912626468805308610933400657103797498509638397774668414201218099410432840253530723726056552978340691276645e-649
9.80621401523490109445641980563993758561007061939298769894510570576262421022566081553168184176268276131385806467924141694e-652
8.09047889435107852803546678849356085279638722391975969496299736033200777087940110608804428087810429232466578997832084648e-654
2.48043945967312724612445096775450346362493602850959247862286529807636960743756072743830592043077300559597566225110758619e-656
5.06671588795628978110276558666227704679195975692911933172446524936139685759820679093001617919516011025512755299669487720e-659
6.26726262539201217294291898871944893728356661555438045544345042191178140189455931843186561685731844679863259084122342613e-662
-2.01518994935692051235883991237118213785593446602287354359441380743356569113884741984030426510692028038934560128533964127e-665
-3.78668031779062536704058786761792449705021002819019395734903880965729321797301390020349431410237713294604347133488368375e-667
-1.27456454446891092512039039240329527909100219969083093840925953743090180360005961357940021239188338913418321215355446133e-669
-2.78331443167361135588515565592196757983856361176770059538820335386806927963794149457654484617017449757332026304427986683e-672
-3.93318175100690640085718046027337531271425770642204143888205654716233855816424902051431209099101124504641341211303139699e-675
-8.99591590330223009249586610414532583787504563681076744345597101453496678549945429303899527143135960716772580258161699353e-679
1.53775368445778627545050945222781349059343770884771525424146885473093132443605175054106535073236065049233727501251775233e-680
5.92448283778194054605476937687563248985665363336151746404088019032508426785246931737851538628789771272176142246607091797e-683
1.39537396816109234851928792238332425591124131303176880184429976023545140949217920678977437351631143232276505072253655908e-685
2.21381164993669540138439418127908815577747491709970590499163869295585300056813552706098707507490618368093130786448068132e-688
1.41405354703392199842609419363535049763579379660783211276669783486777102659557292052912848723367033521825555633783487427e-691
-5.15934825922197604984948095980074542728983771067227892666707124957268551549164133570149793121124689818640283223136489913e-694
-2.46831635655336060657403240741930804356531986339403774020680895523310989720473702429370606023383374012202017146977954642e-696
-6.35604829862838249533289598308427574822681834766235535673276064673409686576863343589155873957288185045395704829138034006e-699