0.438091178034433406055367952171869864808152976455221646514597391750637102037737736158138226177937674832761727068350759925
0.0883916386172917776909783584324585484121431770344496140981512559754326159156201953956728055924550345960585222106914238314
-0.0220281161385626733826056183789539141714475899071301924521651374504009234357583058418066378311538887409424837134801117375
-0.00748037169685091385310606329434412765254799490269572320530157553060908197881197226890562146275874008511842969346176383591
-8.12090470463428864835827515427888032525985508273745786017600287769171241703135476265731033511671401895901143462120502874e-5
0.000206007090871894788236059100170405099353242312913536555423821281112955525503040656206571451942228419241644790631176157514
2.37722193395417946701873354261618471458897523617397106304304501746269990554698313553244810055623376918859893943862097818e-5
-1.55824955474527204971719932955835574704269001917486417234493493236727419750501929641403537557753714286561319095646568029e-6
-5.39230766675253655814148689236248237125115569473283553718766034635776539450172694334409683096808960268190673310804133794e-7
-2.82205437621349619422487870284018601665086361409289563366424426433279329987460241539499186578371565660034930400843715244e-8
4.13107653102062141508531712064763505780937400815492512927123697210821778275183089748770873076127460277972484719941424900e-9
6.67939272010611170012531796754811951719543664104865471142312868143174543886166251059353673784127814311812623188092934919e-10
1.57870479692878005398907871664077369281764337023470809869235398151579798238541040476139607121062406730810379101266619953e-11
-4.60608113607834749294969321143969103367375248978482958789381682343024458357464187603466841283110966533378023310974742708e-12
-4.92898994651574838319197438016909482531833747411042674922980791114545611646330155309033007395716287209352387183476760755e-13
-4.48639941408857907523932321819400695852942882322677326231056765034275375177022922388031062168803620591999502653602789899e-15
2.97147403697960175374759868315228370911110404735572919798074344735238786706083748548139272352742720000106278512455801909e-15
2.47007057140312420791590540309795034660839066009165852403244079952921092545510014283993351447413377691398346439236948031e-16
7.68156659400764073949742293065518730070442457452602715461695197583285590256361573828101015440053918349680847838593689197e-19
-1.26238407519645308335285143599823791425420381926460258397598674223182656372891140135806359986068819122657465298145447164e-18
-9.09778318797803591716511610504692149497802843547346549618914617094928160227836639532430470390903399850995885716956904452e-20
-2.84996873275072877692038020830158276006914102910063741222869835110784497318168963911890360035818382321715321020008702666e-22
3.77826685507250423245885616928022273991721802489317029476492168551552745309685204094177935336213838172587642763625362538e-22
2.57482358137837174899349788486541465633085783199273540579750957920846956556235910131750973661684299172635169692195993717e-23
1.83901195780022325830382856828508215719222274146426801686237589339577897323943561572715482275260549016902499625920288724e-25
-8.24687678260074871840322234415856645265025931294882509716847182489575340703890119491678214760187051551884282289218349246e-26
-5.71756069058412487749108501510890090286465845704803595823213165607844498045139009107338911288189917208486889932852488304e-27
-7.61721845790818895519793309463355726599415555950423810166025710760316231605208302033493593936538203643184473037100669294e-29
1.32560846323425909877627554607039912393232133459248384510796479275544840890439308579148732668087948101493743971415030094e-29
1.00273562546661132849792229428542128692497832297446331454008678753048686567140603292939527666820938531269114568758667399e-30
2.04666307058155310349927652419276441985163139319280698054624447582249676206434680821952428593708209272170222141529043545e-32
-1.53654162438739640158349199305108115425111621283296134698025042642587843721435256260463073957856116286772534709428280011e-33
-1.38663091762725026418420786469130915419986772692147791859660030713371299819012615807848978936521050335325279294630074206e-34
-3.86760241815455704634209759235971348487048287273452909593279708224862391138988229985362300248553487925844570755464939485e-36
1.16549771060416979505388052094096121886608656797099622241888534710381145148901782865275002190760340432173785707135766378e-37
1.49904100856066602608319672700733211137800595673822748598177573358853896194607658027416961274723642111504701324323218159e-38
5.39825955419335516806472207501885581188617053697977761764032444029948775811313881482821896387844498953477654148643188572e-40
-3.08792614371276483599885546429233086689882901649153329732128486598091024031205706948113482349996459372203046131146222214e-42
-1.24137630199640012940221198100694043157866999203433816187376919349572633742967273434668693699477163684824462287718240408e-42
-5.71264883933139044356854200475527462776985057249845160736207080684075290094119960572877344731358667467633424985634960616e-44
-5.57720353636273953759257467825644221553912280866360544702611884926525092135594467695931016331838686749857026101000764986e-46
7.48137296715730048382861207310510441881453382856131117774099958622865796797524037116063084433765474468651467390341374755e-47
4.62726010760261405639819640202787354030423562993614198091717951169603399963888609838833451919148210310656579714738735635e-48
9.87258211236650566188124455930892745998796895944827778448674800724149634439421509603610879400057245836337789179637567800e-50
-2.75718200678936053292388669438510349409586716805004067096900087253708424390284891023048197265968904465022199056016688993e-51
-2.84494637084799351601185427899918907838024652236681247944145957367277664764578230672965482084836503796026663717012598294e-52
-9.11625234430028600688939749871055457535096028294337812491911104265901274176980254729686351142902745455428304810616339056e-54
-4.33829947569703584226850012603187988608415375117569902166519972673926880940055518148330687443897418810537797028237041339e-57
1.27374852291890271844336162305036559366361628412631831078619263131069862867837215094757449218419595628284645506240504620e-56
5.81301983000971166679077985211466847697336243858856212073979203682272368268518685897006668597885358501915706015057229191e-58
8.97528004045382620363129886308892136938712996962763257158953020797719443580442765049693600915273959609201483952524142144e-60
-3.56231703523980379785471292452720927742850987010331786652049105604093710230075730814788900631450498012042876226947055550e-61
-2.68785920413285823417844021749656902244198617524812427259505685490873501841959749945715691660074235752118820627375509964e-62
-7.28554396452319878337957480717138853928891855699565030897095555297204193924221656871056855571711578368322341948495262624e-64
7.07928388591517140482293845061642646282858336139852946057769323971019408389797418713449603788472784443475798445002496712e-67
8.72060203809563531639059942330950183620482376684393472902595796542781418183265814297556571986334669422142698699937954973e-67
3.58531753779574454045593632344012543687870150359301581062519125035096642190297830976341197235367861132722784818122939273e-68
5.37560655392408821830068484869085445032010899489805294761516057223792020018379666529897371038110951258497210598034274837e-70
-1.60619469060153911340806524331848598080904331462923379147586947641603811924802037069544964257113454809174521269237551914e-71
-1.21415520992455042621551283187540497848675457517147899729639207696318535635226326803743501524543691922540834784861257444e-72
-3.28569009680799509394917070447377132807229245744369219706747114515756472804924615107351580755519225535304601328778122956e-74
-1.18612177636544714637113161316615022138079000097200324802950599580202707082393608044005790206609692860567615840159965886e-76
2.69187439415364237534908010739657180186762736193459363529768434114005069909384518354010941335896065935545678660101582621e-77
1.17095119741117116894227982161231395870364290822201517137586402603276381105071847780898838748403941641298526538986006224e-78
2.10019560240418677138159691212480712400591881394649050331863582561674218883708915456154393710552246002160220860319489559e-80
-2.36045089740360093588344473908369263566252067937337682897579349690536844179541459460407003596019117729789873616204449206e-82
-2.74119661622610033889671718747949629338877101991197239517826227789086984166363526238678241273875936611217034561926031454e-83
-8.40245185937378851344126763684472939463333306251615994385938001322182098749706775645980558750254963448217164413333309528e-85
-8.78003286674921178312521279044027374448839460444457717370509486452049534714484781555522587978558787213618829792243457226e-87
3.57717469910717733005812493175852964115303506137800328142436389292689508637429117299401481460536661516576591711404859239e-88
2.02669740419190420616795089474747952154260570442739077159785283436758608222662624125781940881154178422576256643693802277e-89
4.65713870724382543958124829298082090575175907732734173847536070334354647889685810900437427471577533408670604203915140227e-91
1.49681772308391155328307612074460299873544021919552710592260127320130582611103257336619254791384854025468416981317097382e-93
-2.94126414341401849457514132876544484650374395987550073232993820639135423105485819281821401572284499036759616486333236769e-94
-1.16510380088046386009257871458405214032335493497908201629103540129484494367745062400555175806639404771191733559303549872e-95
-2.03968910587000567103847727286269602633756527214424696954798862433893200730962856296797894044020563674406039209589684347e-97
9.75923129645420383322754359906769587998720449515523619880750651585531708356206777174617503625912403128034743390537886883e-100
1.74556044517099733424024823566996558596835101005329373998931148535845944920515949037367725309104630318349507896074869379e-100
5.41528584622890917572954874586161459884452501076152710772572474395453950658181362255260587544812385175933801837803884354e-102
7.16257376078294495354507563010875338220176956990745022659306642978067554160693284405489214171744083733365001659769524008e-104
-1.05430527414482015624595853278831400260877351157903265979478739109887840479842588608649033104090561763959517780341032309e-105
-8.13882319423366529762402893244964401007180873314768062649026005222635443906920585687826893083642947146177005117537295010e-107
-2.09161754885977544940734767819959594440279219506075934494443914831867188791497700665470272823732449360937643321675821189e-108
-2.03580390729696716862503103745055415762428203144898831462818990186346798105311872496471555658228424163908837633653474891e-110
5.77513200377476926086742419230065556260379340223717342475324148784809349448188347207362646843769271070249612243497827685e-112
3.10805730974190954632450001215710434856309656715155475159964159157117838311530963767540313144177847382950540769291620583e-113
6.86185972876742468434198727523186267628622277690921416932622904873336109763141615859786712767622612770574449205345036878e-115
4.71883229433817332934828512158180000707157371771758249582791719333152955899661287007084373683699926636023848614846535213e-117
-2.29863471598182598654672818354400304633392528457289895672187487580985890565113336235180302431958335181616447965686095827e-118
-9.97398782229502428700006787279473583594986304431341324188940305016940279517564774958976551425476048488673393345967360721e-120
-1.94784179915854637470111599061640911228330070093283163484320366422277199174919584045181112376302373850138628773042678569e-121
-9.04275465601290903395903875994649839040004024448228576560556582959701583648778950884970835050576637352474635850872302094e-124
7.27229463077932093905718120435418326353328434888807810760952012955845381508488973931145902921355495435693472503394024584e-125
2.73781051289730638309406502750084938853591904337434145051261283283513062181494335087752363968106125849102859619608912357e-126
4.86063865734695488592026910033459715417362254087337440097458636490662382182554785630246521751464853432974076257129360777e-128
1.49700050977663339475046449449824848272260818037682120584792732548798453209320472597488636585267564035636481272279882608e-130
-1.90064444492302629618551247763640151865215886339559977277463722218368805445535959260468792142539560348959271018792426684e-131
-6.51097224600038534258651728197437844302793276652504816311098166350824508656864710952739217805676735484714113675703622264e-133
-1.07999579423713102259070312325327101993645086180754598166746800758970754295208159634129816889381951659457660064179929653e-134
-2.42337231776029920288502493107872631169428313683352100272983159261505861811764526513319615585662382347526521599427594587e-137
4.18748780886406974092921584751210155889049282762411913544373162570190213000270235904431721490237522227823172484492256162e-138
1.35382695466224009626739888458225569751756695592376908617425270160256781748319894798126029163462758945046177153138269796e-139
2.15623688972293827926673999190888200334253371437236320919823410506099934795449632935337736273590323979917314262044056325e-141
4.61251527126839598742527058164297021034426680058320890187816921641173517427134825586348918115858015386470204976572913596e-144
-7.86337927467259328517424880188274881124808567860006467562660027314177013168990640375292020646820435932089511153493443573e-145
-2.47638761933430590626938626581304524057362118390621094163684540626485042144073023169503398671347636685193441557229882561e-146
-3.88760753909634685321820182504348913493696390649566104685379866230648784569861299765943159728653645186765699718155641996e-148
-1.04593275849265256934632287942174346474801611534154226897092420324644051950361647500069205396580959188031484213457276302e-150
1.26447852038206619286347625644960563821970859201063214009175159474405197795808201071267784972160112380463151632566782906e-151
3.99893445252315715594416458778555428146847492832870215497558174545175464602250780814867466274928046315426997998635084127e-153
6.33661304962986899350252264994521321370646882498924292196064002403017460523193758582533464260606385961043038329981433760e-155
2.37836861550746543738981490370636746535436725188620064147136646655009927837472938814170432410408273191130533048876103651e-157
-1.73921218020208122696881502215703134649834761459416830060603413447753570311061063935498772429029421816735879765395108205e-158
-5.70766056134430726805468213504890483235809685800359457168983508844688115131873328630018883178959760268478340980968274101e-160
-9.31957338601203136487207703960862810351622675978073937851808017822558193838704052180871334854966066683593485386428196715e-162
-4.80566736115037390773291832739555107497268231653303661014963720202171583039354202063969851975636554820753797898867164021e-164
2.02811960602470661811477328822356912234248905029946894522304652980361496122354073969622728193019554637290572688878717695e-165
7.19314664045658729541752813315502433333016158687381630019374002528322469798488538336575862799290399318298798179368482504e-167
1.23216733204595408662706679436161274348871201956133668483471656441045357847590900861405048183127395829141813371045396549e-168
8.31363293588477537987755739416220503953506491487924338415128779666612060870364348177731572823504797314986963818939202699e-171
-1.95988320532104421248496151256928259216327244133959058451588084473106875195943724666111351402103360268212739298159142161e-172
-7.97747161232846478760935192055004145835611675503638330156960113452075751732882295333859668601307911265950705944509945792e-174
-1.45764160789080475178288422857240283883176715255527254836276277756205922026405474973534609892387132089676337756455525117e-175
-1.22730896436564725727311067057232605751981840005935454238818159276039924945792496502986174910020532860983525127824522368e-177
1.48029521824264474715486702485350071457548632361796500709102456993254223524933869183653222558601178586173425291221782333e-179
7.73615428624252173612512331936945991386150687302585535405445255087393416911893554126879999698696828046651174658095554703e-181
1.53501258315309935558409761064312937313909509469699295217985286744300885262869396238284760090498723752870179819209317790e-182
1.55418224624868412242972082484987642677122958556011648008000310765494104705194567556451453563429295707339135519783456386e-184
-7.09508087901571637936953956421278391521262221573526928758110180638593782770138908725215663352688947407486389981081906163e-187
-6.48681279583385093035532460187773414005848923552549970315400992273716398934294277393874891012959627659341905202016872195e-188
-1.43082963478000091291581636317638496523481635550713427457908867658668326773318908660046132316549293707489462941299012841e-189
-1.69793123585133661602127072334187539621915301557132701173185268705754565068705134678928857886033257648395155290285835176e-191
-1.03776295474346789824965997455070403195717430986007568612509191082626085114550862529667009903297967211880389473200267310e-194
4.60670574541175702729613766781544300394487864236429822566373705179298520779055192570561110495688047403119985545154365469e-195
1.17243705389895978414683563804583450988486822210532684296751324669065666374993201528441542644788309944732024474501034749e-196
1.60683096545669314007067983028800985676605479770959715858983918589384464824976254851888626239417480826153299603659047787e-198
7.09404965424439729200835303497299257482306098275581921843363803648095671472822553261224999427949717849385856722870400853e-201
-2.65110541180353652399670377472229640517171167203122385190521399029995563818843110702536551780688176605572659912318516943e-202
-8.36516658151645667315490082463755325233766235532859649121569521380645609132712914499519417256444820326652962791636118111e-204
-1.31950091681350506168529466094973340875839158408788030679297622541484736979516988454767519817051605866034814457229098104e-205
-9.77384305196264357492597913168009540002760442183402446265293039060536187893454800670749518300561738298763581435323022089e-208
1.09009200746295238402626951897223603697670811119053268317025593476639887606598504897256017943225347355778215646788373368e-209
5.11810377310629461795241707746230744226535348504611197462765494131744384387667024462810697650942775461850637998785116795e-211
9.39236577166207564636655869028366816566515021092035391191006357130515819953761031806687983938823378886720010399499529435e-213
9.35163892337076828373768960832990574725169147571456884649519987389818475164621447764862620307060804756709703198337945209e-215
-1.32605218579101545213122533897621205889654774541791108472875314060341927084447274290149454473380205198965340961688329706e-217
-2.60940515849335264249820793237926027242740741866449693174742195915468415379500127117266668379250646117974436937952792595e-218
-5.76688768941130081617533693487979738758614709155600516272874625296452509200083695070602228018969285559936714641569041073e-220
-7.12528877588531310031958402012840648376426709243325660503973358844753878821823379643879608680391622235777146054791718341e-222
-2.77153752243008097647949282037883010428304574990211266961198981727784141986348539467774764740476249523150807036674352177e-224
1.03674256820400595210080841135105163630454380580276014844665262267282580368780181738522797462207201460222250382631096676e-225
3.02047715721096065753596449487860257721255696350866174516705162052478572966738543942094638747867454616118708973656492396e-227
4.50810515593681226897578024210131009660186694910470695610050462985934481603525066904027585686451030903748648421711197730e-229
3.37071438946585484027388978236822386666986024559821447131763789822457909924139503744572531594835181563203723246441237767e-231
-2.52038419278492123893666310605585014532939787525261682998459672646181695210072492154022316998028428271183824106918715403e-233
-1.31796817851164975821311704233749906225349812925471239046860057138531725831814773563484594474578774098594064058865244084e-234
-2.40001378189908373881716983338941387464930746524006418149766130675580145635978049707130762713601053531753403685408849515e-236
-2.48583545395910385019066931253230227010255816499913818238976160733439478979370093623352808627700745843386646458662447480e-238
-3.50391157164752714009154869961211514492248765239354588750289817283225346190400470223691024505116452752022629081082403597e-241
4.52910816537990046730563054289336928249103778123218548750423182099287748858941971868792823041964382211265305878764509285e-242
1.07225693933398840919500960580966124597043063767798067401241875638788450162843249339645829114756026225450960480699184679e-243
1.40677448828354503271570980011978747786317349863388662812792602403699684982429924445849395679356443418851451949654457373e-245
8.56514685066390620628851954430348060627176222167202641481424025397751990626720016759290286439816302514838410702235065141e-248
-1.01626934862102197905572802736295402006590365545221047111670424831994585069017664529430103725836791102860158668142426544e-249
-3.93864347832110259086455433015662203284359869065760040936107328079546620075843266458969434059299109695512776210230926451e-251
-6.46234963931858128848893746157330598205505369646581992481570270258742445135201407808521860305025004005570627482115740372e-253
-6.06813959667212618577775983993246827537376832726541344418031182471166125284444981892578955789579855580903256002053045588e-255
-2.82632103225097478001659181232555386479561469508275029035338553930622245209666032662613257076832075506437955377601146807e-258
1.12117499627861635024774248973122390271281811494309276662299979664321972923316335764153884609189052876183445017138834192e-258
2.43519127841116944986892654399178553698304878562083294763223348175801545481689589961794060195638207831074491284364005285e-260
3.00989131594093112907474414724598764096107806924914217507972127875780453999212406869846225770950965111875936526865779267e-262
1.73683100973714484756368058271052858674024674058372212418522366505051954270728925120140577511449412275306994128898988649e-264
-1.99040724091434272062659728574496669890978870935029343139183700568671897177153667735934154449741330887516045703824281372e-266
-7.37892290375470930069881732795071719982993080897004782074127529555056508798192770861330932797330556889653615106657105157e-268
-1.17035382907030665687978255697733241047275830189753357538045631178240405000897440260177993487757043349312607993212697614e-269
-1.08444879710997233714366796702343712552126107192282516637990460668243530997510973612186002850735546160607419207998843810e-271
-1.31331502231829998595952565535205334253857399518781351087927722953792939513520669364721042496200961584922936867875509004e-274
1.66473501900683425556611625533026860955751674058256783469801126785068954178752777912414562577106784479234518990701825480e-275
3.64311925207985569141591285013799148541050345226420391473214566911659476285383484234697787827049837703368518793839819559e-277
4.52102235488332393336676921075987421346354589169196731639705182525472095281854081734369579940976558007504384578635365952e-279
2.87276318163974200490217993525408923788463550375269555388128789806362858913915473399365018403416671972680081692722526622e-281
-1.95109223293369003092104728805039142020383037154012020732320858534410180134844899372102182891774201188135752360196443281e-283
-8.82829695688050968827042469367635338456787511093491508021964086942917763468435080296334360946918819748192698697079467332e-285
-1.44536096878518510838063757801932544073003300658611123923354963618228304277186714194071471994112405000962210971949221180e-286
-1.41841066671661131546783502848472504864838083956598466468689081888176171641457901153097041684169135766892753672661547698e-288
-4.35269993521817119011064901167694564433665664875010032074990990312338117089772488354206575231267593772713132342732940671e-291
1.46343276755559707761765191259740210251057413201481626309548460530335806734094554498174149199591938280577939527413380249e-292
3.60584372770342949917009278459375464956075023676531980248021920777513311208974862712813468968263626816867437285991178831e-294
4.75377981460707921472676074103218377920926592979055331196476889240998179192119801115511112929395317902849523422086177253e-296
3.58109592173116955638161028181548352299271304524016387458164815393704450258428991214949072313608488682534221061928512588e-298
-5.16818882234820374449722025491959140751818933313389715664916058690891619507197027878978564584397544657526099590236591345e-301
-6.63040900120983521563867210370793001921323248177424495164377339603647176410464064394451317172646159365844927344576326635e-302
-1.20849245945704669443772980598478820481471633772842699482264996708676515706923031794618610964518818312585529988821416112e-303
-1.31792301933658959190769998764134659374247404269087470544284511685065853145127857066763691466326691414495200038233256610e-305
-6.95431267617826769862604501307259517977821377380101531720751983266965897767430207600687038914145530719147008282860393790e-308
6.60672980410706551917295808863490500091127791988953961429442910447757346822496511322757835750374498546712258973312361542e-310
2.31110265927114747539696507335363685338490296018366534217484682311866717249453227092262374718240624128945810901006584762e-311
3.42799617456054743827945159378506680322233838857902948688831689721123002400067351560660432653640154669726503354668038898e-313
3.10722469207536004569933609912914748772690415998723684673637271162597066124521399100406023963669593413460447486668658100e-315
8.68913125405515639167899157057733874511658720241947724462166904924932107284720492533061285400493146355376366058499890789e-318
-2.87183843364092489717912473363756411944565877160136375909022778304798040752099790598309285465262750758201433212077280363e-319
-6.65757520467172742964742721427367108792277852783854354197920509269277025952257681476516007404557959233698463292400032313e-321
-8.38701734331901016840089835844807740488572489329943738944346997458284893752932259260523581396671461701969869338893628115e-323
-6.24865852648636363251468856299679108414753352261740419442807699022935916036849830148687371465862607295671981565701062675e-325
1.40223622246343119568643410625797988878249458201292731273688839417310132869873328900621821894836953686274135719450536713e-328
8.96500773547479745002846155388635730693486156301030079113326119313448510754441094728384005909220135075844193803884668151e-329
1.63922379118588225864122747707149287633715564601487223936183057240769562315591123506872137635848855733498246028797067776e-330
1.79383367679494386663876182731900411654133444695286730889649687596730156727162139137747129639454215198069014416021883688e-332
1.06814847423424915841323761511530006419603166376363917808923570144304320478132872090214750402977556250704597809428568857e-334
-4.62319828009526557852937320503309675862559462550897302373667097655874139692086937594990846533586663234501226524810352961e-337
-2.27216287487336988375984181181904602559255455497393198956260018435498144245641139548255250133996519840617284446833978312e-338
-3.51957503568739575757258869624968834065283179250669301103380920285636148763840693778835637971924170839176943597920490162e-340
-3.39033368433639870969584299961863469327187830156790502048527982747146501362159964214421492361746036434331802086196263352e-342
-1.53089948330581488005857646593143309059007529143238910691084856349228056142989952594758563319991058111315131400643489030e-344
1.63404592543712835032887753737234581189520157149156418512577507378595784015409463207187403802602743910793069737713350371e-346
4.89977972657394867659444755430100458377783465434805778685661228144376286509532507383169147578731026098353685100965695461e-348
6.68199944573065663492979807031465645000131299763237176781689137721756210370824907084338505846077754290054699076841416105e-350
5.71666181802878232002359818836514994074476347364996779581079565016918587689653227023457337098262040989589234110541106770e-352
1.77381322195603905642663609945646338872013636438681259159996578420249253758619053918096862408105433808871860773898592305e-354
-3.97638111013771945766797355726914300592781911849575473224826899992518254555367327964580996820431800544912619691390262442e-356
-9.21239107418624522274959547020294123775492075875360592361877207870895851435430848302570116122660718519796887688380062462e-358
-1.13373882858951833101146767427875812315591516544924265149993155078260835589063003083307646486283648999295389991938067267e-359
-8.67959942609320699312003299309732395258809040143272072041596559872032330252171684714512124326908007923126347903164190283e-362
-1.48818142658549601256660880558006816692006988036474944036146915760482686506672333688697179374642145067247164974500121194e-364
7.80624271933647989260521359404985819166114211621878826362611154228281741024068196339756254461419416252596719780416101929e-366
1.53324566886175995433756292704783382490009812456038828802355791960914743745174606463022686597900008805455504978150784247e-367
1.73415321508966837279258929921615497230113804772650139130774893317027820773454448118035227800973607020857482925185587657e-369
1.19794644108488304718635046688275040541145783702324053756038265611082684563839686830013915112011921488994700579307340400e-371
4.55578600589170480507682544371494540505802087093032656268332884246988244446400046184642514327875028360334246319244040402e-375
-1.30418328622401061166956526650644172949019437055118024269129978631192899839739567871101244352322262075950716753296827523e-375
-2.28261661778454274778591347550859232597984448916796237142003533072738030969245479232513742310333889223123680882163196379e-377
-2.40885969357513712573198441384379223109170616456418181206065218366989124628185216799516644633544155675985594639079747596e-379
-1.51803166586735305659610719442747235843473246324764667747082243842557658060021701985099598952323753824821860234715556273e-381
1.26549876997217609235620631853238613814862211019722615831120397444068246221689750806666616549105022596768747713841867993e-384
1.90196744289535413289899247964048958952553221147814002970904037999898305001289039086420301105119269782031151553090720923e-385
3.06304298189356724642892423971031640947730587234759113285902460035971128764892247307229650093679888781181959406201764361e-387
3.05751201657240649582851563873855384076094677687858072302254222551753826603994170052942952932920183207870782919193514051e-389
1.78420877500654301111087416552651549103107493772811616754732454023095668158433725464712302814576092414695306616989196969e-391
-3.26004263272414989633051829372342831609691186743008089087541787055428676435084884518059173793934551623839866532237156818e-394
-2.45601296386215169320183248147391506012451397131085036744104563660054803270950368030693532592510856034697386346492591044e-395
-3.72608265346082239808752999562084291549953635032420151322885801717155831687390376726020319133972866320058610961887338847e-397
-3.56414241498404071992617117821195751996615273896183373818195974653479612884703882109976493972231871834823702491254807645e-399
-1.96364659633055113504080522632304305764167003353307059742822230493659741519962646497375160906361814506822372400755575753e-401
4.88116282615608146014500673220243511639129766156839343959856863057268102431168914912662515151489119409074565414248625782e-404
2.83261271442719792336032528040695166654549938924684534404275942263204387243854131537838104981440870796483192055702945851e-405
4.12636171383467260152718429702603136052579979697446956977145812872945064012509847700688654506938989932085213631263563425e-407
3.83053883810273218800950496426348299570751891942180036917700516868144758858539666354257656987791162599762560531019247109e-409
2.03885699045449769797016771766245787837162064589049819460121332116327437407990373702871479839933066578135080066923223164e-411
-5.54266421412612203993506091736781196634388568671100842010553125253599513353187164238836113389232711344915019662075538089e-414
-2.93334417650713178119529270684466847991276396400551423024424240834590674426384381775926597510132689365859165346535750847e-415
-4.17245425822474574565992027188064605470923392077567276554477291957986311545851924427069935895028037816042254242491298725e-417
-3.80569950022862997405295855606250656967138119567613929859201257325482108995503520911202100425179925433839247587632744760e-419
-2.00538096333441799316372881109562142091649609800278016687266856948044244649833638042888991350222273401972634701584378906e-421
5.01174447455939027802207939137186739063152537407978243203137225783439373691855865994760416957581086468347821226863600019e-424
2.73513425565403954397573679638662041863385063576962456900297448262517463347215480328873836205981323610730722129369731020e-425
3.85953766876815600886155660014009958926408188622007732653219487128445787564636639767295979286372935630109478191173907347e-427
3.50020489504389245207774593523500813221702641055423814755497735070931059101642924850071340014241536908331137455740323888e-429
1.86864563181614602441518303413916361294861353910547622698158145369617020089247359154678645060448325649931684353363244369e-431
-3.51843348756428616912892049206305814945344693855328432462108970169494899412818658900371908397144745232490575346796365447e-434
-2.29785948104467889634436033184683227266969935290463120740244762910806524006524459377441541273250830459535509187322766382e-435
-3.26857186400700425965151562502600647784691821116023236215499314769342091815037720950501156530333331856524098483100667109e-437
-2.98091082614317055670228116239984265401037886596593965679548181975720104325429779015982990490789009143762012909663317057e-439
-1.64392034309720358475579946960338327967862963377782585977951946074931976230684626457634199094811074088559793071320068025e-441
1.61939660004397016705559149677552053429870701607598272929247184967263797180656666036566732644960904870016153290063762462e-444
1.73661501980000582403217800846197883998270860157393093427416110481146383558364746014155356162529333790386877927825431535e-445
2.53386810178729015370872195738602132066225609988343259638014158570730128505685506474455283966644368881850334875249550406e-447
2.34896856847302143202408026202466005874066147932328429233106811209396339229748622516486472681940948762186774215205880007e-449
1.35774616806424282986700137623271978984663144825295751504555124288025475015914352411788421551330264381952962410446239094e-451
8.47894333142602007766595961526266275379548656942109708734814281143722367013892696642061895579182204828721829840668943631e-456
-1.17532870205147434602528973266123925197766055666051324975417988455753081726586130875190519258425423693817383261524757530e-455
-1.79593862554896991404126842235364987023810852469422098012292443971694797792111448287895391911358321160972071073368013903e-457
-1.71000676657489581756373292938992659107733991495808612888117429346672004524664941507225543610354578335573145416281037272e-459
-1.04616586874515561625365600958940609001696814119653746877974389079458643502993407842162436923538880569097807293823639585e-461
-1.20223265905676500655597756101298808669569143976399415865640867950354044419714193646893922339454633259993831015990237922e-464
7.05919760296832542090174096032265230310245207734099208387577183983141520704983384306415457811926847202174561057661625108e-466
1.16107350095926432220719010534199556395213768964965944674415196255864514219442731647925904071122045706001826690249948559e-467
1.14747512620328777683058897114629372142714827720559068699514538078845648421250305846321958952014831141747389366012064139e-469
7.47553638080302336100241787076015092084665969250216552327015470222350028764080764243354314383910604732125035307000427255e-472
1.64638057849819294107127392760480215976084308668749166149714413952484648047069757965601717430339979639349015022742597462e-474
-3.69676724611541653075227931254185570198339598144504124862230411150553451356542855637982309701652356316465118946693835496e-476
-6.82082738646723700157489829975329922252418991304092882711691027417408029596213577674739659710674133601271721736719759649e-478
-7.07774943224997639085067442328781761588158463632716275187179257522891513163414622678237586958581307643344627524803618352e-480
-4.92851557313137409745182487388706211413401064095608912131370945480400599827403230299196071017387324028489255656193659071e-482
-1.57000351426008167437939855608285401211819046621464807776420944485510873639789224179409098987248922989072984984091511589e-484
1.62525980106285473931324939950425642390189638709266624902745450273405806787822396733384315733242299136945051975799095151e-486
3.61957153971799239183978754540976882056027932201764593051518944718233319364491538470634022994157318947712002092541031069e-488
3.99915672452451470755963755647829175411653482023712155112078222713053583652450975610594312790205827024813706862355467582e-490
2.98505985179731002473933564444109643078477049915264358403166857537265224991420103106383043895378415444993292728925038547e-492
1.22067770205740142361954665178458410708237783450714064291946837953493866810274921990745244282572121873483589212103939528e-494
-5.41049157548050931699713250032689784702228112997575351054993879552880242815178736612678960846421084145711843833091212192e-497
-1.71882378624895618613583300465651797233773154464499908017038496054161459803463917890674395359629138526829010765666982459e-498
-2.06119937262372517142586100894657450922951837876313215495790277946407403153117825039300435243861975172806517094894255933e-500
-1.65474722469232718359381483627383840481418739762984489819824383206149627213141934300919807947131289113781079969137117563e-502
-8.14377678994109410473309411700861725721226606148160997358287357670640959245222835685795194980971093765563109261011552635e-505
7.80894842138932248418181369161776720148572753191032316581062634222422344625131280562067901700955630550005283528936907851e-508
7.18709704699081830264481306609960629514138005781657792007360451831046829423758103740683399277708997325604553829572708798e-509
9.63699033966229785029559982659473637384847209752148014001773891177022677607420869583576028677814410277274457167375008000e-511
8.36582225089727584905585778600303351328813661093018576285194227379383655950561814061484521630173295218354302298424694584e-513
4.76913912094497660381454629503894174804782289450140380691222731580523699539763595594030015149154192413698027057614666503e-515
6.32682333782712387722693042065066367168019084124503294000608199843048389977847494488459399601599104872583725200368073458e-518
-2.56440346011839643525592984446976328394452298188340801607083710608268440184837736569539729595807178690674559432841039982e-519