0.482913557493457020701618793817602028981254755725385542662441423824122036928948452074832518709274761524418721844264348539
0.0195679067106406197735683678048161054341040826618434102398905402806076640086552833481528929229206625032265774450831419441
-0.00501902481505846446877802307877008112231886729784680706970002920283032105319619469779129528609438386985914142752162948191
-0.000357218743510040140692807842756479673537873208653565959307433920263837718534621572869959619139225403926408147661866338636
1.34966976926877947511148509605950510532872414218631285261905399056192473233476118665032038660625506672250865305893959424e-5
2.03617447052087651753803663284761826245681454020351872481529350530727691180184648834097980250352941552723053766076139404e-6
2.95907165796051289527510084074282599854225259803673735033755857029516651490774319715312812744263991741608322185811612388e-8
-4.68855435455782810967311646957340768954527768490337813361281050235681822353003986328646483233191585839745396176562352769e-9
-2.33822028970460057990993472029329980504411919907409063047434487476628224627900481822248866567087820175650836238082593007e-10
1.78917342894687070969546054491344152639946332676802322863946028852324774274013471594262098642378964371758759579822072281e-12
4.80291509225802974794176667179292993748842531941667825946009940513405874511923337958653384515165624200005562189041290541e-13
1.24288869486466721209575403659585603940528647055657489400766954562169044400224557523420901745395233895544937481153394613e-14
-2.99189621682754010235057694158401490357186817584029532154675058795223207028307826278150531973350729577463509169959799024e-16
-2.49656469970076180087817573856968052597247968564685915090339937772985887049124045646673307458586445660937141523156957324e-17
-3.87063646514991014774727739127826219690335334152806274075910843750316863475870139192182865547935320673267769525865807368e-19
1.53439453036434848423899171190654903798156638120981084474466108654008487376010373361213310545952062148760125177649636637e-20
8.07070421129117641988078377358140827002390468497243113407345976270340053988492291324045150217937823833045072358611394196e-22
8.42170173434908699247947359527137375294721564421080993243504660427744351314206934534405097825532433418352869833715771940e-24
-4.42237978416042061107118751653044850270087024181554076829684704970746839584326570521508274029084420133166808659934524601e-25
-1.81168605990918490517526639203308567046645914802954767269029519999993376782156484419321999522607549126218547211338433649e-26
-1.50284197161598559834987857767899474250616352678542032317089421459409852982539859259097106936749420698315195368817424443e-28
8.33566295028978721417853630010431374248974926259328215929773600354486396619739656417410872655827770478677338398691376910e-30
3.01194482376208789382801837648096182828552308243556700293299904851020447973514885423061457096251086392331682597813733474e-31
2.41826689890003093728423338354821889051433710444232270458704966991709359070573665275994279875968552504498000212768799055e-33
-1.09543388131746275016955120838173186371183184573249827446907792282493288623367807586262291904608596038941412065026331372e-34
-3.84395848404101947287526685354174177161220347743222643434052205269904294679605240570797913237716847565555963117024741963e-36
-3.44692682686088545040725237173921163423592368610519908798279178186310981594736345074016288085370272101221222098016650942e-38
1.02456857583611648265931630196655819870829034960939376459286177213869609179755855279075414531992037706586178029020119317e-39
3.83044812692527666200911898299615098699526787333155163534190660162370697486760980745433471477869036777393223759521918341e-41
4.08045766106022799813138691518930766244671404390854957740943895859841726256088722361755540225036661433633147943905552192e-43
-6.64818764079405931313072636082915995512047121355934847280206372578396440843286690321452985537728589332821275310626369073e-45
-2.99318236035358563819708390751396217754191727591475697102320320751271696623532984298765451085388798194114244432169350245e-46
-3.84627620402122079014326097183291512812716545135872450995784774739137883167455012412903534189275322479104188349462776817e-48
2.57185629799170364722312887091310983357539629419533066504308355960043431371458628123192776301628417836288806639838763742e-50
1.82303976554649649784965147025432565990265406583173364297110372680841321333833993514198301344268816150133909385593748699e-51
2.84286034417033733090324189189940313841673536781964043960565478685039738698357209074867264890886796560033411381671332365e-53
-3.77992911513193067206669791244059332563314491402836207741496550762022525920737042477566292756030715746385829252597243016e-58
-8.47954650269827457811795589234643932167284687422620773630274699407101209789343738779257189349231191265401010353960732518e-57
-1.64076827387016731035676781315575316109066505471304000673086155458054857112478451437063504040144591035734386083800583704e-58
-7.98034878962695435741305341052585184527404139031224058853839673356002684775174806782444571658006617989561237719453345872e-61
2.85174478839427841359474303420988161414901028471700860344778796894577879824690709910656144976714468978539354631366840460e-62
7.35944603715741878282589496261668668203299698462811943541249882835963697884113646865157481580398483596918146518983513388e-64
6.50785766100203053425620917284458362083889275961515386446726891768342158881652829637218679476337208575696701240337157447e-66
-5.71216139145290469090643985817304089735674992289289200623843734996543077646481773656919627041858304354616612845003963871e-68
-2.52700613929513649694047810935979030102308672401036135428108456835830073309305429976721577453189398313588958739534516331e-69
-3.21881052736216192724550451192718675011323674220136599626657180933270688105878842304726509261546731718469052002727478953e-71
-2.07961186447519788539844384136596992263811916756698608133249508356104448208770637197606939329024425200729704827640493821e-74
6.35783665384156529154715310304962750994832271387240150080492228438773881549840047627140424433497242728801219754396938430e-75
1.13467412528912654036542936481647558722863323324704536699914139636888405170853198018536683958882277308456407703178784251e-76
6.82503893292274686705323391390550191445130643714826562230714943400452716778838288323991434563659668196906976599367287408e-79
-1.00958358656506485426012045032863069619259488840381306387243656965321730595607690153947697177595620215546308535474340834e-80
-2.93933020529259584266587860778887164412566408552616382032951236298516897505127564924411147787926713575485586105174280332e-82
-3.03184058521072345358409516279831158350440835604265933740626287127472473779735305949552267993938438568463814334288169165e-84
1.73713281520291065142628209498410211895182945452853239462205858262390919131590261556179862272866265603426060344832575929e-87
5.40874246278123375576344025140265075468653213028448384848174447919079255568545886311541844276405344360420972066036897659e-88
8.35481401208283211125983751382604805808359444581692659041462532491027930571817881656675396773868442848105193333825250585e-90
4.56126141542081480144592989007477305856731463394029127376527804407705894065851419431198826948610144258181505892775845241e-92
-5.86613044780108985057942924506502604421889749226795642393441606737304279584507657060065730783392813253820369759931496230e-94
-1.60183691118424338358215425114530372438226788030134410109147774912526791100988247709063401892080945251642529416389354289e-95
-1.59545474722415965420683473993153241375333504898173325725524045985925058249495352672350778868768387637934481233827609544e-97
-1.23619717161491686308298335030266696292145909944480218310228913156383926479265535949565761163695517140376471089312441279e-100
2.05226368760624937848783957135117251848363454649786035982417611628668930986422845268747147435910327467956888304777709087e-101
3.23719069346131428235837642594873279505429794361554082900282858659467725707702264785138650357277932218942644967151458996e-103
2.05616731659739699418941592387638478655626143239523531391558388567338309429927347030654430600871470711148178378320767736e-105
-1.19846122312365723663594900634089848465806462009629101581456949620908773894298011603139498330368603873865302376999177303e-107
-4.35983663511465610677314235614030696597040169877836819688087629915595109700738843131842839023649272044363270537235439418e-109
-4.80230432586514362999742748845003850533732763984477295539407093585739162145094144200096584197323065508038571359290035666e-111
-1.57942937192600790903724431236702420945345873766765314240974957238223900745305271777106771102294953104329393704930112887e-113
3.45455242711845388630513993688758758011386494083390697361920142593807356823397639463368811074647684028474359284788075662e-115
6.69026022780756934821962152158929898563293873495407013149780271661529139492852159964723348710590479766995309486715374347e-117
5.41725245392367846754637325244705243387640934752560758995206210123921146806974107641563307671162722992890110595523976758e-119
7.79761002590757905205284172616311884110576280279891663223146236608961034701839964381150822818295682054283056313898748832e-123
-5.76909279722813228059458955587741684363569286457982730443032612533575512958826604843874471874207809884476219313004419133e-123
-7.93694217710338872944418912995818808603078388042130509475756407682669245816498273473056411065631199485158558453186348815e-125
-4.72501334831647147475854300079038187079830786676201856494183433715141565138053230515221051531232695528203858938264022510e-127
1.74400714830144837843656337730054416683884088858465580376817585211111739718360970687653038148825719775182371216992541066e-129
7.02760139206023240773439204648668464829112869640506287952563367783405114147330896606588260020898734859213480536222104310e-131
7.56990439721189257322261496132435031404467237289623574411404840848619310043580729521143888671767177303540827952496263746e-133
3.18925805765798832204614237503897802136870092874329498156982377341785320740846586691559876913029067718189316517457148593e-135
-2.95310972487098160194465514628888971183342047271286775231650236408037543289236527423176436535660015015090251303049843427e-137
-6.74070835279295063349380704545988379102304235782080933130087816512567711176537530344199132008185055863538579341502975068e-139
-5.96871042558623779536445054882563015903192042516402710911972723073781301685060434753868840669591244770776809051264092330e-141
-1.62720571103828317318996590750849971072258762849984591519688276521168473435528750295036066131602537220690687897451847789e-143
3.12307265736740483634818260256335463471233854012098908530913429195133602608245609151483691829463803363511550709857213261e-145
5.29705170569101712489495827741125439273985288963669781734790981629238718214269234037718806292716604296460917371293746659e-147
3.98056063760677505400689563488793208118287796531514898226448300827124419437927701426021956577912328589033693849056402593e-149
5.74041414294129478730164312277028310175799535209613789115027028006429303840180934459795865534085982889790041129984119658e-152
-2.49965183367373673672505938260198059989552556655773631826179121948397675271498368247048054569105968209312177489252997336e-153
-3.49823681988545287083443793872296141532583224870435755005738395295278720118931975719397046179072067506927245472912046621e-155
-2.29126821243827915357866617613314636072227410278315496672568404048348653574732282741953757149331137612480736899762024199e-157
-8.52081800943177819756841828608872151126228595782967117926387272696603393020088801331548826336350554293076817726392971828e-161
1.61500946167672642880155820867278782010903798435691647651960557567903511841727578826462740273741437414673160504378973720e-161
1.97713411964244612772861530239982679216188541297258394304799155048957889468139842771042801198008089658829047556564420650e-163
1.15941811166775335496947600659465598374728029445361562667801437531067041366865385064031921559513817753164864751912833256e-165
-5.02225515107107254291683280101459054819968064464878983966163086121325581705460512454734763673303611329241398082006048194e-169
-8.69320542227101595931078470668585277061173584168158663630206722013221947802180627272616808256975667167256081596693555792e-170
-9.69264483611693714902359713185690563481081702616356135478948361995452684520445516308341911975035802524450542412300395785e-172
-5.23976230678596512828965090807206004523520981802054437445262867886840160209964736776950043328288250638424108985281537936e-174
4.76322243945481368608619050443426979153377064657203808726917665729857251249766487393392080154461665442202013444695893528e-177
3.96995044581062766029489344071745446352298508126169967636327396076871860064284677977267895541066283774437949107086628521e-178
4.16248440295613240358797345165174107109407070639954434377206693522131233912462137143984941200819000333316535987740833931e-180
2.14027733378103018414740497780982781794161100668310799650839918913873591460798302847269061062392778695501673604143470953e-182
-2.17447231220614599911793755350336715737461001109264007483182630535385468485034910313435906288389733318286287993565644468e-185
-1.55497616889261085541688991233491403286100787915449921463198510297586517400844955842812903188520604694236376923292612889e-186
-1.57659921550766580827244746949789224046330433889462628683950640319810377685028016955589612109907280316419525150906097515e-188
-7.95489279958226217272480666819347205940604745719794612944870277176115931262096268428202394360465200529296487353260575221e-191
6.11778104285020643058215562388103333171266236291394305379670993432794917256758814966585096501509381167721220852868963164e-194
5.25489164022062973791564033272002714888330456451523080344984432407531099354369586691798572036463919604068938846459003517e-195
5.28843122322419517543325110346747565886640453365657382569689223310015113213526235331748041196090159367490867576488579496e-197
2.69378297834626931188034399195004147281586457314854154856899452489107734981137852959192368014641424586828720434756818190e-199
-6.49692591576018827508172399097665019296055080868884247133863718091003319283894564104917475442006193052437702246897953876e-203
-1.53466815459236851749820721547368490009721957780920945022951548451566325552997135824059320591550171525132912684279416115e-203
-1.57365893886583862389701771820121064242518375501472389203272020126428975035258087554668382563395469296321995525560284628e-205
-8.28606444329374321619329914364747115739832002858891972150427391797243906901247263394311289246467564745128232262685548272e-208
-3.84796996734040987474240708205718862116576036392450825430903319409208097690675510769461451104767650303458859420039625694e-211
3.86147164637587890965543276541239656176284946735156765123532985419739362789119697815203490491249800189325098720381139937e-212
4.15236998588577842142180686121086150750594693584676098957231354137973690738563716357760286515415684642817048455583997419e-214
2.30268657284107006359567625727376152511895622074441133071642088872708481044368262325837165560366344295478910302249343081e-216
2.87873404319034375309586616403774261018970838163597842245735304778911927571795299174200403403040780219249957546425864773e-219
-8.29006120028051611251941876619268520989269541931087836464468701945038718965406165156223259666522088293152266336806781219e-221
-9.69272641809963454808554726341467373152603099688351739425227199654439618146177607301720456077870980285413922720255849446e-223
-5.74562936799455615557419019340624645998730623285670047682442396972990114684400085286956503002268755254705334687042690743e-225
-1.17631068437088862300181566584891617853212693596818073487720959439201303380938459631537343295595866138628870593070606116e-227
1.48515008214437391154440298318153569320689276464731208742563172673843002624301826082681404962755956639532511384690223331e-229
1.99243101259257536613741222984983961908103418328011441080133282289390175533032178179034656177151148414342047986458608181e-231
1.27949325459893145546245041984703086675635994906879205023162976979288411093090400969939122877443148910434699050465903645e-233
3.60894318137633807454234386645158295825826679735894063394512213954983035757866465756109222084737842613817546556664941151e-236
-2.10367141706033136379883414638867913151115525002537917323887304477299238369617672851277489514897718181396173596604132015e-238
-3.57969418315421294544067283483239999827174373472455960771539292487716876347561287575420331054783309798797138255842177264e-240
-2.52834401107156216140976851195648774007587683822585133752323742055785967060509594300903054852646489224454851213564153869e-242
-9.00871723545123483512853942289735537375568859370691612557488764296836439794975450989158616128292181878220857684989905260e-245
1.96959792293491384907834648828828019440812904409597253419490056862803259930447478259193337393829764453321507268133225571e-247
5.55109516910198519698174392473574627973569247717553493635994193461146424461862275973243415264665023112127731976308836330e-249
4.40695565910066124052756983414434618279341594112886180233803241356603878072109477263565874851287440947668085407011856063e-251
1.89044930683674216871344859557331533400934522851405408657657780900825755917103449323100499991794793736261994580103249565e-253
1.31673962516664892251001154093645187750633581047547601377261515105178097700436033582114468612058871253415235845933339767e-257
-7.26077022955815698820520596074201227025274685623494985484901750616044146651637927990874695747138433488105512048839301882e-258
-6.72681138575198977653787194078209490354792816342232048684690294696878246456391363831047800382308626816645793818466524005e-260
-3.38732535989427647956691936645438448653948178766402050537093749128869571019619247916048118191260247688412216660306616037e-262
-5.50665282754872322863598283330599122081143065193288239643705559895988288567123696923245433688269242784851258969810963367e-265
7.61945241048675260728286307734118356594027193454083488601592563044260358473088284761289858485248237844725054719489166650e-267
8.89931665165410474849414797791752857142141707692367798747328830078352380979736555428629126729447331590785442370326003064e-269
5.21919722507515249900635086624805842559801818887368909551755544382166196439064061617724253889477854673199045617305765428e-271
1.46509650570322251623766747907237699870854176279417732889829623702776270505872650602684507608045198072924708557127941537e-273
-5.51420259027851287539375794024594387125045912350313378708949289898926984287464602109398388859456065367324217733772401452e-276
-1.00290617575197071371940957586799527806278928564174854698340504862915530361787214971801845646400244028127030481109537348e-277
-6.92366573569120299900500453427428090538877826416668795201562219735606210559080748456823060340482577474517523288351204735e-280
-2.63001873306921877807842234599431899262976528512883278882095209169733534549428177665054410246110647089845359388898200219e-282
5.42708368740769621324620788492300213316603178349494005514902043244749895261891387735108755537532986417855172433369772572e-286
9.30362016065897316434121684098496622425488305192817453837339370461301229176721588080310104648932080862179831609768300791e-287
7.87189072000651174017955700041587892391162431894736410112385695733730850169995478359307491671452259186607707449964986664e-289
3.72673920694034827828350215636044571918242096417755692373981074441203790093464815017168067876808196077792127945620476661e-291
6.39394130913318418885180813579911609983812404983263270094410318105607896572217494714737224932670671567140720074060356853e-294
-6.51558445245549071937358232604171856755779552812467803946916808857214122522052349130458031296503003053571106429810442282e-296
-7.57253965771868321810638530839930126252513223741860990742101026030302174111064778766702222873895955026167234594672403778e-298
-4.36143707048964170775808891292339618026712823396716223900004144063596625414198479128551803744693543085699815175003716667e-300
-1.31999732244672350806307503999370075187367309916883237618705055027393470331680149261861858454617636088945554808265599695e-302
2.34882966159635492704972369259892400433490380995181713116196762370136025444314581687693134454191415562279425981557689716e-305
5.98357853171279105065925813153788385733139315530880607082586146343990924093712741441758681733118786260025673679304173191e-307
4.27063995816546022153948418526512612261257516953021614560982482788109489277522132170269936604280016111407948807225653789e-309
1.75343212189561542964091580438315609633480689747316170857559646911885542998410309147141514032334870116669789022240084837e-311
1.85874601477233108284342954132008746093887009381276670895334183676020539155662511744872360522242348161973993878261067874e-314
-3.59599067112847903772188967014810578365953484110560801554200753661260537344397826344079888530956503958885811251954074464e-316
-3.47936744059409194178578184769620008797128296591130605457913857833694489413364172816175722138328073915609670671941953319e-318
-1.80524692771422478535254597926054392849552519825915681100765047646471366211781238955008543662087353568520927152385604114e-320
-4.78722679636410534433006424352160538511177432789925260322984718251086156203253242786931772956274650054254442753143623888e-323
1.19589484426937922980823614149868265321476467984868093291207888847141629184620253306282614012859733482219716640455063941e-325
2.29167642755022081758328410385281497769733498123104383261847807098908597209837138532821162053119981562029275088456534456e-327
1.50764983028488874589815917486575103823461718982400084027288966534986918006640805283075358635354574554815445884744150245e-329
5.79411987141358649563173745271238947082208923085471501347582358704842656552531535800990746919064591939819793216415459116e-332
5.41799163394665793114318500535305518412751814980621527350335946045174449652681318728286806538306141365133848794746590394e-335
-1.11757029186937600341598617661940338775532744358799546776893127454932890428383873131438688321255583619073467634844639289e-336
-1.02441065536108957589061803079999757333562280520551938326358021170664375477297144283959660228211327522632407931460280379e-338
-5.12001293063465980521023447414775163069184979958929381969055225845231632448705231001825913931288268006050469365508872450e-341
-1.34946171819440666983138011343874782203403466306774712120055737193710805519668854037855189907194570468536402877966492282e-343
2.63144116294616296854242269155107485930382350572839401159179166143326817441247175146708581040569363289502368097331324425e-346
5.47406365097741081611062831205339305514135606159361227230427796981952244789619128383355944164173518697805537159849484246e-348
3.56892512611143097498766696845723216035579772507144187142272162346478989616887760567174244019990712293424898915260472583e-350
1.38233322578652415477985021015622137560392085310488945730281199998424469705140203920758760040410685273947851740534196670e-352
1.78150580379265116260386621049330766932863957583263599419378339302323567377632585089499493039969302219960638329297957017e-355
-2.02382640884215676219894295021838829332951853813177787454287823648077500800326653956025343706803072261258703775457326622e-357
-1.97270978560336819658191370527234450037239369260793478549722620861084404982103118252356544415599329407673313419110719981e-359
-1.00938246549046031126646823641982052409496269881749723085313256694376922660334482918553587639922058281611349329369593395e-361
-2.92649192317776108878345062525863495834822339709467391396385633990990033285383682816272314590482738264620392382164350638e-364
1.79740589858983037712251629797070290701109923107424117001825422323301430573818529406515224336369273017171566460512165724e-367
8.19086283106037836094626426887927220166769785061158840627754742238563921355284755143654016130953436551721212687771584673e-369
5.70110858894739623504029899648596220452773430577428493998641027824539534935798194908541891559453643288899277583349675123e-371
2.36120970006516236700395639974379128897299206969067138853323734446764179894546816154423426216810663578940018785705037773e-373
4.52954986545292334018755028154152261591599712346366289357913062163642718914360665886429091488340311123818319718824467921e-376
-1.98035672925516765848439978340034503346393214054531942759983036011291945809155993460581324609320392241617023310787744960e-378
-2.46986768730270693506615444113671493993433872011415106041768808307197372749726648453196276626451389911005227800579228486e-380
-1.37200868916989997265128323786811460743587842213297667281183375784005298386021929235295529892206055799717442668913941969e-382
-4.59766609167686379991503783719905047470569678975025993930470276919246612911650791274182983573902972647710408398918632387e-385
-3.59268407596173661318408819154073298326141749353877352395696267707636299859621395532330968826958784373749899078580604047e-388
7.31725190247809827756349642790232746602971861575858188026877601872035407651518341914946355045368998952425960630335060461e-390
6.05595391626790595700552149724484679640404089210037623659609155099472899609407685216296469388028601199349750796910800977e-392
2.80816642838421479242920652494977438175294402929701266951394026002950802505414979113350611959593442706159749499507280054e-394
7.41126089505835266206901497029125555982032843794399124227450258592575470361518808988308899937343308396507088350804799453e-397
-5.56780875028807355685187832112550086617794580306875674180529637376861528552862355116928587122040955426023199253875387171e-400
-1.92866402975188382910376365736242783708744460923327804944709803237935673987526538203459184580709496649222826687437508653e-401
-1.25486515616544062604291631950519193045079309206346700325590361577332184012271446583264807403139603006584882006100223079e-403
-4.95596102141701765952507605785054507943949765508686593315850929686649796553400039110775481471898188734272864499333712936e-406
-9.64089677428860602692586613789970710531490771548145691299381231443268493605585839505868263185046938267164023559939204696e-409
3.13339008349120251236774796999439876274038208837418344776865061382813244180223640188399143895363139344010275093494038443e-411
4.10404686281126616911693568777638657628535720609559478780439399636512078283852606123137588781515088463120100739037611085e-413
2.24678549016149460110573351620282655077478355805931125975456462820376905359220472873196831351749554896583012741032474309e-415
7.61741252266347506944693537089467772992145071883056852511790849361633862795656454009120007944163658161256707980686115680e-418
9.32818992704493260972684000424515924341461813623391808226946997387591793750955521231863553736387361343989086742483900226e-421
-8.16796478923091788614251591656267332962293721747021796562386641839475442685525087044168265821254149898593683316122243697e-423
-7.39417199541700610443971703673048932159852558355820770218148445364646769198152703759944908333822329798832457668489513252e-425
-3.52910406300884126137085193328653309363079628831222988030925434146939945710518658546273344640154191888949260673240385729e-427
-1.02787999875472462380841403491797465365866939842707076787053894913878906757518273621704393559774494509836878687662585184e-429
-4.48780651110988665909152855080043844710291052788225121077441448029665825704104502806556867087619153128231230065556704223e-433
1.58847056954914922824590324446816680403247461427940536286972326412213273388776974174866442023825005121581131132719252989e-434
1.15668028779518930586835971412191329308573925917025476313757382135861638973080531082175933260599766796293161368842230783e-436
4.92017107079771681879401306593119214595124658426089532387873166211221126293163914048837962576225951084981070158690054762e-439
1.22654934174218779931050862253731501474202851156821703203329074864788911127483961746063635092292273425534465824200010759e-441
-5.62877589631008335525254846924670188006644484255862699287567312550209450200808173771464005451553899708962457256617372112e-445
-2.54725540532155218126035125354519716564056402570365778623991288598506439509973398773325251047850972226253852737683733475e-446
-1.59627525227804438999868238365249701954256848566177569628725783050195870445830658708152026420372007517212451558635370137e-448
-6.14845227989361734938434521604322091241921754383174286300639873880678512655420500361209241948733540352973715268373234251e-451
-1.30426939541398280565941057895793371608354690505826052922519950092181946740062046000136248820969259097321181394191150321e-453
1.95700900449341916318685963768094121986555268876355041572325760826450817252162700830920188341452372146954559745821963842e-456
3.50695073729324797551641642011231843808547873167425777570436316988140622892398423607368257645837570642348221940036108028e-458
1.96557392400459724198159368901075135501089712910366875490487645326590997164959695944524275481915797589131476595198311435e-460
6.94695228788397216209007451703920033660048990257414763116253288697729459614330472788174163895640215275511930953162497320e-463
1.24777844611960903921343728072357413999595405589743857181366205839424533271089487980424473306042473427749586314574939971e-465
-3.38502562467582622939305689048418322859828051697436510277380372720335838493774080832801654869092977478933593744552077825e-468
-4.23460722989225092954530775302112671643646004129619243854370253630386519866004576295056969174636174966386729436778168277e-470
-2.17819011082081903203524102057373501246393032190861393405921362194244070276596382951910244909845903897169298829308319439e-472
-7.15306448180445846319124608894988159486198551597159348393208608199374073405670071515696660424622766713336165199882356548e-475
-1.08840099941959146076220002928476595668961366253698090006131140876864223462704583912223664190648941166246968352912934330e-477
4.43667001205423493779007243348473152100375213599248322094190429736468684380943716490181186406602844315231081151720717225e-480
4.54357282011439057910354213772440486195772241538340539537914848739260779020389730039752509672024544418172463355358372242e-482
2.18707753326215125957089948815069884843807817829010756512046761672656857929759370629268001490736998401619616732992140010e-484
6.75996443702489571942980965739126499133657636345894106314757041808725899049444242505608451176648734165378141060756111514e-487
8.82252834143088875901306061397250552921097998919415662257817807008308973179128194356921551726370389672828129612674121394e-490
-4.82719308039889979779434318540216815234077857318388329460470409997540747574283052346513636728171051931406539779164422492e-492
-4.36974067468419698646401977277136892631810807384299341236723203147672087716260814687459025701665606497102956171600164089e-494
-2.00036613088993856509232585371411124119920216082883400881547192844418919591328683054138078985670160522695518014957802459e-496
-5.89937514780016981907647956111092026648360038801433153476606543858118963098819808676246705145207631492639054576125528406e-499
-6.81305483445728435193552905700991140496618252255656455732639305947247553548802691601241841835469296171089227759452244700e-502
4.51557962356950232131892928326520239111327474073675949435708879899944764023647765575753039601602562886327282681976811947e-504
3.78948383903770286968755852170216231213293393107601420858307697598968715871472849807227877825217623279408610554510229513e-506
1.67343212717430373076187320958625961867949465076855864683778105350880279821583817600101341431713943031396790866432798629e-508
4.77707535131802451852100561751991878948784780236550290103319066414352769645126759513335225106328908893676354875451003578e-511
5.14281134370435997531856658944522036643392464847367112622008745285979484708400541983017595417699114535914793896376558243e-514
-3.69094459815597683616359214471959323748442114982736545534800600057152804581206709587042600458788158631538610670651084471e-516
-2.97525462115325618665501248564177774389138628438431649655391680076168310969210986181322303603953321997602158340268396801e-518
-1.28422092430325530904691700129181206809878037129733006716740144179419387267572775219220971595172028991682662301411815092e-520
-3.60078360866407697071464212816597996523816722630148807744291270447767810744508916485789276629590331209564870106552457460e-523
-3.85564433448159287219295552860512624468105815588644402292331166632324404008961524554436812146531323462015876824513087830e-526
2.65443388003761537371589535205382267069936858377246828210408157505874709564475667617961554176288354244869526518691065089e-528
2.12016801146013551065361006058225769004482340661311483947773421772064410492285722574256213913780035021325331468796925240e-530
9.05765794949270274915802029021674227870661829468592991918214325549763210445493180828399027533446101912275724001882799418e-533
2.53006815885695094967550493249573569029111972512997846498848205403136150758712655773028346567659306068103179450363415436e-535
2.86394706796342501229812309349428793698336088343867461743877681513925511050700253276108550226937277974665746343870561585e-538
-1.68030005602187215542404380686574669052744597716716295149927754851494997495077575327661066026648980604529050375809662701e-540
-1.37278786452960110944659713252907082890131963360799710627523092406283843965685289156624642776087456893207613391280459996e-542
-5.87636163107072282987521670801881805868931560630760554696260563433078603235362031166230465330199592634109408598500982443e-545
-1.65678890455524330219570154047404735017661571635381208970693087908601393273094431374352842522585832037899295164807422189e-547
-2.06976099019303505922348506858796164705970015642925148045794497869220890067770184206796877225907626999309044561343049179e-550
9.30039903105661139022872839399238997723367959874467009888723152912430520032179315036305359483952364357538202348442636578e-553
8.07452508024560055881753774576816396837028153065333753465237536560128003827779085081919947971395233849993566195410252879e-555
3.50655806803489833102794797306219486155411230834982186018239940783332044874567435189373333018094991555968467035689154032e-557
1.00951726241168588108508208592887947992058618013131215721118159039660487614231559684164293309300197069883664911107842408e-559
1.42238492698979115798618590232095608016184029097400675760464364042953331704783903384805199657827513704312746284721752225e-562
-4.42066820644585818160676713713707442032885980437943008452758315950924293128480597378449402640876945229458438580202932388e-565
-4.30670562899689919237185650704045503926993600300840211201705368713990848989417808276498923838380037447314435894021596589e-567
-1.92271944031034358764320481959010911984362259177649192024386340924559452418387735094061201404954576962540717126801109654e-569
-5.70921667092763991982974575533865965379896009288124219389423201076285941549898271598480738040741614317736390822105916959e-572
-9.12026822439634327556402245008948605985701274233025713511360890813533091729601882753480024962855695795558398103229839524e-575
1.72599610460134227566419871361800253344806055830120861116678930257143771329428261624542735989814847147757134988758276194e-577
2.07530449859568887987399726788852741392095066543762285425836916527278528947440527312884567422361068379986099421030380383e-579
9.66995806827013297115043915360540241902416265580146568282215051557258866529660243867832180900592856446593813318910994096e-582
2.98759764520530796875827362030117098109066526435912382266099249301307846438152266382844207765217417223043334197981354722e-584
5.38787434102519334133168740327986770175076528543311114608873089033297796707298756855865828364370198128727375978800946769e-587
-4.82141662469228558308136194626660687628598860205652958564435598387255019602854036506647879000628500329855162539395895997e-590
-8.97593980206011028622187722409255622612526308319875334133355635288002886693543261695562701153883485682810628716652220155e-592
-4.44857055229456515851800451538685540779181716991611060002048469607690157240191147573571156438892863985466886294830909066e-594
-1.44176789513103352839324914902076603912707699746297084307871241132318670236856599505765862295534059218815744471730848529e-596
-2.91106653912408394337154598195420839020993540565794783776526817090158109139011611744225323970305674264993097714861808719e-599
2.81520862990543991524935351060845540701806282084254127344843561015132761703070615848086898466366746624859496035387090685e-603
3.44476017983756388330062879172630634269680210301148492181198848950923526071217061269584048978411954843728383602929730611e-604
1.86476849398747730676474658906224861373658233213468942304553808907962033799629444512810449960753134111737672918431411601e-606
6.39386793897273993524303444602194358275157337506222917942532874965887394966593825204886982559291334838965175938658496532e-609
1.43270521848340155135977491160148521230914220866159217839062785191927645731315863249617249623851043617288899408807420884e-611
7.74984288768936665344987513080435639200593575810886792142463092640089770109014225230729520975296329353406386159791129987e-615
-1.14816737218057037951805986442074722312196354574428237070784006805796843401335190560684719995831454440156585526432614571e-616
-7.08355994478161425335748675013988875166406334979790757242420894689591234904353823031906799972423710467624753700764587432e-619
-2.59588537146665633022777540790977854593796503217834182345039139020943323146265889050198473588111756901511752943943005335e-621
-6.40814488099095113837820416851941903788352706722961603405621850512798772640127795666916675293943354082295290246679428305e-624
-6.77572479414534601952933819387268905419900624355658404588723974241881111806726845788635373244542429266338796758886658142e-627
3.17246037841618217254558375286127472540158742599721965871292407185924357577068676551255834857624559832126168483351428722e-629
2.41852710258746417402551183319514074683284177033694405278707539888413478523766092685721218623334406376896203202832281150e-631
9.60724028960320554268371949520984369898329457413527329567895768062520137125477682834915168941245636997963221635947597477e-634
2.60058468530269088423604507278816983512940469881351743994750324048181253151170085480776381274143578985328115462917968255e-636
3.86482205844696665679893774821336117272395345040196790122933388014397082955881246579840115673087877596783229747020649875e-639
-6.33551593071041431712667960319749818946806628268812354680541475593914837315141620057151602685350684078744680777068047468e-642
-7.32508471827940828292952344614353015974130655275844989055665824656877100679035608643944182046616567395188645778709740684e-644
-3.22406791370863650289520963708049469966047329646896322267809835916422393172555022862980666073836992752204334569380434424e-646