0.489393425907821980661992735638821108465229032044902043940997789429291283685858221161712332452841701927850165758998590832
0.00814187130222933081809226914751466028164762654463187162511928590319245550001826824997227668030437889630187538225142853903
0.000287988176118731303084004598377591915887016187424791148696427158758911738070652331357259706974223166591264581046554764241
1.47972960398082058697017453416247759561910344732893933567846718224681542969277336901819103850674829373561045221615972314e-5
9.68194645465485264404801155899018409132294043673762251764657296833353742376690301487323252189169487828443320337705240616e-7
7.55053139434812194774345179234298472770130077282427236331129304965887963957874062260787156825831180233369582729944325644e-8
6.74699119682451873219849246033771589614427563841047116274022737902855132438344931536447975818425170906359512672658250472e-9
6.73117566241363318701371920481551564068512414560155724420211911314115144802343569288190823225764641219802212957685789761e-10
7.36185288389766229188309528766640030975885531213381973627899319347777391030030933638311274243276149633942776366000530387e-11
8.70844151994306332075662272980719902537231913662677092268710893084891413304924591103024019399827438649891793451593192919e-12
1.10271902743087382229788694047299862815081801160646781393885026470863767828904614401775870154161874270531459443620716801e-12
1.48260859821201162432574075810971998026436344978754430772473543787631166002114564680214201253388368063808258864112311140e-13
2.10269940778733986892917570265280381759319646896904243402050311385526012713242960797891735010684498928098448147834723538e-14
3.12880029324450588035945471110557198155174359537449924581014571776421966902573623926615472055613511840347986397194212395e-15
4.86269523454170124706530116522250393404830466320210973837028197340480915915759968237698679815969405978869473791238983822e-16
7.86366242684928288155737381130644964934558068303180875821034363448514924711184940824776465096865005002242142265865097257e-17
1.31889445729871062669580854179938064315312834130052098256134601088819101961535507237468690534035924733870565357347370163e-17
2.28777537520879487085839969425680289373467790906954644837600016877262655396715316315790755662435351998242902539737636404e-18
4.09422997066161119750759462467201240485039411412336402227570872282094290782205207365106562724461322362401778156787958204e-19
7.54315740160665298160953670387066499024021601833443255216415785678043472424801535822529794305864181448046777518472424380e-20
1.42800767900466305046026050783320454364390202223363250443269663127327723398237578378974980845954502604653958494044587085e-20
2.77312511613641157398566993766348856524821589205767205877581353897896074263996078736487658453776455201719155515655972240e-21
5.51584607266628089194703685353838533211003519522129498251403203462720468423390456370578364687634616594348599839896879122e-22
1.12219093412814454203537397261535215094447085528152091787845661212924547765906898955532279849254412182594849837959348914e-22
2.33237507935033744165649820024600189411568062707013001889803933574319292059651264780723867996365835797450307553671108558e-23
4.94676722401710340269674843749233989611059200985971505962004281367784657539890766473499739591910841323047016049436398805e-24
1.06953130021887360621990226072429686190851474712853351047383058013046961724418139152525415732600036663909743528123604988e-24
2.35510217951911842082374226207106182282206182819123442053210362907201712185139239027830639801108291288988310190271197926e-25
5.27714293942442602771714529852899500749937115125583965958307349887279241931049291137325947948245629579995585644478731137e-26
1.20231690386212325233742044783207165641011716454694352187717733059122566396422696829825229216057752717778341067551938623e-26
2.78326434472627769407407589096577352541194435492989935525776003379934267217637483900328641221113606704412157451707826207e-27
6.54204087327232117550901059114874548764979534184989831643896499695375277375356372023449510583802833452528601248323575858e-28
1.56035808756362846249058745722598089111809207714456460111952903604775568466024881774562744422731170692356183272086590187e-28
3.77429111584843647159370149503367011623736022073875380361700605570988495101833764734554564198895366928636359668888908386e-29
9.25361815098785195378940574936236121570268328591004065453792028038510759875527908704029321553768127512889865340432330631e-30
2.29844048630985338655019362210703314735679674003310585307245245104939265962032254420773799169166915627881138163456893690e-30
5.78089350621281754145090773748771575162060022038218329652137380314943444411027614741137412265193142428398672330951015404e-31
1.47164820759197945361403452293375735935949697439591669874000220090206494769109195626074832565733517544833985494718830619e-31
3.79035055544919171056578938459210663591077579162899988530816021054390648141798839959452807674201630165610975743231953212e-32
9.87303760767552661195026626196518294465350940836924520274179661472080169819658578810665236753052783232676257900150850338e-33
2.59990672593334626208596318271968132286730968598971180854769878590682926389080435893446736045336799183474396513139148863e-33
6.91908800540179871426229995577452627197370927213171431833354865738887466694716504854303042195648021107472551735650715586e-34
1.86029113079891205460302512643216010116435135036215875921724995865827909718473299135287190749681877091373644593487941688e-34
5.05147828312298688775092637528804589788150690937503167790108600027303444541575031935110333550724572641423710144328239053e-35
1.38494720625841363908623984589924904371862238233749227649385486954213868734765715582886715436208299512863137004077501163e-35
3.83268669394564777492959474159325031251641105695275936584611518257395406067070890553492466471204451818154101706755023745e-36
1.07031870721359062978634932445760617259152826967859481582429482258452973899584007395398715950648034416603317894402581045e-36
3.01545333332488561772946459888066865700876569645305444063863426893372027229951215105356441424615683154402895304485451080e-37
8.56874252985819684105593429204924375503412077859154595945992482936450893603197326911582477886512342853171339747433497931e-38
2.45531252198183278944587670664206912773683186603413295534026382319388154380775443292102891417506955282111673906888957951e-38
7.09294330652927482623447541156703848381474088013420571433326922649253681577609858860246267496075377751929748297787992145e-39
2.06531048519749554977471623940362820849564688555933524798466072044932087305580891581845761407366211788423319183260828735e-39
6.06033346280362030843606478812411994885281442334729609678834255798495633963407366196678053121855001438920832291296600993e-40
1.79174805783017389039378901368744673690956269247697109005013163833575362878579519840867377015411332124190764326567599701e-40
5.33638434548960543997700999524211420125640555244318407860307408213142262525710645362540303358789886843212904786998045826e-41
1.60077695376944462756025094030839887992858399308191932337542682978719713375550377054217953204968750136826681531266729749e-41
4.83565235671037258231306628074112018424582214616882645209708198410644584816710906681912677767800229852457676074801391706e-42
1.47078694434105287299004502129095611981770632888375342049970279082873151479240846714867354496191632663339473132108676260e-42
4.50347356223686826474558366917091037111751457986281438015524327850433736654075572571311312322367042957091975613656121747e-43
1.38798242561103185419945070153307637769462097064292247798701460131813633888003913123197133383299869121268998730073863958e-43
4.30523283905360224067073662729916735492481417888162073613597757161735697073383730181362709668802234585646096651331249721e-44
1.34377275245086150543175920226852608019227782158954974974112526889034705536087830000495393267491364591919564912058568291e-44
4.22001442526405440377722586299807115076077164764488899355856930924555340839531902545153434401646521117937529063938338846e-45
1.33323123016498017626688298522728404060063472841613716690344853912443592005478039891095425659548991949633330335793245490e-45
4.23688795927453202460980049828907493152247816371632468662135440784035959634973480642587865923837162985237193379294094652e-46
1.35421263101386990527158226035495993369979714954416316539895575546767818212573220779397924507894065421202310159341097550e-46
4.35286647167324636293810715337624768849424327778330331553959062346688635418367329561970708381428953483660184829957432567e-47
1.40690370780158603578893354807077886697881675144546968340993706959313608841828312384674819594538127012164394908460418096e-47
4.57201367108653957660639669685820776964817895498558216715045929196107316646614748143255752147408732528489628179616976741e-48
1.49368806090652263768588139037724435272830113898154813217643168159439610409529388295602542841370554310410793379630101707e-48
4.90544204309325106512272348289250852676081543941271477851757520227385431375372247252115029448304833989753729639435075021e-49
1.61927367875876022459937826398084823964930762719937330929340376989054645414988670488076467270413566879508111256621091167e-49
5.37211866507044876624713366943386573560183556520664788202291820408330203644465363544574455570776900936010711288009108607e-50
1.79107933034610436174903503199673885422255784634164975544235174133430303934600006840210190613197772629150423066926389984e-50
6.00053274123090017007773455829261006822867529527135554136857899537791117796675326459821413726930802222521609724600378185e-51
2.01991741569115555252359598195992117530422644399843540986459009890059842133825238657313048450814123968004328991015581103e-51
6.83141092557118816753869539354020234409295692454755095165162220855549701129162914067818261549645721901630688877416825839e-52
2.32105509603864306572930103440041834187614546711357044256491866954787734718383631330960864415502112005474107386728305303e-52
7.92182078235383126795375344384013129078124413114591485267586659861400031827033728539610987881352990786231738616572964600e-53
2.71579113619198046607410666664840434959517398166275648387251916339856142612324622761367027477348568506115192957025571639e-53
9.35120810612497306921986775896724573055063853158772339434029534648034728181093588292107629086307129327109268535840887375e-54
3.23376308011859963370859702903951519104064759619627737221406862322331090659576433835739417262492995343353298115517361878e-54
1.12302075925126357553789401491550180414640738200182951452699155320260557888922331536943911202898900719491700018565395825e-54
3.91631219056260450485717447051844760235190561312645878063644743923404856408115956411314257659406262102260499715554338042e-55
1.37135023718770210020886626288416642623495874473671255874215449210236904393765797609337229629835850366185905881711683688e-55
4.82140292939307521901443837608678030345566819281720064867911926317855473515015204846519252315412038714064549223439905121e-56
1.70186681193978494833564567850009628719507441496652960219117196275137260954928083217680065359273947729609019768212101097e-56
6.03085192317730532296210102979005268744628474629093293485514581235378923997838939416194535582125826449285050747958250733e-57
2.14539496147418606526928859012390550875142681208541995090068821561255202164820438316686253480552590984351921970945370380e-57
7.66101908591629054296416914483418987188795058006798300278060538715898470708954466782853591430313928109166497303592468501e-58
2.74594837475394106732381190694731689671079117194871912873211982405123949803142297980972678376556141746168311321555469636e-58
9.87873146492725514551371043368486576717025671917537059863725288655886167691272259711844193966600372361038023789657615775e-59
3.56689253457800100049834033662453921888511847897995688770561779312103993313585073480326222990991457979095572945063692242e-59
1.29251775398012219242488057544800857606315876720462546117855133684312341915742125277399128090819205929767430592755769850e-59
4.70022689087929699920913144740432372231069387977439565527782081493673192806667945565100405649719797340828854790010281221e-60
1.71520343807963964659413786493942940612959431768992781925392391064943249032986430951916768653180662675667578035035333630e-60
6.28067287998758542097685273660854635866167980916387310283508561990532586651805701799640844424707791571261658593672995755e-61
2.30765103967247148647424392419023492027523447996704505569979459169400397848565799151553498051028370733957753570401326004e-61
8.50722085624737225735417931321744378821437694179235471613535703761552687634408423712649286765518535845764059775342408987e-62
3.14658549919138788696703139388826763807198239761015398067705205622404301431175462684470603350973437382817096671250214052e-62
1.16763396201857015296889554755837306174285194253350622920414342502853269250387588247624419229994896917616237240834076436e-62
4.34681122659893699421305216903457823871168956980102966887732923070099380166892090783573684086939174336573562520950423288e-63
1.62335561752328289695632884846103034689172001909654636266404961317277545336027131654886987631005068518925546757062764827e-63
6.08159835557476521471510657764301189552707973674585801258044134210779727950027224338098408136150910675240491285350300892e-64
2.28541842497134784362838356485909170155517786436614380860825191377426195852957138063485814060173738002269077490316800523e-64
8.61471196317286326492477904832709384141911624295595754400114380277721427962150587344668265945420621563431899024520488351e-65
3.25706434349669006964742158718225908087841056652684490934525419276789429077875275565702625484525399595141045434854268644e-65
1.23511189649727648569337369419413119917546663893587974799876205148592255824595459801471858975668024699667993980675560782e-65
4.69747910188332344239303971034181700060068324929337664527294865665284832169404293271876300610774800367346337210358603994e-66
1.79178759144933830255618551702883475152039919064371500613169559274269177734422536867185745270096186876687359845842623146e-66
6.85419041030907839464313632591024647512081237319536329357468558732140104888955351441330428988829161580007499856796043626e-67
2.62941387066603191657307138013699945870740342525752007993184703189317016845569414928102900957930187022991284212944235774e-67
1.01153370082660112670921394758182368290235504194425720733716898313863920514603687045323917648732793495110376365473821751e-67
3.90216978116297583096958344633359665341155319984371964985519177213861184148259479951837822406271469533233949635733538411e-68
1.50946284772909009715269058758685274824683681456550365368319737091147929901339573557073572828975017643429324086111305647e-68
5.85484634234552801133451715317946390651910436422649726997052869576724390910408766673864609577465738408987570924124688990e-69
2.27704702006663464108017827989681027460658820015132764775651228354594498295140220990339779106525390076509614495282372062e-69
8.87930145878521591276995660679249386977248714046859497011457222945055119573325223842537745304382255896568278086101878581e-70
3.47154698101239644664973480116300631908357765880771443990832638430116310602285990558379798472732542646017927289301206840e-70
1.36079318661472895286614766990733291388517711150306603792869338011713022060025682812770402021457482901347520019517539013e-70
5.34778169513626084400696603548978827079281204864491492527094565901884973214916901954864065938571073159123593752936665554e-71
2.10695639864553894438402063512524265004801062319530844441029186623094106246840376350546253668657869887847599245175707328e-71
8.32196450456216037806006581453096930560354283059183562088114506586953540928096924056264130237766808097560551205293225215e-72
3.29513282236239363675066093694350539620128333784467539038212142233929424566089621752204756597899549661042774357222355800e-72
1.30793236680695149316326833300398800405375292770523964129371251134169063064394656593939401958077527488451479633276731467e-72
5.20417267681745375836990121353377759157862821982927427947015150409731808159061805412958567741065838263634837934478484879e-73
2.07568342635463743302360294375094442796544314621423697797782446902778466747620671002162762772124892246547074929486654861e-73
8.29855938453709418993275937308735142526839689570299828487177352978843988451694601040945321002661649851946878292160719823e-74
3.32556790737476356252628951374800153362705329789818316766108619709316545574893511543772968107752097299483696618602346467e-74
1.33579559888743803610351628254858948033317198809597288345177450376155068285800012576771602402036120328808571933917110713e-74
5.37792824421090362410779205526409511010732563528910079108597492213251517276994660159480767276655267709967064762960833969e-75
2.17010486621942851404305998997577131306194612012750031144412396037349196918905421744680721720669637099086180504708446399e-75
8.77661914538116132320586284252099776340074358333947006202485074566896057585833935780313380206488044543895564168564990540e-76
3.55749963371637716939791297102190778394959565754771743150879954476570725738769318115031998138528264892690554386427615217e-76
1.44518680272338771657531762679483873281537269677299240717103791657757292871902400336496371807264462341582622504894867786e-76
5.88376364553224495815782954084479051988862437852649029243091017174016590224066501699778334390240313969923632866554768309e-77
2.40065258868621871778183067263312060620319887638418487401952949024461210169152037154836860139153020718238560584348293338e-77
9.81605969995267476497568874085153845026244561430177578017698663437673051197410983431345198477130045258208827510146073500e-78
4.02225787496942476149555176850891757936788507980224601003912708837411954091745717919668355121342705354125846406436886517e-78
1.65165253647410028487824546594605771936410762093323681903567870434717438250858578931697882214564342783316306111602474781e-78
6.79633667578923822803551234761971664738147225651352489236662302823442943695949885220606750632050322694922988583100213916e-79
2.80239920081277055616996779561179872216613149280435672971912348208168302839923582936780663130593766570866459740184475489e-79
1.15791232310472207411110468025864606817837437769884816121539214314633224499099452151284755127480404361887612792709963370e-79
4.79406244574048841712970311414719229730670180206866685792680920171167869145269279418261866330696338922882736065025552597e-80
1.98886790968639554162554781612245068097853401778757698391552216439034373987967131401958078904645826425801979831569635795e-80
8.26750515386088834973834147575495710774611934963805801810883563194483441475461447422277775239715744069556192694788995659e-81
3.44351081648407420507557983350436948731511383992324784719432314396900110008951034232599436721710338420189656844865765498e-81
1.43707408842359755350580074158310432935554431217772377489165480645672489770129873455978002608312866155028202682468043963e-81
6.00896955536643428003677086622630220214616842627911210615087742507738582914711762408828306238060430284377974375179819174e-82
2.51742483080060574390970481031672348544136767054706545439585622571460492471717109189675841683487199994336566234953371308e-82
1.05667473460934847463397165344360428161530841086272861627796698537762446574505077647364691080077746051287065663264391020e-82
4.44372518659865965498267524069451340207429023192995158689913406655109384216519136723386454537848196284454395334730199593e-83
1.87226355909509500595783101970522338867007409893602139139767044592328540495960137492589249197217769586922533110586419513e-83
7.90303071835415189558271970915075647522936618620833229551470369989582239509976814639460758615476160910553880236746682382e-84
3.34210682681529016401725748575557173657154469757264510072763826735881198365151744256051719160459164106717095361922040708e-84
1.41592463658406383554473885376913608592758928382569208058352746185800794350647313824067740139310723424201023187683076920e-84
6.00961133204642790869514014562506362716896806720475299174883002285771681324127498489883122214019930707644996127902720365e-85
2.55524442603270133345194026839503101442446409214780755846725722690690775232685023648105618851678424077967037551569195107e-85
1.08840821331068846517911202271893236848534837200713967794722418026518666182179903029038408920696701875232172349815460572e-85
4.64427621583499716477578543343966459775999030624074739333462997408606176835081328458749665967114166461042680444127566237e-86
1.98520247990257257219828154546866828573632661195777100150991128019816769520113817952338454006695274802203282702547551083e-86
8.50052740100365300504758571162640329538422364523056250231673448184278937211074222202046039012957757886390484071071094518e-87
3.64615457505104219065710575483964925054469861125618870788440455585695774921710763198214950839964741219594226965194291806e-87
1.56662970635211496847032935060291659656005880087486543807181659447629004880633944267128243435396906440878739848435977191e-87
6.74269841957829682440812785187500766866329866855445054143063447844069956565851264364283276380693174485949336601347270394e-88
2.90690818472115782615826814609889694757189023400744962551384076865047731808178685393578048824552463960908532519261290103e-88
1.25531662849428611978790987823310515610754206272778093485545826055108679930997045285542410925118859720275040522205269906e-88
5.42992590888141693995940084508248972268822699544304644538065621822321154076030645919065128540016674250236325537882586074e-89
2.35259693513280179628003157225550280900599185735613787640718878509754233652059658034083890415191663362619353014829780044e-89
1.02095964229334533496341937185812639400823615477499396759758174715471974422482706815757348706684601141873202064050224511e-89
4.43783905784919759372617958855208772877324877851852961240086053488693109255014253988545027270665050426369139690835110388e-90
1.93210631575450474912809716143294388607357333339294814841691125146351112137058108411100905993304151664180747618923067915e-90
8.42522753846908864322663051599044533760765692587544150727969147685587627726584379027806012470577767518574722567205272309e-91
3.67974837870404145993269978502028884575366027286965865611123267268182809782571951669928445568482881573494789441824510770e-91
1.60966411420283700508099698760989916778932969685189707620412939852386713682984386439574696886648274982599408900204729299e-91
7.05225352391990501418958456775973222087143125467436420674004876519392009896263991755741475821072366539379919987358683601e-92
3.09450376268856465087883231316501154209340410328933111144759508798385403740461686941735162199281419135468577323658097975e-92
1.35993939478617563645868120134631704992248439706903423899614503294216743201582933309707623368638737202407110560858536680e-92
5.98561245593985052990341917286497564660016658404937130052041317346021142802950821745278609551580575017571583808762016187e-93
2.63847657070251783512997948583944050151973229965397315071493507439886428971815049373270768902495585757875793384686202805e-93
1.16479263781658703488852874558671549239753383443029206389168015175514952580601335519078947655560724208111705871346845069e-93
5.14979327143245206312584976454535784876718918595885887782157315034120355577905365131216952897801245868200185648209786055e-94
2.28019380858089181217746288648065762647625492373691469929960419267622134305060535790129866395634054455536681911965649935e-94
1.01108928391236152881470766175965640185043773295004829539571180508009434121253307178879282861456816792244579668215902199e-94
4.48992024662104108156883454856381735271976022393699073489971395463375499660369146714226518273888132627803762493660331199e-95
1.99671966577140175705272758205319718230303390335210406095449860161537991372610795722150134225467888038028657072453147587e-95
8.89260601599248342759084621718933027326576559163270207146361951917145511217620948094644613098111377463690285843200324763e-96
3.96634460276273954797131176590868652488638741185804761415891432515782771007809106609555970124050875861337802234633915783e-96
1.77187070528683897593988344725992575619235973778079444080980768566815269990986683400931245356627993042335586225004910281e-96
7.92836111926178112376410531458548607264216820026966989417973269155715972294333207181776961003931079062082443652945184685e-97
3.55302751046986765555518823526177669528650824469017619209678773880277198987864156985817711807568327271207119026317842892e-97
1.59349525817089187727144038465192985079043990506954838339147475610645093198766981095059601021421388856811721319388001108e-97
7.13529015027410689056310712031254235458776475311751308407479509227081497946902179264533625879199075786571862040143233716e-98
3.17257306131735796088925396884198238769938449862195705846232583005240089348389491754025172442629950255657195767370343755e-98
1.38721487706961514028167183136421199586777371573958355529562588385335323039860490175323331634151860699028935185742715794e-98
5.89883671447401526162623815307862568936579177911161313173465088153691046046566702938372229181359410591737624199977721248e-99
2.45700722516521909969492030532759745546937215001671186986202476250625123442642903438273687473000703741096210039671711541e-99
1.10496353100343567430235815099957353789976524849029114280677427259605046971237745476799735793400832112641017938212645379e-99
6.92854823673659660011703706507916129191064325815712666068586802891549601413185187748674477631379509999170331775957038316e-100
6.53078850035083240857513901091950562152168499096078919925551873705994640444514190248838212038777939014409159810523785909e-100
6.94497330143140220585734144431248740669111207564798890264057303844403272410879353282451908332194405101975667995716698389e-100