0.351943929787087880574926141039773256542485370691625112093596061500017228135058359427124487717181796879970293565616983922
0
30.0934689560972452957337823712682326842526756250010161760575398068724362571053268356029216075299643365621791357528378190
0
1266.91335795113083744275741330473543266212570135924787680779183319832842413019740940116786662304860175062224437194231232
0
35077.8221317023021173240439907590137627926455017809167989361700250129912755366485959663171423939114884730666172921927853
0
719665.024604018124016992908449369228563095263259418285080389460496305775074579416163238169347185678808137297710087022722
0
11684506.4840508458001717105638582322053398942826568866943219716055086097996778012782089491766898057496455828716321878699
0
156553345.836233458292250427636749689397717703043335991386690880860606440049873247320582457561286188291392820579486504748
0
1782049096.18331523602663660494333736209823927582897944657864541646768574242968716814412272667243954037760287643806564185
0
17607055252.9559021091871063943167274617249819602777406893899683159830100413200050710458993998823963957666353210656819989
0
153501497532.552006408775878356629390780044400247797180490770305095638672603858753524622324407970880484421043680528667170
0
1196379873580.31933118018047009485947209142945102922700420776792042078006909409018531079643187613820092092779880842601860
0
8425004709021.53600892761463493362325703655337019746822150779790267435779284866136785225965501251185070742361349517501705
0
54081123427702.1288894608700674353723658938356205912546791384774775204460934642766103061047699463849688031464179336191762
0
318807084639921.682078282554155752779237501994438430356177530593836075230258893539141218260541680596651663293623843873904
0
1736931698286448.39313968926631887634911362857171288190271095176213337618099762963005052097830529607835166503790714291471
0
8794369559589147.35774264958956581383037528536126107569721726250524458675324742204953391051797796590305119196599039363953
0
41580359083738075.8817012701537229079343825826721233524597061015562116639866644331774953948583213088568717520138131243222
0
184366121528126640.298376184142382566366516901725515307211621609807731062803772348042951921510734128875654630375575544816
0
769531120013556703.366801097597690097000998078161938977532163913942464791211196189256173326419339056941941587443500182292
0
3033848817267515049.55625093923740385385933434245833363129232453862784276058925041188187778151669334238758348822505640364
0
11332051796197940961.1847211188086763198356194771483200232159376165508279723891796213515756057940318248519029375552532894
0
40213225383310657446.6640796323901345682797584914799435510484611634621044390065605857468361800981005581473322607782548979
0
135914469679322640580.729238977446570835698853463082037171892477598146570774893858866439036811660352948323808267984829382
0
438526188981408862138.519345196723843603951937646495325636813840038018351486653741242989544027409437427781693854721246143
0
1353545098387594402901.28982863901327605409717900895453466222679527208575046540197802894730098023545325762648435954440629
0
4004415351447194089272.37470567521614341306141654995860529162937047179807892510516056907350477267366360289216776236191741
0
11375549695732994918274.5781849691297441816641557512076680231219978759231256715052640848968346971613563817979857156829416
0
31080872276593750961117.7721664276515167220529607056401128313294511549389942377309399793003109586067514585629996795011208
0
81803371637295811851620.6471088959047017748362764822092372034620038797719098878261243717523570863034748696857334293437464
0
207697050976711309144035.812641991444562360765200802802715694306839090705839602496243990902299816919511542644662788341011
0
509393371184279691242294.817551803404779997048909231874434849671735524144564029201877492974525578455405631331464138050739
0
1208329931470770877436577.85144930728918243883526132904990730457121351187320571052657988042560933417422503410725209097990
0
2775483905095013387635034.16821968229542809282956419158998911606829039718419642129752473193201343988739442339900381446031
0
6180074555748428969893368.01279386770827707813705313889562137441000744912059211606559207757074064051335061015972648333208
0
13353753088901364579983966.4252855085611751523318534551392575461393271931918755654264349326045789747535555376563881562195
0
28028166986094642750242946.6240337554458709889351811478209220252381343354635020601227541979603556773068371755162121360353
0
57196741596791532767225930.6232420038596013882009213476935342357919357897012220579376451617565989043892818559616884118928
0
113583416162854905073307675.692075130952576208938440434916560393435765122961972844350872576704945193324974751604400581012
0
219678424525547960191812188.641629705891523467517775021180632042510957566091737275685438560117629343951107706243166839013
0
414125548536293595056668906.879084666834718344889384398876376943346609145983836614476352758070025815476704543200933249420
0
761508848340293865265714113.951731287066186553574300123626564681085953065575257194743216463782618928354727004951309831567
0
1366867671337391384935888291.09541520283421225430456981463708619318478558714509063683187365116041840595414837006716255941
0
2396525637291073813691632439.35877108675231878314427971198084451692195634920255873554985899727529216422650906651608652136
0
4106988790459647477199197981.31297522385051371818040919085336481968167672754834552499205885569724265783449930848221197148
0
6883664433830381778606109174.59741803738327729630594526705410260104090477818535193636720679483469338380904785732516177062
0
11290872696599917643839619870.6555100446293101385837568410613999818082649396115404529340234956502699795055512543714382258
0
18133960419368932082607961315.9335841204686073091202016629747233110398959459928793607833937400548247144350901993555205913
0
28533189283689274309323467590.2633310018240568052300906392758247953372817277840336836707151521046802810800627431082534011
0
44007405975437795559725850867.1942754516836265939011068623618363483861137366988584801293321844048256969868921600244422317
0
66563330115330468904032101578.0733493160986233233294191791069319386057990076553606426745549999407122136722572755875938529
0
98783730878126313610798620360.3266157971908079615417796066001921707119761987127253983818028354454534992956318429138930500
0
143905035162559776904649058200.007147907588724158697750573674603177128730359619731537461379579031183390778607879119108313
0
205872364225685208308516955883.877994889524011267867812607720854739744449841704048073391778577273448116463117774523168605
0
289358072356908102515630789060.841746431385394624306520358995025811873695395169514684153861163294404798006787631038255127
0
399729050239647015667793577966.292162447724701551299491721310172095041060565901884151902094286243539955625658372299096960
0
542948827030508322236283374451.936101384080769759532438403186550699651488909874273278530565127897838880298255103573303314
0
725403223592534717474774178904.721186323673957418480508437502307262424404669085496017975112980413108749836301698553115917
0
953643145497324454427277894216.577790576708375740312624778687660688820142347033094992939173020009580032105173698449353557
0
1234044959116405657758461037922.10108348651313466757586162554213137478594451348208031253346280993651200530265060107686421
0
1572397352064916857776958024613.56898949906048226227890666768001219677182304526737497844921271024990363095722905322898860
0
1973432907644063035871137289908.47909121091558082009796620617620662296856671351390163095689935593013953119642544251823361
0
2440331823098513824179590558348.39891101268593826751466014992165954658571508568432112413076771872162271536000729688630805
0
2974233113361639440981327734386.34785202899762595441805845053023294093713142122865027281172266948809145970000372679469814
0
3573794090741490773765076800096.66934974793238788396628165011542733796808093910447162276468855923026556129841789538235987
0
4234840876764017867671600871425.73706846882408210587498842595348529282264426114531769764712435924992156153547488227050032
0
4950150486123947651887303827129.66769414203828969453299458467529917491351408697227725244577219632078288554124780069545030
0
5709398380912788033131610231596.21497242631763129863931042658258895618677665256809523232333735556550252948950839583598901
0
6499294616180279900740000636344.99297755250236686679224149051816772723237879317775441673682486263509750381198464819447878
0
7303917614044296602858472488088.46644019674960878945289006479090380182468119084921789632200656167258080804472937004188188
0
8105238506054643024653293829943.69755139803127818405728894696968096519706249759355874136129210052961366192129694839192762
0
8883812484883806623228349229198.49264417569747230570996791392753782731311160991813303790094042215175560499245191365332730
0
9619598442486700861514090959502.00492350429860775814537441426498628345872890986023580907269195198082117207781197999711472
0
10292855982864223965576876330249.7388078916805357414172625258154681627689200850702255434784546263956244698050757035794828
0
10885061019011692054178767573788.7389746609515504152110363204216757270576112759847999603783770603751611234734702423178334
0
11379778457882231874581751461445.4418120297095212276783602976575791755894444390559216963620199028517218472472620420870029
0
11763433229554306851309379105837.4619819109515709006916798485588656216888940671190003831314796004403354464854690732852518
0
12025928809743796305670978049688.9007095063990718217617823993857566562765834424986210018558979986415177761663726363666238
0
12161074551400195602471298384650.5608178411374040629675874560390818287406266358412349110869121957871199581714413187681524
0
12166798286769555031815191938813.2834035887166176432611816483072712561658242216774098230161823399785498490587090363895013
0
12045137233553368941039691702629.6966531682211158554982961539295649006866196061899172671565851781960912667571333566654995
0
11802016619268208050096138434802.5250247737747309633820780249265584143792044082513630830240897572745072637506034412413267
0
11446840129092133730859598127617.2039623116430919155970029931627506168194130685557087710509717445085951964701798220981216
0
10991928065197321283679449644995.7793451040947518347264292086899858354808593983888446800573218861794723453036404838019505
0
10451847149391988501691335209070.0567645005182795657967850748804485390329854408121188188775104052516984315924633253414951
0
9842679817981710619539095771071.53298715475700810012014576325929282892579475347919831167937134847385147732683287887088257
0
9181280699367047492658184342326.07714658937495465606174697682145509915617538234054801004431264996036425974125956397763276
0
8484564167697768128140600120686.33711724144563094115470923867166400058809904456144977712496279237172670266523412328423085
0
7768860160961647121058865654017.47214081458093335238044387443183612682880349230411483120998451463692660183080828801213473
0
7049366752266102577507795311329.13383166651204985223705294468124488056877419077426735611426471978179431483588469725131465
0
6339718246652329179888696576594.12413504763191275011760089479415174452546174212536572344946602922570354978398821228223829
0
5651677777864301633856094430787.34155118099360088931580800033874750343973115519460805240306039278661328961727667743870245
0
4994954306317367802745500861968.58322430810740750740718780651979272263507768979489354508712078211066655881415882552992014
0
4377136189322628570442905026022.43924387684343365697074852801423446564316403672688366543146276149313932144563163058420747
0
3803727508420123823664126880134.23422336192552886628556674972056632518866338927453150921585431199077462051484062996894928
0
3278269278703960664662704919760.91948409401290278597511601554585398737251469569600839545004210127416474449487641947418981
0
2802525516165726518419062720684.59981436682252369931549564707596381963862536618884554530024427297519236511685887147452471
0
2376713726419089129338268251510.68104137157127284455143585955994960703249178194379007454249622945923831516904951866571999
0
1999760413463152731792074970042.82018755210496603417123617147313863457515023004529948137739230458342321209729213230381380
0
1669564337414998070761071673293.21795446366402738583790385442416638282706412922475820723735933615338439523395230192309122
0
1383253102691904059543449288471.63506805588107246171283265418084629696917337615882343223521835869414651612066426621936515
0
1137421877993784047239742346511.93813410763221488272998112508889561591652777143147263005626871994271477777143682988284039
0
928346327050778974562530295608.567952330251787225794531916924002644034985993441328258979875914422676938075732931616371217
0
752164917422417061139064718334.772043024537732388614464137352248826869505632286649790481657104528426169148718162915958629
0
605028496495817178311692773592.788558594926793245314020929285771934520578067816446666239588915615787432471995788581073372
0
483217271013964861127912844151.165816163730516201382745609645903062871229679649051143545618584059897042256970736768516951
0
383227052616607327696615869504.764165187836723725709817496211769813375251111790661686338355476673050096716930310403689471
0
301827841472534060601996162296.824573639154628372765327182987562527718160917918439589885921212765754481806774763907804195
0
236098555533221182672278766911.222106688884103439028627897556155606428764718738013070908180684663332825619655807883195459
0
183442041558567095930720281158.692240225910532578072832096427649652913493235595273495514094942891545206718828530797527962
0
141584506204085960981960523231.907242832022454318737941048677479781114583238347730907602914788253098591250850510581440611
0
108563264610394212931462631516.737897181121969727854504976256710617676522781537058330085497514227786285579050746954647090
0
82706299234641116925625699986.5746389618121874454604111746696803259854627736465798033826936592731249402442556936384535842
0
62606622803563704732602701762.7742221123559877358129485659124108591951681815395233247496922184642072582251783645865990668
0
47093903639915929949251772832.0317974081348094995933920948470009101456822587243191927413667037157282876831061447144183115
0
35205283293032941835399090757.7245319399406507920618689275554918142152904888907806805733226251386295473902116779905959406
0
26156826543609380360354209550.7403817754160449791057360185739533912297060795658535411785283634127653195503542339165931533
0
19316612037796489427357348872.5032691904262025634709542022777458503482934270925491775268776331301976930799404117995225783
0
14180107960645846079787674080.3311898319939049104851644138154643092029802743043756264019800738132026036467028213012995029
0
10348183671318268029598444697.7857415082413858654733734112457951204413437341842888181932126450122458046230859511318829472
0
7507882033051181876087447025.17885106103330699905461028203732308195648186831036367376438260254945203019234270978804479038
0
5415911657798422158441678749.96045098372550862606103241980134640847505632881576950132863725227194081566796577206612513786
0
3884704845436757149399814545.34853558561061626317282524496803996365957971634698475187245688378472423608704850708288287958
0
2770816284990472323560731119.61541633423054697483646288858314404669269345570068076673219831345026869743648770070933884980
0
1965400415136722836824006154.71309675069099891327944779089866582904193688426226728149487336810231497810441318442343309824
0
1386493287364833083319593385.61406630207640672423379375979059851896405459036290430488303423436582865688909250273889502516
0
972830516756582216251515188.652058280114530082946834437536789451074340618766320098564803016039216909929209775434133411637