0.996235626138579096839091915566086204046181877311672624134655745182121823268829171003101059747133651505622210621600414362
0
0.00628414610968165317548381924176081825662089119410068090614344407054574106790636412471002395024727683441346331243587925507
0
8.51373966171987657938429010219513662105057542313878858521368994570292050848836247953433338710570210217661838671475060408e-5
0
1.27239829194790687284018777407874725407769005242088093942546409998180127847172804037868551532636542794600853453337425000e-6
0
1.95763659193568859270407101491770473080277695677152309480142012627324696906876890983347588316231637913500079271004291904e-8
0
3.04551728495154734365796257727191026505712375701751779757343258274832432955599184406951450920143762337532092001173967731e-10
0
4.76036464789327957449644009532815793460258596975831967353975656265391644768180309133508497473544757984241737876652522555e-12
0
7.45593583365213234933067825723107981168956419489850164351488150471214291202426111668419779354943915459431830832649264240e-14
0
1.16869732890279648104050878806114520263665611887944719775790906103418704323853262905229448077137149870810108461549285378e-15
0
1.83218588217068506690928442288249305292783340974643860464812268346996151699647055278058335145178594429167675090272845346e-17
0
2.87188030208504014767687437621122387797222036022610648534822175410985520369047038502054138358061222654468897387200860547e-19
0
4.50009653505257701221938892283783368237824591753128218736335068795488929666792790080208874651061359617829642983717155078e-21
0
7.04857911349674459908827527329353777201571877621110854682626351443350298080793638027131996360231601541525546229643764930e-23
0
1.10354759254410331273863137157632537930027506078265631930031780237248217453135782632548923797880518664570438342037900267e-24
0
1.72697846500787521235833735399748783953171325726654680208596122740340320002082490592856049211476730709575096131318542993e-26
0
2.70141922258815873734412360928970755712669905827861797151635555574120596079933655679396376054946833113902560900989182208e-28
0
4.22388902893130451687316788972063879758144993645890707200559677516903578911655931182085589099692640180361204669100637479e-30
0
6.60171014478876888026894563802953361555683149100617225924882761141111200365378211026622027740314944090996726469286663625e-32
0
1.03141301379898268660065404598774796800029275098667383189753804165876616157619139439217432017761206172276622088950857555e-33
0
1.61083081157776592466974308970353889219738653105919012149267974235155587201665186581535917576244335081656829286419142866e-35
0
2.51487988408327283500473803276799459394292367736056287506498579568295706802466691068623977831790153364413255174647551403e-37
0
3.92503082057298828142558687482355601449671173767449199048234388910259566837445794754076950202039779188565916799317911775e-39
0
6.12400426196049747786891609440666849691187628095374599550854454210815347316498998507894133615225505187462728578201225028e-41
0
9.55217123277366442968921521394355204242396999001922407691125321540178514146292660691899603354329304931536331580462370177e-43
0
1.48953271174591870050099091544425216516468141489829047155093693047504971639207082988682598224366199244191371222491756850e-44
0
2.32212704050849765871831208053693197001785191152495741033690649953450552148069993172058947197723110558972320834704486545e-46
0
3.61922918231775540373829369126225750396913876503378242265416302290986907335582926883596023384058539106024344645128263520e-48
0
5.63957184616237516537952064138586195942609740193416256058679915825153542755435385465324699420715995836971951265021134264e-50
0
8.78580330895857886870588162011451528405391885232217566204739513728259494503137560481368454153810777781366656289499414526e-52
0
1.36844418699152332289464366542947731107816394341473610451727182936538895558832345791379614649123429492226071872376301852e-53
0
2.13102035822769604244216354804051793819091797623552117567956580345294353620041116960864660401110047514931757919401444260e-55
0
3.31793068423391250449261494859274753085654480009955777500422184816983029231542798757603940378825375807063890085036772985e-57
0
5.16499881118910157975090847656807189995941499312873590775143852497098002583683388420016394539612416639852252693736308577e-59
0
8.03896397772938247395720388289084392521968109861070170511509843152019373836296968839040030205868712590468601283880865300e-61
0
1.25100878671319589420903488044921817398033713881868964449390451991869355597967768659000759888189906890410641564722393399e-62
0
1.94649955134354604001159510101961925094153912406505894123490919420529130852775167593808924614680301663617981831812744570e-64
0
3.02820284537305711089813382091275349621989893981694070022161265449214395539876372103348167179987649636901379287915573115e-66
0
4.71037156744902752232394596953351383832652707086443905048524928275785695133023234621125791168368433730849924364593347248e-68
0
7.32601122449059369362535622174922377397780981201367385797935041612755178327163893696214393422709260038173014014167056270e-70
0
1.13926484535070328492238082220644242722807472442426040622825446446492058298194328508702571816787578865179514189307000316e-71
0
1.77144983540258010586078571914722778610171992637047222779537160505133827600972006827546570303119020200680519491102479676e-73
0
2.75411623505605246519539878185207347040354986320659637341359605873670043857507075596932933891492523269407884016002222767e-75
0
4.28141165106565563976519468317446408850348691458195928582774307030115114182929448097094942126296445222686462642759204786e-77
0
6.65495265735494072457457570794280678624464007853635532105432124096312763684037025347413178423373550081752517213516091130e-79
0
1.03432745498313130888967868173953294276264072950564069615237978751553138681585063102094464491537892175103360057741557656e-80
0
1.60741481232752293523593166752174604690589244138830165129963945378394329299030262390608588814446229746753272591708493459e-82
0
2.49779243755516127664318589443297345431957316369396463475373876727478196616792973180633960438181654162520060235565457993e-84
0
3.88100980669851996885759790767045444920311298057662706783916199390879509969372161032991073121379833203581040923383483187e-86
0
6.02968480462783163328376114846947167121890824955996763543407618346851108236674441770588725308594062584772815173172094012e-88
0
9.36714715548198150870142590294782103891274283654660088498387349449325712932947459008639408156602928358318014332883229472e-90
0
1.45507122031950717918182668628973792505725505763061171147048499027935447196619535150622533765154473384219398335203813287e-91
0
2.26009440601513076042558246107427900849982650108637242397804658269580108107839633616677148393783716601833292856287864829e-93
0
3.51022951969224327194704159239178438983867453487026695368524763817696566467892835696473338179341788022017824292224753627e-95
0
5.45145179759284003811509324314460106565847428953868682017867725942843088473748877083148497239225560730000490615549205949e-97
0
8.46559788982219823022872147465520400381453151913082768240480549706188401745060885705063732837169021587715388140377388887e-99
0
1.31453728946049895912832441461758958077670723405006670655982113109575662485934476619453405376948517577901145436696487476e-100
0
2.04107502318787839434834072825904024287579236799809483349700099248563014893189124728806030108568163792149075695030332829e-102
0
3.16895982572112289810130066453440350768578287110649291954716688131940967476258762358211576290695326244270056742165104149e-104
0
4.91979590718797892406799263163140468788166981902172935030619510638340802372548087039339560891677126652592440008979043618e-106
0
7.63749377349123702676065870049016645282470912805428553405334385547999134749135793459182397616808246361184654590244219239e-108
0
1.18557459234408742623840365129167860810999599058159669242715078212045172281326481786954468263963966991174436581649786676e-109
0
1.84027148751189090600391147984738649570262005955610499466358371581321819871269504690654262078075412309843736603515564340e-111
0
2.85634488709920743254793602710677615258459973756883639706130009056278185982913524810855821109042438188580475315368502037e-113
0
4.43318472628605696131093898813558380567584930772331731775230776530814221489513577956722157166341599376502722855353773468e-115
0
6.88015338481429963233644161898473630559014218539525273990941430701048454018978114918964185029406991473676276343788552158e-117
0
1.06772193705541024709701417272431789139252351762715380067926348936701544093036632471029609351516697509348440040527199624e-118
0
1.65690108332988613373171116921841297629184028323015504308385087533834574633946278030344827134911956993198729355568085052e-120
0
2.57107035980529175323839708469891377834875946453379955618885271401743016764092351853360226410350694549921338446301999675e-122
0
3.98943022636567705884645215230716772314529486126764403155480446710212574655336659534797564818436041589425361268231949311e-124
0
6.18996031197836377559862623624258464393908844000035745722414701472822977244340554971618067148488983316375135852443459325e-126
0
9.60385199128477725686296439577957825873136418697480199414915164621949524941342258142098699666075013709764576953576258796e-128
0
1.48999276591198085501525787866049205148968002871018046355597053333804668857984483202382676246919296436235194740888198227e-129
0
2.31155618595256542469107117327523173796518997488415210951783755688020752663357199416787596182488678623767821662640382953e-131
0
3.58597128686796033821676525879310997028220803568216047014025821316490192658771592844958248013389635943628359612807366678e-133
0
5.56277725591882251032585989808147244976507533993662849686531844613865033043485562433911889354672353496618116893473120918e-135
0
8.62898023782971224008092079760774774727653579273371650086500875639813398342104849812952508266709399690646347166685987432e-137
0
1.33847614973282822894079842027861220427427806806749778519698568014265417164681737516152997153022474140608327591812422414e-138
0
2.07608705209691596227741462899621102740845851295989820979672928080533354095885890638032280406732657465160787826910779726e-140
0
3.22006494451571267750420688811563552379130018518821115436959457666187008396313700752429949224357299067763041407610179500e-142
0
4.99422637656997705023260710018437832434248702942773005753588439133746630788856097772509834701216811758314148269170507916e-144
0
7.74562915608849882921692998050419915555130378910042791400382180302258583639327653008772186623395352037866601099158212534e-146
0
1.20124172136007470981048228825125309112395326591232347253360405478704854947424493917537922983177613789867786021727353127e-147
0
1.86290060350975805808881490683396649782255627520979161130909334398151603046454115478089468516074371775501022764905395364e-149
0
2.88891559069997171163036696727436301746932666255670078653331462481911938492010426171857882937398566279507662682303969236e-151
0
4.47987844236057942800240314308465684682355357057646831873632449939801889836289990939037076331969318978844262739168760743e-153
0
6.94678918338368340289174945833709303488273018027063990322026395733175984300599834485692117575023158284728586142670663529e-155
0
1.07718132433463181142363107966622876556394627643318633121566156931640822756233553771961553986394365819580120417199177438e-156
0
1.67024662227376066381430360684977442920858171045543671221059439029870120163646856495470967720755910421665287118011171809e-158
0
2.58976141428515475652387880818135464231785240053275917496845712804881611005359453347014534857807357300224300287653981271e-160
0
4.01537899995255096839822860815418504366338877592751809031031280913277940292199170322214888496932745559902337525306613144e-162
0
6.22560013881878699848036737807790581124763615049857902656563308735911983145508766680487478812123921339738580540769596090e-164
0
9.65214963140751468515005905268299103483300418250871659968183564136137259084114893698205729800438014501347497351027392762e-166
0
1.49642603163008618220280166662119591704052178616243943592462435369293987048505495690677071449173459595197071166752033317e-167
0
2.31993108768924714120066185764063810128705403405475992303594531408370380774269447945824354189562098796045723460996355020e-169
0
3.59653064055727989698952482578210179849072316529326465154306229120423185684481314083143514100347571642829314664427896394e-171
0
5.57547042273142389337643600199092619604921618469324146879630232251779490248064631792893011458139316508379961098513582093e-173
0
8.64308043612830091713904836388566811427602184571053295570472373229864362449047812148597955952148311081573167878296927561e-175
0
1.33981578135906574783360557885625254514802986867608230246929900131527551873442419624416142603092346553769370492969488008e-176
0
2.07687960561324714246194162332728711879277215415900452564462975952998237938946755242402347075770181580928148854255666027e-178
0
3.21934448043075314094713864771294667800640349443224309981938215123302272327029896971382736872576822263036318442723297519e-180
0
4.99015074986744873751092109316271399287640762374244562248864614196843912395882546968787773394822928024183898993493235031e-182