0.336019425370702591684561620199531139165976051008704347911888085198670344289426690733622241145709170647201435419295738657
0
37.2225636107084649184871936579316073330728089824641177392126897044761906953593414885946931429595586394204363398578058916
0
2034.21770304831809588942016753273147570684068087463932687022956139701637179320910023951801054749688795809774594549593867
0
73228.9113235669760038353473177464063862512738709908921705912097396437102848480343061570326248106913834762371585159574230
0
1955756.39503294916172919668417426145826647817194741483848924869427340867167670787917002949821887129583297686383145027356
0
41375720.8271064582574252235662398201421074029415501436106747617432240233577718232095260230293658934632904454002098992199
0
722882393.313238015902616250599953053154712262824828747746960948947803638793415445975993383345357409890916496309767465443
0
10735769729.0450395664640023007185965965224660118158684848792814281955750621214160743682110911263182071185064532525582505
0
138445201456.284088879539104021373950375382718075587522103858091695366686192447436944421454993337252736720611191486683571
0
1575767039555.55770391369952295880068776037644690308527589912854886271842497264997566440469091487139964108283735794033381
0
16036010949339.6286111852309278279344938664926620982502282390889625482510423124649921796624346887631330698169186260347069
0
147455336091946.662128913125274079376022462433839916959763016126197475862250134592614644100758000755225082630883806008611
0
1235877531775163.06837799543891466818041630929666626744203165854457494469906322609639226177971233962731076889117022414382
0
9511281195422251.08857895069255930056254048733958198338284864782904984990983059961532852121282257894200270898104985044181
0
67637353170231868.3491611207073469882592568532413721175053710652615936055795805951009961914376864158255454729529955954445
0
446874696106885949.931588846505640330659799967821744980247743762467369361713235295393310585599757857884018800177374156600
0
2756174243285472372.30480457953499170492820791361736297763237674613887113681604714847501177710147996911380158573925649460
0
15935858824348033439.9646404492226949634429814316380643547990872424332825666513187338457978054720946893772026538788774434
0
86699294783482584443.0268164034802718838178895050564503627704933276429188247898524669887766248774678450592443462786675100
0
445327961544281117242.699844051095533520424776211779495234902682580255310779668554238620999674932693303021871947431149029
0
2166093113002944888332.25994228205201536590307754710197565193589424595132357836505137034780612787932995388987027752742182
0
10004415317942778115856.6276333786386667004739658651198227265086478511651826614153627668768902744658336226941015231426298
0
43984697379414693531215.3542356853179271945911450210492611479038253558944232719636714605528438230275735298892338537601149
0
184498079312018644989185.273402115474744064710957656473262726924952399026639725798906704273511674117962351778123321619729
0
739888481720664045234530.124306691006532516153671998324458850813747315592357858860546909904839009703755798801413064033411
0
2842216943129950533014054.84137576244734388468325610973325620606180214773550163100493536551392654304278330176984990548419
0
10476925412529393550920508.8475585883937395716312888280410127668113989346718086011229327759801750043140064328389543387413
0
37120092496950965051494830.4467373378910700055440778709557849402815300992323146526125359929648160751153865579052416514054
0
126603433201357894918358631.949588987261884612587528232151380135594240127496053362199438998023891865890199935883987819542
0
416256234212412337088780068.507070812029312013856316084705849322023121096887111099818102593829756413469576374129277798327
0
1321088346737488731648128067.44564577319071018871794180350255744160838897228246304126025486888465653048195277038573470014
0
4052277036130446133150856288.20216047516702433840408147185030098524789708623905571769967620106213272995130363848862073013
0
12027339743389135392838613461.7339117535139153989870773701201560979817617242837267291326132160661556790596701702914852729
0
34579598831397263565173223235.8489531793863973567454499524195948393850946116257030350026982061883642715817622235421060101
0
96404950197427823264759110903.3935325961894058857824891810165824660379062587968386120517471827353672012940353922522408775
0
260874432669708326762306098125.128808968048761632795021345870970849191353756737340658163679010410708615529118654517442124
0
685830924861092555921085924127.903112226122387817461054788313074188449794130584233504422465184808903377549382281317877805
0
1753214986182925618379394244662.29936565886577669420416615397738284525411509134016677611222441740320385434378630693742627
0
4361595116741111873564337541312.79843125052401361848393158333140845022655607704301183754059595000551424741200925769719158
0
10567904434617908918408559038983.1478868440402552618136216842655231597841105803925445340586876936068561819425344991177442
0
24956874356795087768740981073488.4413322933895071130057838512309392812663857937910113998579574689324072132766025022657013
0
57485468674624772137768252763171.8562713259347021912414038548791855488848503238383411610796861549916508393346594500260807
0
129236968999522199087617370210972.594333117327266136684397422878311574708476723818178992570255001918596748840210117889540
0
283763766877350112538943914485368.727196060746576630352960446472239012987717854478065618174163323583902218887252523037073
0
608886929079738595743487002435536.701440519067759963433631692869623517773389839336565854255885338870471521807594204275169
0
1277562417636454610951725926572452.27681565791700274761743515208004744096968197366503198500661009995122686856181343167864
0
2622639186466000062994957885725446.96436609485418360723593944318531406692324353596010518281832245386503437092859481363775
0
5270365324659084778877183085868493.44512873149784911469472095987167302217435698520617401844485983680890450163110774181690
0
10373223549781246997982347340552450.2500235967536909226109732017331543198610839499610822854167274150922409999228876519389
0
20006611695803394554934956770213973.6492430769119399082097599804248981498905228259989546182571749714998195025862259589988
0
37829228106411039631311876126004576.3124539380740602819138555034724373039265210637038494638594958677042058085821566786809
0
70157609557208314818809334693761168.1080480086456974435755377581433718844149396912782653003389530295584764205829937483123
0
127675345465331256305895043587985177.983346623110858977157811544694430212223135044985741106266398698403580602866140296624
0
228091247815055414999627765342861270.967663515905638069650969115171772153841235466585695045243479820246554566331629114638
0
400181546721606201433150255427076639.353722038268932313707284986417917315372113727379465358821978455642232875065901932433
0
689800377043464664887402482465756125.962940502771254036165699786564616132408465544778053102640752692788873153068354500934
0
1168618287384973158842233507985480872.86865175414294890468445238703936926588979568033442012265580789292808656457766989180
0
1946542784227487176327689549213245424.45056092263555936573363454702026906060095660915153508676957140803313178151373216824
0
3188973312857516795185307215290986791.60170646213048082321459415338424849646759592292355475775605222517501855782979185481
0
5140221865789907692622417044226416823.26399994877944725167743866238228501408191313806615804148563337358635308977266170753
0
8154555756887261496864586837603865577.17952845009586031033119388009277738070336966530486626544313549536156802566448378902
0
12736347027177840881209227603900913418.5757961973354070990780905233376832595371092680611110616353620676017097378271072224
0
19590691023654920617057198852842651158.0223909857586120554367848833295419704061265585729567727960044971829572473962099464
0
29685527878614263663619871335990124445.6611198708878313557276169009192352082178309962400272016584754177260440724771497617
0
44325709585141204089722292384200619134.5912901082555284410857629416424873263614012143584890792444452139271347646273637754
0
65238557222223660829982838508811326264.6796832212830544594997101202573934326325542722898295007887554165863808442027945535
0
94669223829086366163616629645525001821.2387759680260476517700525903007021536364035064096892316481215340439448386720239333
0
135482627301374196987478941664504256358.842041091324886494933631514194482879314017185487936233915136305430375644093482338
0
191266896853594867065714088539039122091.090375252265790511623631046947340505736791174287306749364415725543353462996584448
0
266431290232815937701278251927687133362.184711282063163535374103261815255716740169448769897456151003673820216607397516320
0
366289546419785127577150859736653860697.134045630965218150522302010448314481534359911330131358164076767346036250357146972
0
497117851384268890658800008838514449704.813544360213252788416926720082988330104067817036897965140461694212090530406377732
0
666175264211909800969541209565161438007.466738608035763763930751579531409032747095750303667474959409137346830289075689461
0
881673848981317948838898146773243240286.863131656450131232735563919579947358530624774918179586688275760493368993256895432
0
1152686146615492102293978107539030948468.99408960738914222631390007426299886097810893753607863431435564058082523285230163
0
1488979219474534724058729176767156571248.45184884387721112130708965014414257644201840265937849190692790854391742992922223
0
1900767448034552919972817494133847172202.57702585426476834420854129240287314936054681338377886407276284215148415511237403
0
2398380576713439417530888989096510873126.69231271153322743745680616236538200175880146736336352292348653465964910770217822
0
2991849075650697290689034622032621160658.27850095898512668136378724540204745024255364966848190781673944076378896219958197
0
3690415431596747649260570658985900111484.53585862907892688162770646977189689499488676540291735462139122733719738135839432
0
4501987075214385762324110839421559532260.22519710801034867292469038808609162129965318074547985213890798957360797050170515
0
5432553734277214069911851499057251273413.17365823130729681131856926563376164762901194636576309411511849131784691497291974
0
6485598423608038087117705931217443646439.97134622927170194148326222372238920643008502841927533515472461188268127950898610
0
7661536363750335533249025321359808036498.41650499326967294560060412417571292348726989572375457663206956814084801358368396
0
8957219221261239748720506898457157463838.21639484615867871374054689996116133499101866490456339933985086318728918538540406
0
10365542657030131215507859049567818593952.6292609158498537084163226749451749345318799925330202369002275736081888291193718
0
11875192909421778888389249523140595999080.3639675378311747834180059910222047951164256806586206617834564174215248736010048
0
13470562916333362412532992508218947272165.8406559466746358042791907382545394838884213508801529254695179515114934827195032
0
15131860452672274725827637976456061535389.8781662659103326681532905311931618043712290885489804989273457094708476206825414
0
16835420358774218956998229186864824291490.6582073104481897546334479531909150482510700631117518049237637822551973358159119
0
18554220840855138059616626220130851057551.5742472537256746862987937709889582174928362850630568212008839070912670668005728
0
20258590912038328599860578189117923030343.4464727968653013087895410519844313390399476957363059799519624656624202032692748
0
21917083305876410622046687346897568398701.2887947565175830960021217424557785774110710937957514506836739012882088211157279
0
23497475654374747482803916341648031598318.4852621956147613340687694552847277272479135468328968735118816800897837986337432
0
24967853329466067265042766842749149296291.4186961959925837544579048251329963882975891152116256664356028130155598488622834
0
26297720888387841596239242840852795324638.9370077367189665277916415896168393698351909404858008240211076889887369403780518
0
27459086088698661950178109923949664395917.5975039384813651878486545954140289858049724952982375436767026755298641280821811
0
28427461206559752965184354887372073127043.6939526631962346917928757343410369908877879998737596972151638238628099817720520
0
29182730848403923950601312964968678771627.6148366832016324179508105996158672901392490575581892588743085528514829725461492
0
29709843233344923393804766008487659268632.2569569360259106871311898658765308162373400910556181730166085364156559286392325
0
29999292418433490900889579756829319571106.6570147329580951016646887436900639280167220970521025747178942071594366562158988
0
30047371315638726466426432796145679691573.2757962829762561921977634139570811478428489895298293591101443434089465218975409
0
29856188660404153024950051216757746455900.7879615951619053536426314003809675996463859197979730474446408047550146926732635
0
29433456354492876911797059021287460155976.3862704743159127233764450468696295737598184035777810316924783105093184551873954
0
28792065890110197826393610855879381680475.0919074704537288404156503941777653982081054164138496547959842399830222748449625
0
27949483065484453888944060681874162521972.0866497842642757672172819489345714607699588034414328450280079968409052482527979
0
26926998308879680910243263950738842845776.9096846933993955155181393229274364143511482643438798884152873794998463230427462
0
25748875247929617154507530023020684596696.9750829888665565294016562999838734419535329481877016043793851183545088171755437
0
24441442542893511017793991318971322688238.7812681047722196601513315364544015524086781011400510651908468774056545671668466
0
23032173525464562285227863251811888562860.7051979793357574834813298284049282112021016317444455261734159478979926447630948
0
21548795131599169330354019712494129167334.0448013642969924660914322859824046011866641935480086771672607027360720272433258
0
20018462430136834053233935280784772022409.5871904936737497593338894041340757705090684842932234708986108853036677983385789
0
18467028279542548799776003523040637329635.1497103932968710636592992472980755103232345831239867945232131883102951094656343
0
16918429896505363139998058721096904619044.0460549026204382266032420968683985308214119053532554614325064426484022426164421
0
15394205995556005675357057420515104655569.1254540186861300954036837019155067667576116622393614918860781531265779703432992
0
13913150214688101926716282829828675978464.6021316431403726943046163014484786750828666277537988011201614911276194654490493
0
12491099251325514242655773527651947481320.9392297723085476473377604583471062650162483181694043530677149883322265327535096
0
11140847861276672981332593850437294571419.4720680598336179842862658765464235640990294987550824107441110203336159605360980
0
9872177866023388787272687211449208168532.38102795482045241075367250944584430274714609528391599268859062563465704763960218
0
8691984695672054555551743529576047185408.72168006541674567137544211190696378655656009692293103759336210357441002368473858
0
7604482779529322679896541524833312347362.55445894634899461234004494456576907439137985351719048865712712014396404093891311
0
6611470201977787793021381489076698743184.60642450377848871453066525851603823283962436356813514067848480561642954892425657
0
5712633312886129745523417142974398980245.34633686597619906354396271363094944574982985112576443920940809696648329863702599
0
4905873213735973853694839186116010821686.56462116352066274816584709298797916508367032477033202452959381486704232053429465
0
4187638000536820376628217525709607637876.78134116827223205357480652961588997871629168221677800444112431546643573403988861
0
3553247094123929640649604622573860939760.73564184520166823138036460647648376578180547441694800469709389030723402419489398
0
2997196701106892758423179681212095078655.43291239275987213928451843643890355301444709138952855238157748129559815716660522
0
2513438223340614851522949526380851619873.09268837928002963181146653276542093222931310368802587663132197202545705021799326
0
2095624103324524900848534923692432757797.40175143552139198193912796646856209659403958880448426499395162079971783981511552
0
1737318029253490555361258879028548721851.40813787399817053612001254847899545231155039736053006113354217185380885015088300
0
1432168538092929147890176796847771845404.21730338204470354595259332746145179994693570546003571566113600817505219608575276
0
1174046797044304338308428961575437421774.56294799068631299754726626641785094609262607033587212018178005187458041366072877
0
957150695118114720347791383663389350793.498993395873507107802565928348254941069405333401605436768855360892175272139206366
0
776078346382507413978022316912099804581.822307112755601731255137758813692547094360157766566835557350779384260651229257802
0
625874724572919494580830640184055051442.353479906756809613284397752529244651554748971319804856383590408054128430260880355
0
502055459017754462884323423305101603405.843454349616814798018109331695554832527466335101309593797254567721197125264382171
0
400611876256067319404184230925603237160.206790610254036838005220876659835958794382066231815942762845339042797163939539907
0
318001225232460331849974378289711720915.692702348636161800906952658889143532942412726854709420065234793434440043727221441
0
251125730271598034757679728112575240373.233341459562947000322449124976023007253472551333113052436457365439213918264090204
0
197303724588119981973830728673536354728.527214022859284533810165130174390240968662125410904794379598311170894989458490303
0
154235670980360162631660571448410280934.800020358716759942386589291041220956028093230497567091723375781979717437655270345
0
119967411261772856701037435869356042152.505582274816246407303583181124724850159899571810407407995989579341677063238732284
0
92852529815614166806286921678939546496.0348142396297599021313893604018369155891488839008157688289872474436471515815093216
0
71515289836939992963013694774973638021.4165495391593646314319342515232786359082263234213549680943159008016426082346003584
0
54815216970632530336455304213290635518.9142674488260241430953960300366866254180465693439688499303557091216813252750964459
0
41814071936716138346451213010755653830.6428579462560536556665573998948477683558777163894106011120958288035495384070711717
0
31745674358288206429490178722329594671.1478736925891951146969914807600348228907439582273188717194897508977234582046634485
0
23988813704099432306543175809633578971.5355078395228725857855137849293069744412394944155400828303506245808637837650784463
0
18043306717483663089314696311542953213.9779314623606603931305969533958918278225340567510728417695678545170273759598458560
0
13509128890089699785429685345093021659.8124958293483608729638966435707005985752997037784936870207085667493633857034940138
0
10068454458776608824228816499617762201.8049335142189121399763978111299668996470606613634089138846292769511173962078303293
0
7470378716372997202359969193652227626.96039058366991715898809846035003599901875727441363208700575484794769940120833449816
0
5518061902636822084916559173991812934.59649790778716078348459176243901234366286093738995109121173970811750907378959243192
0
4058019782480732095025442460447044855.33267503486963891065929793942395393023688381729697710581176853448918518190082538718
0
2971287056998914736526699436925425582.35290826672835929480487962212311335996173223042277700922628351321869299148117080354
0
2166191555320758817065740136077922922.56108223056762287243440227415711854715184347176447284332965908774737272799527143420
0
1572496049718359134145121931155141025.45123613505071001143258561388956900534537414495079623616254133374014021394453095717
0
1136687586230077869056412627924319482.32113990807387296173262518427112309263354581328689768317277983972938450922121744341
0
818219165656521142974133470925951216.127395612103172016859685205521018076183193831924671032689085240448834976927459642114
0
586533773608109977529831572761831397.374817282881941518196418452763933305396190870808823406091645291055124403710247338575
0
418724971180919046682681024868816442.516243018951017027189645771202707246082565011510539328087305074219305309458872768034
0
297710754803338575109254072804148481.716234155092827706338145462589962185332382695865730899700318726572702728954282890962
0
210817730208492794010861604118601205.970071564004999086052831849723075235940730366217556358093248349832427682708125165006
0
148690619467781401631889960324570720.858078119620110192336898762923962441679727395033172918493299578016234363551826010859
0
104457705781630354148999202109714519.424349077478903429698930148811823293573212471877314190334602596178076672120080880933
0
73096113432680208523815895564812757.7991007118637626099126458278933583616096591412182806445224020992713484755667150240676
0
50951992069818525829697624063819397.4712899199689068720955499731534154891545934779276280628406323375290884238473051956443
0
35379940455041928834393923232100605.1249686039095977351400686829062230813565553468611940366018160756244158329703091555347
0
24473598061818170685961746858854693.4760252891193607519148439888323442325399355830010867319481339830036667627795171465816
0
16865486767262057622830385801387948.5505917379295127722029560803448588476580537164248207645064871509161132533933783787605
0
11579121044472701108839835512872938.9394112607757206501554057053302580516997481559196826757837624440080015746035054940878
0
7920326474036838273592859719826937.15706904023019269418780547214202598189995333033358174624762763527208016681381878927016
0
5397793493678737823192023351320021.58863243584293867973408394965641330466584992984588338655575739516379586594221885757508
0
3665302793793618242033651864894931.06663063124960923041312832165052757529124555693960825039195812905329879429948748844229
0
2479924067380669323624130435946375.93263046523343381579329657707146237899900222786630260667198763579420999963516758936887
0
1671922618121278541090761170872751.05181418091680655100165557116424799314545225851911297789535785589271568630573515612355