0.318806966657580056497010515020295433403793477354831797623937253841061186936026893060532448872129809854190654010840771233
0
45.9036169793007252458505226218608998424510595560585465497576663865850047438220004605260701282941206478971189134162638161
0
3267.73154467297095903441433562005788251855913133820055356463251035919969191743415342007931576766738354652417881448211327
0
153499.459779147147395270958222397230385461730628535402485719716110093569493381149817106805643857164878356739835284326212
0
5357361.74102665243050115306305867387036523765033673956670184292728456198482374852942710144537608932027339749620876480084
0
148294074.143531623199422068879906121515489321213865500830010738507466789082169193528914971911030160103281795483918329495
0
3393352910.95453066042415295483754571350352543751193553553842675882595737249179998243188265645584857150675036355688940400
0
66060730358.1499652794498668472307322118975629901677411920999314690484815699526021250245469676223152547666885071141374418
0
1117474308984.04140691738494671603249337958379863062312735498311133345591384795763559943777732967129119200902634939737234
0
16693415552821.6909205553245068403134528406074655956081719520721932123578715367005517449417243376795834069161010675180550
0
223068122950283.970825204371149729520328838232459200804237880446134355516793329838143139321423637645395571422736191222841
0
2694263753204203.04395871580939011357932487931318789601603002838616380058733618288369918630689595229211678121503657016657
0
29669131175225931.6813177369443822235202267475988082925248363178791271579292311468208410445284160395240853523334657217293
0
300050586868988431.403065472661819062664970492023750100440686033911712575560169467762167875853246797559408929861738951116
0
2804225324270802268.48458576152924093863607550770508502383336538056935796879781965573494349850784666374766644491514556190
0
24350014996974300015.4456844691471405405494193345583691736482213914477615781973328119246398650350497937794244967709975773
0
197377593048089338111.318989810368685144483542624470503767077427362566656407114575627129733502737107161426941611608507415
0
1499724475644182617074.99869803445823726115896729448665564258545821856454858648813161943779909189471366309190205989564435
0
10721169749310464023447.4221327407107109489141979748235654534741775535787516734828732682287807280515133983488123317271208
0
72347488620179810856705.0378604507633149242638154824513944666899713283752106315567339122219243002226545047108153601404106
0
462217047903705120410828.333560542981071566547199171579693534712947804053902322463957791679743421805454309872782588091950
0
2803354389435671168368650.92715349486393775777690345561202204792147130339746180192869184381880492960617723256224877853133
0
16180146795109633470831232.6224217253058049530072450417955043344578354392203100428819614149692714315099450805172918965248
0
89069819112584901669105189.6643986988281968208899014403271716370000408482329503224456547255620030540322498827387908344286
0
468612078930412091964843673.828055635260549517236075845048420087238189501118842048649086386670805244567934169073661619109
0
2360760080803841462016723247.66812024668322531047841964424865612874353615905281063031124003194158189621158724604031430600
0
11407856237896096277355205588.2204201493685790620192585147244219566134007422906110137688412303910116338998555874964831764
0
52963050125520192497088682711.8353518972822278703414306265096112361859798948593941446244327807846458170665862118813235848
0
236598603791168334937709887315.776843623968691313675254894820752983639017986658675075988756522263615090061843300568717229
0
1018428914160113918481172948801.41536670083105772047157981891962501240715599633991173792983601243191570240340169465297323
0
4229585264494186132175892436992.25838829106800036562289334270678773103758432861198759461412684193604766396150466907119087
0
16968616447661236997990202006966.6696141604126598919743062124995513801392348397982089912499380502750067805640717606284668
0
65838055346463644068220685684715.7347073053628417818703869601485333958202235593309820641874601178722552821219099866709353
0
247320441378163082210633745340833.064024739126775209427555065648829579239850211151532117398361569738470951198561624438367
0
900406982369474067296332843277720.363824634080693605201576372711090014608003498383782857231271598341509943749285295432738
0
3180035842093974094173396776286318.93534371280201303264537249671574640357361670305951323063842712119998617094162517213248
0
10905238619979437919310455979733854.2152472548951505408405167121067368696719789004115049360339254491735172879029127442668
0
36343187655561986864754012926571660.5008453549082371491353526332543205639346509333177371332103581115705896500011554297745
0
117801516736713136320947385631255050.894948436558616391101922851191286818025780046604817071119685122906707614098370735313
0
371668901157894440513306920487973404.084569137825426390380457868814140608747054633654119244529819548063624685712982207708
0
1142246761427722386712440338870929815.38549174251205320878216876739820000206473642889025397157025759765559266704468496250
0
3421901835100553817168935282006332559.36667810174651022025661203500657511187385676072620561837160560589002337372729312466
0
9999316224343514227054134149921402244.76061771582472511153988036359197695416024338444200664611270455790486431187802443899
0
28519778417527530336962255047902267886.6807102389815970886951779238457418339655085773550580982258771854858479359455556363
0
79443910029343195551291431073967509871.3033424390011385167134968214508136584714637832360294249173700097877709165926303331
0
216255733319821265492029934007687196947.539440553069147182434216210404622814918569668073715207375238648849194455532016468
0
575586085898741107831737425760454602176.787529194479788907438848369730392550310090196876269783794359999323958509921193314
0
1498723405936520679296461018965394007088.13938513537523568668859712142438551958770696046038101794831320156469434179897689
0
3819659057806593914774444594381170390782.92751316961414456705254928269273555797196565126388399855813151591848472683086574
0
9533096770422990642915538899834160806146.46700901344069268598036909095611366813946118533312559485291041444037214127241277
0
23310717152606633886011979728493313649177.4345065143038204336265496353611453344870539261484467740210685177669164346139774
0
55871133058495747292567838699326755967811.5011126039464475738063709791399203657564215772603155054936535896565589557389898
0
131316713359915037650604116878547552160914.481044666667876380380264321941053332564614899920964616160028864142415470023724
0
302786557134325998808917849295630751310158.101530741271482667133298362000139547737664556693308843654195542882116012309351
0
685194560243277348008781986066266433608397.084899922474774701865873756270940944211050204081726595895167407860517922367585
0
1522377224349538295949131527845979268317607.48655367452297026925583175233387520578490718410890536862383848110645370913767
0
3322201830052242789970820575312050189428390.21838982620967426518532339982270901886538013865358289817185301189366777776792
0
7123340678282833328821415346826939831079485.67855359337927041919933457230048978816272386200514330696007938572841665300515
0
15012346220338278106543938099969241037673660.3398064311836734653477919730370779738219608555664819091189479738100082483362
0
31107751661021321240526159089778401296317769.6263357065444154149418877442925117903870481317002770593636381906461066671412
0
63399672687627367462932680964630843434536059.9653041300274505013687268852906451319938381105061384418310470068553985570799
0
127128298977018339066946934981585102168677804.181643485594776007541747365114012253971706799299772505684783976235832743037
0
250881323510837624665167321760172012433364632.353458409906431713012042357571524233998463940339552476048427974894924610032
0
487410768969223250888328887876017285106549734.048771335023622501009671502767603511832115434790678218711467611865654422066
0
932499009847602286613017872107303263391476947.048462488040194440729477593092116394445517091659930309360876240569449402520
0
1757316683696407714939370732487467011290120298.41890544814366171882032048660608371290020757711364709004920327588045315795
0
3263009348597417661657097457611921103736091244.31092155009769570920345302760583181788326546205455676506258440342627136704
0
5971287112800751203474946828247094306459543667.90439028000483945150342578688267307345339384454989100876533083884337016355
0
10772345762676237211837191346092000892645302584.2178146724253978254339318153501563757275427197817266873951663650551161135
0
19162555696728305239173276721782191985684914777.6722619994763300866563534793500722329416921477936605129285070873468039437
0
33620364463233362300971423978657429429210284959.3301591092189497975674087348469584545798338299789305812069075960867255109
0
58191467351302452095343187273999529987345040275.4044776512355849625112220620198604005095199072792623823331154810331221399
0
99385567974346543167411665550813060198390054307.9198673182462546019537742058017889776531050539196280149671974998888600321
0
167529369758113919977211040076218288463645061341.935099307761063852287737144552682369176066179561052841015647165754261931
0
278776442061177023157074019392487880497146343742.082999930013342828322226727452490457110807817109080246464535765311263752
0
458046981525210673201364980500642497088035960178.713309708517887880560046452394214098979122503342544583548420456348233174
0
743261692895701527899741012559326679609168837569.209272520210023555464659735115204584938979405727734308465644637696128213
0
1191345829115861727700453213972510828941425120461.07916411417519611647617049003338205221209596540625895725119657041961237
0
1886612398494320737108594767764276188188539027086.35359970324407311138589238271145760617100912809015425716677703132657671
0
2952286242451135308229756186932207483897379450916.33892304909616224271287807939584015793727395379709398382833151213207799
0
4566098882868880077169368770227860853247521997250.86494601891507195544443822453595759796136084037561375522962367136718799
0
6981059803178455073084288700110673176180306738176.57423485384404952855779171781827654845350112367373933661584034854387935
0
10552680659849109038449391507471008981467993964667.9071162149233739923065595885520389816498706103539336302959594500070539
0
15774077034561894677377893421581783997818858553916.5064363687079156263705853832364498336347572752357229748641325249079246
0
23320474267342840482027292225846151056236135183697.0637441394230335102642022360930452195135389834161762083543282954673225
0
34104670622887386390986435377113968872320080344864.7434120013079400034837485813967183378748888768988536150538031519028633
0
49344928733633260375945723984082131171715097134766.1879678717073855299257490311090297757269632907547339984811919558846160
0
70646538028849674794336586001743505134047752573494.3361016564162280780424448651655428092650360487671679692866011531699675
0
100097879342158553552284176653904479251709388931814.767063487420555663141342879752777614375021463884685485859070820619431
0
140381193951559100028189266283491953897949843346034.472238833811267557109587287513215571681449526023929030291330342682772
0
194897386629869060351893816566156057943555963177696.591551976843037579295645660936816163191201422673618249705097037957122
0
267903062682436135252952224238841149938093399681456.298224459984961541356492172421000478486425685954688607225512627218411
0
364656617978390605494941154680517388103736996908892.453990133849195991894589747329037385971286461215110955618500535567466
0
491568598304468392969914860174805684908274017530440.402791337240296514348727850421627841651096710139708792121408187264893
0
656349778186364617086656621362355295855929961444107.473381686141878334420008827280808451673878576943612179628622218280743
0
868148569095460979546346380357327631646077715543906.573576572707039322723170088959980073960754229471100831912544217983555
0
1137667573671899769728802332170325409504074410393122.66945010254307391569014761709717787478434904334882957798775285696231
0
1477247505862105532688359176845290828484959110391494.17839613233686348160262331407929601435828851937022752045362983396145
0
1900905468431277704619458586035628409281748542140112.21052477757383917022376523345081316060422531467315612739903778693146
0
2424313902761902189116526416231641093794709063821339.16896606803709660641688324878481462053274534571084972266362657096903
0
3064706582822304363008098951782089460932746221294771.64635385439365584083733442764657916097441280337301835331790961070644
0
3840698978709235265357983807999669295715169993233301.81449357876159385706272856093557158718735368348227205948619845575700
0
4772012291310944751613390904345422382830484948125203.68350966174988750660976240338755415768658878185556271580254026971568
0
5879093529065963274377442866355787504974558990870200.60676601717206824290267105064049652371803756362179853677556401056497
0
7182628159039004745811903109290812217043812148034716.57279135813730431873377435988571079562050137081664270449722523961596
0
8702947031016972795845704804597965701496088827900971.08428438698851174337529065255515382252715124817768245472855592243035
0
10459335266033115570886107005067534858930265292205141.5936129445200046591612830300222170762901255321840862240008490696254
0
12469257348177223819035274872156642665752934936166898.4747649592202932571065127338311718289336927410695623999080692826238
0
14747519405123252645347113499096638330476496203762698.1038995310017062941382570772080709249770518268761507966195811431405
0
17305396185779589058044133802888025788787803383173428.0919169831887641662651828327812123210146147304890851945320565271258
0
20149756078269493680903930085227570510260632871422357.2117623563237198778552425023478483615781714370578573160412089268034
0
23282222183721642111659582458871548645767924098896498.7030860970689260873444389792785664855863183548066036819046619526552
0
26698410523568136300912830968232176755477344643459228.7586854554365586829176240888352881232798652101473934291998789754106
0
30387287527756593946743491394288228081359224024265073.0054737318050471924971287681990722037624911165590418820903575185731
0
34330687747583109187307864623918895717813827849237732.7544169949494076953747667762238006826411189275626667421004691142504
0
38503029111624749158649599255565271992646101218822504.1684952638617987898380354832785949659187341197448122312634573939546
0
42871257003879943335725824783054308880100936387282127.9129942944037177143098716668340132572599624957630326193912812449091
0
47395040164162101237304755564309908232331634821976048.2753591621246521379148268087093271013954861041342872238041647907126
0
52027231232182934729161084559350222870116142901685864.4430872636586577414180506805117947473134828673632861435547320673650
0
56714593169533134664018522556847404051913363531925142.7666083487127738643804390194042094327145902567559499069447357904415
0
61398780411769003145360939104697095664187531473941480.1278039421387196160015461375842746986779209566851063718146093818804
0
66017551123872980886403533727826810276662797357999760.3814940330979379253506282715215064704718811451018704153556439032372
0
70506175091180283987111396657759029273649430907280421.5215461820580930832857086106904610182977852221377716261168870261212
0
74798991294540959570440700903961109542321315687729693.6956132469811880463423848131457186074372283646868834209062618584596
0
78831060746829231509447787605033221579697025201900914.2803207027699821797400953674063999203404702859593193306482636872618
0
82539854247949301821666643688150585104463624574100261.9531634866268747711979946045170177466539918875076801221078052069139
0
85866911734074761435492950893028205354016847397374343.0551711249310258371676417973497618126240926588809233160214427115989
0
88759410059664126909962130675137140035115145296061957.1090262795419549026249153626935384706218452118801081913924427837566
0
91171579367894681749675150884155093965319492055659585.8114556640645945170069873254938675544097725929299251338161728289976
0
93065914491285849132262187044839385355313057762156785.6109414372246192986907518519168202960334705509191236818659092507176
0
94414136713484484922902793923340537026529984644077005.7539247179689734998443431769801170102702466947825257066764635082625
0
95197872196388521537197482396329551549858625231607382.2155869922024166034471205655964496377368353583699704411992850062800
0
95409025799800535629031132359414800009437135939128800.0509901699631017388010541483725497103797955598395530305923833304066
0
95049842189406641727847116504589114262862018474720988.9061435839886325893159591824666179499567446907361074194011175955705
0
94132659317248035717145555260695361159948466019344225.8534512053436233029080346866281062534634411046471270352114418572814
0
92679371867484773906012310900529165267530698001187696.6858079065195590084007914854697025363302143631247829466624534653135
0
90720633459721260532883480086202064335725477592577037.7219859761065322785355457141475714495974443522107963390263015878232
0
88294835769693803597742073868087419329458387628148657.2475362424041623755161680575316770488985669211296036984106636030578
0
85446909873634583746450772719405260157258134000704525.0602378300425094948087116215466093961212254888605487109168622499751
0
82226999808908630381399472059756741540967940977959780.3363455661461206941387403372497536457322030244381455503933708430009
0
78689060485080761157437577251925049505138155419916400.2829976826934725740928272588121956781888067657181481111956537848913
0
74889431740709389826833287669359657595596825630440149.7660392886378135587827050900669181768459736556565510700576985079639
0
70885437719558021958992930046032571674261943085832566.8574742917310551141582317810251011954490279777783968010785389449998
0
66734056143634631063526909834701881111026738866496344.6041075367321003408338032819126024538922593023529401196049627629961
0
62490695879779710139496309890521674039814237824412062.2033840119771438213700220854742612943482520417227888321593923954682
0
58208113872956335926883084285211519291643604132244322.7903817429870103301889792267651507824283079457449463083730332173691
0
53935494514539940770499722468039226208769069857995830.1320723177032104417604372593437053851013364091815053204654093176204
0
49717706280136104263384201942462510025271184426464090.5850244996165088116791570633720444298879903667424018428147296425161
0
45594742426403314558191935523844808316025330064547567.4083354504931903122650308663866932465241490336375378740265120559802
0
41601345042460360242074480206214918718671221083287649.3952096272478822518379851060848785513364322492591032714563680376510
0
37766805101369500168222608231879437888359875821694753.4229711795346617161652653744850374783637877603193405136078070504573
0
34114925565327222068151918534900184739301812403096983.3706127810634329264194579059845631108387223813465032007650631598357
0
30664130198216415091948272763721009079778472030170987.1990301702441791704869813325876675565342521028218928361979568061984
0
27427697586735099525380371052201696366411961124627314.1480209367068037736371458869544758143390964106464073845605849006253
0
24414097951257096222138868492307515356525645731818577.9239538630390248150704316015721776652377585817854878540607296714641
0
21627409564408631575946790525654283490938176773167164.7662559964641702011021749547816027757553849175739441195396014201418
0
19067791865877953638016702571437336516011843187104060.7247340496035869024155618163409274186289769582193183362021189310949
0
16731993508981572940763597879937417899152975240234828.8547061498391125920724930708895514829792880236271675164785639287078
0
14613875420334650289778566239897075020519069026170034.3846387330737993075721528973589368096270711766579854462672564777963
0
12704931313262310543174914219703339285395868969840151.2696253925999007885350335305543377334073408353724118961224628033700
0
10994790786464745001853211050197371686753854090243414.4826147558203084449067382108176168969378669638835088894246986155399
0
9471692992666384747929546093526948118227066379463117.79792646550290099214742924425067864970271356724914519156149994789587
0
8122921727837275064117521424609495474039169855449864.97134365724035842013668283583207072057677630796407644950885762375926
0
6935195544534378808133662705608117861859431074962433.93610848412090329222861647317931669766900232055187243657045515814007
0
5895009034034352671046189550935904897496297771129515.55544661885544173211119934562007674862664239583326584283704184856425
0
4988923679379922012109842969374439725213217225118309.32996211402266901079870222283533309256366643667216021269951014687347
0
4203808609383429796832336135480915392573562495784348.90303342360051897657057959665684797115744816435396944115427857770178
0
3527033159780985655476940708618458840940769814264521.45427515664067390882592535298177799778594593252057097858583003676975
0
2946614370240972911770548590113020670687590901629647.42868444900458002208905419106919509117038965539545908069620620876421
0
2451323429559947876329613762722578653757109266426135.32144570116159979114657142601362955156323928125866141230689587057115
0
2030755653577310913675596389461978574508182896218633.52361161177663598544133015343160101349698239754987233792668048623134
0
1675368877397847552398785134097333242982045322978477.42164076012600854677403719411428928290472342318064663343043611472594
0
1376495207000040101000833990915943218282650544307984.79528445219181898276541186879021659152211208037741141258414126218934
0
1126330948962606581907658194318699688347554624455614.21652839974692499459009947478637556172841765894742854738235585201323
0
917909264170581761061401401342206967662492486008481.743406659896154003930702569674308711221006993768495463819103849766817
0
745059712825244179118866052783242477700679179191675.849414889673202838964733383915679220716959362889641137499289138242925