0.342721625144686637277441892068911589706759585411653982652257085586518966200203205779334816742565233584499847456611815480
0
34.1196065139600767777864698688759031487455022403279685285611084933356653661231875610310273361835927486934563096440688927
0
1674.35262321533686522874839498310561928857545345180321894058143278577860460176098157576423669766894663345401538458675580
0
54086.6809180818072712743047792728761711869582831588695723926898232057292188713704622675313134539519282611158789396449700
0
1295526.26732386534738418526111273509473646854503342206336669551360095662229070418277162473454491947852231470947821631240
0
24570484.3009469902591474083495533653673594392545011752860138177732004207530853979479991255860119229081612435674518117887
0
384702149.184215489851484607988331455583938796540733747920558779009508071154583224934958792224481213042057098686904646834
0
5118750837.95299882401737975047551262890153905448452431251587502834368995564718688266180139168816821217463796312416245900
0
59128320717.3884378053400981522960291222392446180692582009302014564663742315165896657942220102513339450633888970198652547
0
602744942520.014334530423922794935766499272751824952557639917843076182611774434593534611813614122656622685182937866915789
0
5493129805208.32050695797644956240443316118506428983417885877990022074906112456229249820183432025394723772293306127506279
0
45231639792547.4154520443777616277722057693730287944283796860344126177557339388391693033470315939762823804301455782587636
0
339475259527905.658322927225014800089399075156782013887435145570275832608644895126496591791525518803574362301232305436490
0
2339534338057296.18823184665417429652529917459969402439902203380472965914602946178839802365200695889386996498434765709415
0
14898904256711581.4251694448009290724885129876035107089107473698615507025470563404136911478024024008655761302901451767699
0
88158019755573599.1744886282949924947015917762134496910509830945100345355420649272097868634959224776423350704672158362188
0
487003755993249975.144015865753317565007047414338304032658862000253758087971595755899507774078596852602566495050692433354
0
2522325512500718873.03205655659570560286200289304896131452482807411009741278417624613988804497983308475390348940974212458
0
12294191595947392112.7263118692652611482115561564954301984204876730616522105252710975166735917953410355867303879926766324
0
56583441850187304584.4291651771516855385627202205926043348796469133359683824803186158646452795898040515587064804643391661
0
246651931095756144702.763725199930034669517642069903094859287482338154483418282499550134882189665582367067946676154286426
0
1021118828985252220501.30130171060941357960356432050385132617780999577062073276476734432819491519021923297210175842730915
0
4024835287860148963344.46376519927212790337828252975944130832731800711053539273422711463211510546933804368941003810253687
0
15138753607396774638589.1268005737546222378392710771209746254301698146672206323126795096623939811431455598554088545600145
0
54451614297517208909037.9981196332790165471966641031043530730268274486363137848679955696558756911459653959832276038855889
0
187649147986986803784871.016159189195050307149199236186189098880986346681341803979807553447511939006490586418411433439295
0
620684056456626064236629.475649376253114204109090918073095841595942699498778265807092053359021698917219348127305767925182
0
1973781722988640640913028.72174671233686851838064609078546255728405470700679536380325878237568853228937729409309419590221
0
6043632350124294258633897.45819298724184913282469359176171863404644770184306229770901921665038052583731530466782620851093
0
17843819505104785434892143.2869864705594015811117189406720668919742357867670445358746042660557596892672042724887677789252
0
50868404357419585354266677.2724874449185071942142540182709844688895823886963397655548344355161123760600385965512239696774
0
140191480807865386520547334.540009603861528162139355171272197681878871360951632988724070827761272561830661958316634076696
0
373953453568460896826689942.840801956174936005446634947181256996224558342336197850168650583323657357468096131422402828884
0
966528361454417115451792251.851423970104233752290043733976983621023353418012356977262476445669602859730970048940601110811
0
2423057194131489005890705713.24102964858545943622905114976878931378774595088242608443639251289323424106548168995628903620
0
5897801391017731610150355065.39167116406626323675137112194775759814609989453687255415203072933183845019601860138887710678
0
13950702058798166868684090821.2130942914593980916939959737726682559017823271646347509386597859787820305559308090279310616
0
32096815345477734233795417279.5947533691018253155519408944536964972293984870539247404451159686630039788712088962170818295
0
71886686614953911228181459779.4351256871634055559481039489050628225295094156567796996059160290022472623317715962821743872
0
156854861745140845565429380438.520381502342211330712549657069768369610628114292058241169779986624744653713016328761854412
0
333684375145296444711340745825.254504895789156162302935801318294900162633352340513449483845360361455711302614741272514569
0
692582873489568372880393607991.894613792204591468987787288296474371763547350327332319220938173516503825679683514184427781
0
1403461774382757366480913885613.61476718627991031638922690481511582850304945488440277474552066261820578661171044640614528
0
2778457290494572986322445533527.61020812661578050649053487160895433255885278672981222961656359648591207631240087054806066
0
5377120450497351701694733728792.66959305157579962652698715484300172869587271055098995654737563224604348615509642794170687
0
10178772822902455590171750733118.5447120897086107705806098419301164774605218739747010659971439125811389635373637425875670
0
18857593925218957105029040687953.5041051901951995047928804362702368628835032237436201073273140300911455978066170276656303
0
34210347998455296970202172888771.5240873839402010590182193590425786182188629761508056676662356362228278004890926182812446
0
60804317993733956764196936786775.0239313116915589375928330507965903339100005981649010768602896575111227014413470345577744
0
105933477576426099817418755746905.236238568857006648157798454310480384323813013018604924291868268816975304262244432358772
0
180992849635922812296845087823322.183734307876793833949426930579882968258230891017566399633700767126521711106567668625788
0
303401923852884152005030236885519.041168350741576659838987456792962543109239578763914511336182753351734239591259755053404
0
499224182753427790513926856554516.327758383282183656003413426929262415538927216954690078848880775893823906975321534941701
0
806636093595152834018361391248374.963462051590868684428210497196185435290884882997629733103595630706665067694388414108977
0
1280389040008604974439628368820210.62483477982352647239008026454615125258065176017395105647885260976412078355001859731405
0
1997374549761440950018512724891825.32980615198608260619299394450932743469623415459956567734101165717686643022866563293259
0
3063339905939601121405871630802178.31709780866299579616668491372698781675923309083152264277805306986945027686501173866185
0
4620702227033338377880931865922461.58575438345797224875371162065851568246586644255657472844147140207521577731340284391589
0
6857271620269339577614278701449013.32591119492636065925117679855009702225339966958095853647622882973172099968813280792081
0
10015519758915933548680643121098116.9819696027748099464681614903686817388662983281891302790885539786226269553769871654457
0
14401826852524462493289593646697512.2299611423633174645867061287723789688756863868813303563345902600347387095374245269177
0
20394922079217905788357908124319366.7331639760981459916233949945967125192502267233877945814968919581394586989396677519240
0
28452521938072654774969875718335477.9219505774759198718885181011674201033302930615602403045001615828320931871786314944606
0
39114995795673184333704298310085317.9628766596427184259401211111686934500040118542657863765865377486830697220006614003161
0
53004780467725381117233225538791288.0660866640003201937124585700293829766475841531230325068691799063846247932270223223670
0
70820259075574054193456650577333967.4358103941719657959728842621021961167450370908940938568443203106904523012828469303018
0
93322943009042467660128063176111005.6221739421713158911051678369230736895169101761385615757682007351319503708244473261947
0
121317070195735633238661056327599690.466450026427139718876291436734465799034499792734831447897806504321775979353528365958
0
155621164885201699853413982249055311.934261293216627804661991884983859585038384423997763985381087694679087755364749568511
0
197031682920535717152537011934526162.572706637644271489336833167204949386634602593394316588768756074434479644961188493605
0
246279561078816577137289668188439422.097184693492752989251529603163665979070771648814961418093808006223951164635848071804
0
303981248716475366011234949447377992.995649152183339750835808171365671147595299130981948880711032841406996577711691704114
0
370586556930203094184119933747969819.833998757707329149749834582080226262771468564205517270068608329620764885221787435333
0
446326335867818165490346169605195471.783214177301999692117878339483686902207242605829469057837937184423771296732957427393
0
531163502841704535513648485688679384.350376989140239501000952358970986760000968610864539575292467539361329875439401416010
0
624751217331449108985159415398965073.464315270522691389439094183337697613929698719064959586906019964203618268289264286660
0
726401975262524168994687631169331005.569968244289329311314149424404294653886550685795195148869429332376027635629012862404
0
835071041060614177071577679213727986.094882801873817571766963659352613223537790664505730770828623727552369992991848042119
0
949356950792233700925414163299631731.452931042824380405319800466850564414918195581668314317718378403751245891009502385506
0
1067520836973367378806047955036305614.17908624847686213739624128203998937195360675056391335398652007324891232110659300564
0
1187525112783723750359294425016360607.20069733784678079725913671098895070151126679278919017037549811191621781416371425558
0
1307090706110249236003492805268171539.97458954917365605890893538461090325231328021246119424737854718558082586056338559675
0
1423770666772554189524683658409636245.98333539006969420220697775915405666544127912751480219568450254260008378045861751537
0
1535036705427120710052904493772281891.69659897828910509720494077262017945716719858193857141712954104322552446979348278680
0
1638374176224508354241983003447761561.35856102753812624171246508101384061248072473094214910289518612176327429514796475796
0
1731380285179913709041546445650623171.76905689957715608815232995401215157976611891886643589982824881754398516944077054138
0
1811859961363038782249213933104455417.14627169180121932815949134633214237087362823078942000679003296156277169369257836168
0
1877913901167730912335670622955140292.48022755312469175330542285878653182013661862141942461302956184193786781766120529929
0
1928013780509045983545104633008869169.87442287734032645998534254887861952104640119546061656176505835515287682165471390519
0
1961060481224863168648407170772451070.72203061423313009944742447117833335927206385074005029318695043009291278130953083327
0
1976422319078828051239570220363578601.18253828680584976043257461607081961309293153225559417100492798289111376916187892451
0
1973951590643201045124748607546656553.59921617363468417822594295854399450163103435880026679710633710096181086487811841685
0
1953979161215696929631382133869611827.25348788442874716495343682855017033108197812185733066623070724986914465338400778036
0
1917288180890809862751752457440416381.06907783540291104860148826179037151224843309431076376445733996841794334687687480056
0
1865069236023174598344890904400376008.72872302626784106504164430530989140780630425534944597253228870181655521171392672144
0
1798860232896992128488704607761897670.60733688895784753268929181924487354757221017341468388357860196333143971431870213980
0
1720475009600906603957780491288666842.61645244136315069699747817731492937323451254008445941797467144380483402319782874657
0
1631925050303886049484141501149855217.14490784784305230517956792634648099506572789721001395654120575500400227590216615845
0
1535338732155435137616803407655979143.24327927827765947623903144018954697901668662980888930934729826512064578826593849913
0
1432882294370232768773991893087689392.00020709176082570805761718414979056591571274920028254506961980075608322338071878379
0
1326686228761764458046660083009086674.66641531928396551165926253165849979453757601056693340946506282044633433788715285895
0
1218780113117210937306908196841563560.94320201549375787726915488646115986819504107195646493999310471692002664294536330840
0
1111038113185860218186651973787186418.38470155959382740930382073406191459025410483021252220662040263644377314814629288949
0
1005136536251954021837681887513374573.91024176278544029759312003425394411479728781512267055916409799902189921189626299941
0
902523994423768711949122646049998178.585767741176397325985828312456883073484231266128348518809021198859284046173214802052
0
804403983825173527036531628064649222.470809521743594626012951148442506631247916063812438750390932629565286758792186150521
0
711729048395404487360998797128813708.125626352677267597846593258616327483486134285882701368641526968257142411042839705190
0
625205200747963387317514722073872953.140003358765901085587405333744929825323324853641815459969080592539077916128834918127
0
545304929572672932334173487931700653.115618102386201730957536937499244777395616405344611424256479988336086799149301888146
0
472286932153146583938033206636522945.761029191772275962098499127102521502430841913857735099620218660815488143595564133518
0
406220659523385965158491677419238162.890452517448485704863112725253003856850706397603610546327927462220960089221582659882
0
347013830331898519278209759595145019.709794523277742572690928731689539722812528492624494877570706216211871653794769259731
0
294441232326750454378118245059645415.234430465409047263096774901744775023018767495452387660144504035203792923488747216163
0
248173360117474614647286315353253422.401909569831562553862388716120370541060267421400213869499059732281744910757102674061
0
207803707527489560737332547139207376.071069831248872714000065731433304695902833760599755759251925602002054608106355873589
0
172873817856480282477179065483106886.660772279971423102476093918049609086782109395377402141833601897189918020961715458248
0
142895474962556955721275410318401256.564331527824950396952676404960537690699356090940217163235834990933509167326918079790
0
117369676075346348679441489709517750.696469458051407006591075324389909012169079351596405638777579238305325432817434660926
0
95802252323691317048267653529729241.5048295208156608051037688414734080283978630328580790779286078233877152706138945097873
0
77716188399009479073192255914570073.8442326024573424695422023281697429358691412702179036998130199201201500766110031536457
0
62660835977433465806773886400897662.3511065026484309404743059678422911663698594254484840801789109996196137759516573343259
0
50218317262850794177564194967433028.9223236415595785761838832773567218906458348458252795294305609248807101451989124929005
0
40007478604194638882351330181750367.3954960256589841314625458615994405403418062427429476936872481640860313561332683287685
0
31685784610320259324195938835207268.4408432199769571256401360321929800311223039303613796801793148994283712654966411205533
0
24949546508159571009693909516168079.8129715387492666388395829259611090837596639857732907008992669270102268041414703098161
0
19532860935765985338002829643714025.1349771071839052913393844928348401918736495792224947640863139864469417976297950115286
0
15205602989799713535682031125648555.1130063729975670556818998630971983155049035383996036056833572961112634188937998054761
0
11770775637726436406406117436753911.9894846819227129208391637151222282371197859177781118119531787458935669329271286327191
0
9061471233768748279373615504954758.01651757516944157241996931080606897731822597381413008927301554612848143233384528065716
0
6937653605658793926847073442024378.98836492698760885856676796518002078916925581703339226388063421520368799687879001808345
0
5282923841055154934530652430986067.39066593978746472094987344614515578116867746598369028523620325558128583772073165355478
0
4001391464363116899198002866325376.01687527739479818578513129365871289061106856407383440247248634545303540905361579346981
0
3014736359718912188053605099254140.07794253168475634264081948428314092993682207857873779910670425247157950771615281318458
0
2259516134686620414468885221813488.42282576429068503122360369877066061566617002152245318651772979271798174920970785785910
0
1684748708908627484827538153855478.69645966985575212864795147052190012854294958846426726977050656863485917442179131511744
0
1249780470459618423272513745181177.19318855817195859045272022610673462445158126819169189607433498725713845532996362408078
0
922435849398264592315545001113178.812269046650518094801480836085175500469121753603527278155184262571316848496484503364822
0
677433956007863217443817887515942.023599189529906207918700142758159049264878188205678836761188545042397259046321300872191
0
495051308460601027209283957775353.079661925461180388157527290640699409178608177640584880885663266064142076819874884451445
0
360005924957391355965039475513500.144250254274844207863581073092428909637752165431037381055281929181952991588074959178802
0
260536520551796114666174347466693.282206959781276774379113183080019926699665690198366930062429017873594177854073792908966
0
187650644605006304516553382134675.911629994267400091348837981237011199924296913042437181732247780931505652865653671029083
0
134516823935608227151072626307283.541106468557838952929707762139042065189676647932048566272396679366404616264720238826732
0
95977732312158728635048041835563.7774158880826472439218619856653372303077988998387793830483138383813179849412562969281803
0
68163768656327152956746373563952.1853914535705013410053857900779592650558023470214268001905925514262435120966574770966631
0
48188952244295525299605001353147.4116982545131114290395861097968939387968671993233148989749861725074306625401053208898775
0
33913559142627766109907141517253.8591489254777944305489783571393695912650040373928199380494059383335710031410933506638671
0
23760312138424585833751643638418.2738069556260803042729176898558873740744230089867610968856511772266312124477737612664041
0
16573123427201923005770943800782.4809238172598037302446593906746123131472845570195165769075360297570674448786414788829339
0
11509336613058805985781234946969.1811984191872553078287404007933816675631445962758955537407718293158333501105789593236128
0
7958108722412831331271045563360.75844625134474363985902513892537480422922739270816747231055861385900234666903182758962619
0
5479018110639965963050226668641.06345066312801584553088908055727130565263170791863466197957475671716515603662910125663093
0
3756195977503917134933722497897.05578961245441209608306177735749108959220412457622742693966509824280776423021410013848378
0
2564280018538430861328806187602.72166461030881854251884014425026240630235875282247824520145306656663854586239048819664069
0
1743303996245336934960709627913.03188099833186105534115257290993268210176431314380582405450766106906643223737885925888570
0
1180292840159302740085500819481.79575492414678269161290705151841072074606513602308818871029830426263404937122246941956232
0
795854385548546975100666496723.797650020282347724221655167788460883099120658508803524624185911207323132326208315980405364
0
534469106604254906593695775966.248052484436905761145128797187445418357567078096182252411614504116629742607357204653258813
0
357498685461385837202098299509.200616788855513193775389694883343909279290358115794271186091165729227024904732410083457308
0
238180706991869293370007732027.784941101224909562014060969041807991790082489436155654673666001095591818679064483449503685
0
158065172053388233319756067546.745952186250444151830491624439025326994614198527628476186217735161882142475286009711511087
0
104491320261942688857848614660.931583152640799335201963357728812777674864353004924984705112884550168260581032138506551570
0
68810603249819980233053178037.5963136618690896894266276623089107726774621901342747675941879713284032615532956817433461964
0
45141719516351507518487778182.5505319262977215310007256859269523317836423360846944298508404736935416900943896475221715324
0
29502895837598555755386536297.2270763267123597449876946079832474988455659432023492757569326919483317174375487612982639083
0
19210161334429563294885764156.8230299840204383263139130090542603239998437610946891947262272429083835506982995556903732481
0
12462150054685862933095313982.1605265682265647617171966310835303225909078404418152015102106731259261659149507963568381671
0
8055010256001748227780048836.01655546209449714630102526954761118666193970964878844846074532285712233091953884754752068488
0
5187590917538257388067317585.03581440517330374813325358433837553776018913237372192235232382031789936360035302156314152209
0
3328947758625835312741533818.72065456247058313819671380319021909923625251232636326814478714427703044113754679293090113380
0
2128652646767463995029052661.50809167327928250604212816766872089335052376615759791139623983364297887142358212926562214107
0
1356356650460743725256321154.28069151463738867319583690027912628554466550817358450992464698027098911348367596518603799035
0
861249153520851437231580884.345434850787530786751585309471416378862766006147126783616095220472580532142910176616750151068
0
544984117449377410239504507.315375334049420749065936713173343197956896868409125118550645411691283379588841975969839191674
0
343679119829370257220571133.014053843496762165758102896145869375733025962961099768206409127786145947584282924974973806783
0
215998461203653157277800799.106298224314063335271905059863454950138810449776205970513003014135104725210649153926348014319