0.494413143301840997443115844779647459909599134220357147620585323207882072713180871944487424143870348698422694005716873052
0
4.90347946839496338462744745478471497877416346032626346784436446264778242961039208897802386919197853975960118740469391900
0
22.4011631616782815796272095357471370909433206916939255613789613944799090196029749644461811170502381235393047729184027658
0
64.2866117842342785477784098559011582328107578260513214929954267161364561235649243451619353745707445252656726020106936866
0
132.464120452659687068275771736291773202524754080903584547442624521576190606095480353090263120179114588685572826204891204
0
211.499355333559301421665966785298885917055566841883386038308042048424065288510191274460922033886114370577501317165902175
0
275.006373000717105496208814129597691182063172500541821136899548574819317817016041745289522429911837056765786404673591349
0
301.606183797956871461691436407999892961057013535856434869546479867957199963255481397556858558749610730470645454419006300
0
286.377913952448363664410272804577450708877115270416746116644687914649095111405036977588071217091580066079702387116781763
0
240.212637399621630882426858358415886777184035339394025453795868807085136667380723207092311543860149977315296909224011873
0
180.867990754450407955634603810497227945189492784553424879396796100414074691172716156286977132873765557185388857244503118
0
123.845291938518813594026286811516417323638574100775131679191733824620619762696375272899884820106096980830454765394063370
0
77.9487306818183367734884736905159484587599943494334493174625228672734769979589833917901506708305000852906216701390624823
0
45.5045005487097177497418000135132247729317224966515039390614245200423808881270380998607843406994413800873869739230661337
0
24.8270857313215381938483334469444926275159651472844002038461511820970778634666021882015910691292140425808525488282116626
0
12.7426294689304169667232016368017212064978570208099577429456156953628359082397689564656962901610784799533529808395570008
0
6.18735747304297046560378139380294698038002317594728256387318489446924922622864438586979033709296205478188994964332042693
0
2.85626754619321974168299995135230394597817385396799793951212570070606617076211833933152413927734159259546313105235319359
0
1.25896032355204395438358007331229397964746635309280880660858464686023679773956500417525899977185683126568446439885066460
0
0.531858656724443575673696105226446748869541909359236035796164615767299463558067536249236067203514944905833477109417217237
0
0.216080954772311483419621573932439982649573783806520338197579081011066412472097121561735343505569393991146688549627486021
0
0.0846796002813824457087608029220485179485057347850840875094708352347962635682444743034200796760351199331334985232700993513
0
0.0320961214333311509255449285111331102084658306957318077502418250010814660210276299084511286406261234081178164506798781699
0
0.0117947601802593074789034575408872172075221698892691740048873685462964920080712259129322755783364663593912456361304692265
0
0.00421150432698218220479296407121181863816272064874176293210216119837321671813052551803029423997944350887107910001257766531
0
0.00146405064997934310285814231092183387590632082830304598737313718877453821222887301777866130895198691467734459925450558604
0
0.000496393533031386329984573672281159856912562387692085556968288989780644143563042392510054588164244978787707732571394389902
0
0.000164421402566937417583266890092167431726738596877064135778120824461940538073563583310286915523167584891631649944600492647
0
5.32846868931476309263263987309822381672477427313009536892403189845278371693836131977169162100113676139671764441160632269e-5
0
1.69181677527988673413797781116669639721326219986384658499884574466086642871866359810235477520960673674463242998426570084e-5
0
5.26935385208903682990710851072355911767532319229196812249212516254711181874420336611179507414957431530207968074639684708e-6
0
1.61182252045779194818398108999861697858320751712844021968852094574548226968688704122809886803924974142248337669063790021e-6
0
4.84726145046786743607847938472779397785242101649235353401794729016405872114662746233874949508653083974019264251216549284e-7
0
1.43457530635105234648926178624914221916696079808141605195919522495310460317880894801960084554135160789099744225787480180e-7
0
4.18210015432644925212746259028580384105751627500202127417010822236613298334002032434068645325100751480094549492943002497e-8
0
1.20192500862610357556270297254391070204653271737045677735474658501966559877495753089002659154091833822465288292417785510e-8
0
3.40811103683249458499371392212771152490148378431378254228227423003377273103940763531520061964026424989097963965522641841e-9
0
9.54160226146128107704234046560790300674767392372757059723355615152987494906420170050710764048399956378492589408679240702e-10
0
2.63934531267117888265474066327477495680233773434399915168663665620093566567597146566208543289630110885454417923764478428e-10
0
7.21796515923546565362319117690340383681817356902688966767497545656135066302790015643768200794022288648426130932972265081e-11
0
1.95269867308454781452415457810200710853689046282644733577992078397556990521478049151085155887962172045772246659444775859e-11
0
5.22876561106457593694798453995214110858946619661735805987513179728394192166195151550633639156212770710344441756082321192e-12
0
1.38654179608851066762941797635545696537222324224377353441656733323661575396534508899738461117767486686625690543004302872e-12
0
3.64291402248440555554548783847549869504474665160996750332449269189269935970554312151357509142542022794238672660007833639e-13
0
9.48738269357426347820003598801144857613631446152272898154054736979712546875332378950333377190651529167350284584291919264e-14
0
2.45026406611017159966183031039740621825917951071341060522304429404359541309532304235503202266434287750112349888332387414e-14
0
6.27804936570579086609432631108249003664259611495213223246175266530246369747898930121891071363181332108410369852706678939e-15
0
1.59642341765097516358940881006968213763192169145598735100460221831881129399810723802748801698117921264312659407543817660e-15
0
4.03032126704863017865611998011282414355852438105088652992180472192753420546571937853955814006043184938773600293089495745e-16
0
1.01052564619325101600218903605873138247972657140366827641932318413598638560999291519070052247492051577481496837151906557e-16
0
2.51715995645090692969700359993836592845911030442259631888019742848053077805461895816027226640313167878969153204615214197e-17
0
6.23106351666671872489822369348459818640469992729246012751381824451070423861676479762240975196006139938791096214372584384e-18
0
1.53329749508462389844352567348626004948964256521881710660689835794333582026763546162091208524978340552181646841249302507e-18
0
3.75164670092108833463248151758426808059051687839695852963550924667804841313055333150261244480325845830355476253872466576e-19
0
9.12979222238651155587601125791728981704358606575336506351514691641851243239126101019561524342173134987284057552263749348e-20
0
2.21029236131147967240020239373638360150854722238911556023655232435668911488852209056855030627366305720489845419803132546e-20
0
5.32462990203549379917353080000249109316977020485185719051995111706928410159126829325795470667879236642950276288107657943e-21
0
1.27666204167521638961478295115874620819491677623710268302250948959283522386831901404994152639342490211954559164474373405e-21
0
3.04719656181873021167881769070991788496753137558450880744923054488083192528392695602407960863250547390923096193336117499e-22
0
7.24185338722641360714553848765742784196888102246816476425957502125908950043121016756661872678489395979307015127449065296e-23
0
1.71398202518689229440092947107026506449883493447996220034691318263806903767047048132988304564594653474791282160914362721e-23
0
4.04062621727671562383259511074679754193548005070859068967505204467937589076851644180192604077700334859433693368247452645e-24
0
9.48968655733967016396906544556546298524325856218741454984124523859073041792074088143918233905226103782334905095491477272e-25
0
2.22068644344858202347574308048061642562910757609079553105916901281025098537215636944076454554047454136388866279338341416e-25
0
5.17872576649621424953270885016270885110469375904816255704174081100914205788579596833904227080790630108736986696444379574e-26
0
1.20371562915214035715247496047922420962399141681387560184402438407447163647941880158540374681972259788835917426147963422e-26
0
2.78902419379564823255119105648806875044053650893089580243590571520392773884074262496504072857863974004159592928795624641e-27
0
6.44269210926130224917716765030452773792094753228248590629502764650477800450137045399076268146859431324168645219406287797e-28
0
1.48397261718615489687938254241701850320942185803542999351501579666061661669564589838802515134637792746417935946890490317e-28
0
3.40864707699275894215468045315560608069136580692437593153188781761402056265352973067622137510080447224483272008667888772e-29
0
7.80886136339776405933678086224870328304261946569049431644529575555315065114531640575600531266712857842253794645356674318e-30
0
1.78440148687902789165887683115098450717175607746768582356790910273764887776881884146742073259340011091267212746394403125e-30
0
4.06765575273721638383496700820459636138444214901922290484694723710430769365444922477697806246063422532826599192895226089e-31
0
9.25098814271022438399207671413708388348446051271253302829641598359830475011352762676109905479084573193702244093796547295e-32
0
2.09926879381759948957749643488922791530623441019646639883217568573948387986286983051648578644114571004538669837211899215e-32
0
4.75363514479712115393035902669254650429680391932099540082699064743179428000459566777671944213686457510441017019773500902e-33
0
1.07424089193956152993714935463376638734703308985165743947915223081520278952698284239253788892534182341943066951752022496e-33
0
2.42289225096964701638774325240515861171510810653597300148041838341795723175193373698443703083499253552823061936814700796e-34
0
5.45456486099790416918781221325003280684835493733963616625605580241635126380073868226765787481543979518391282211672546890e-35
0
1.22578765159154496666760193131790353956887051518012560802000194224861899943532544609504053935583538953254918019127060518e-35
0
2.75000593240084418867373501167051369381785935514868895325233996379953741277805058464759875014228855050072162619994013601e-36
0
6.15953714885178799810244894162444083884433967411714588193972053343152664981302661969381738519127185847812449229524574986e-37
0
1.37749527859313195248814809555927741725905395101550365317262599153124557213379518856950269133540804501843103872120469433e-37
0
3.07602650127375714080232838829701663632107799183137319392255632348608908382721164275825774660191569006391327662572267874e-38
0
6.85925750128171749311572662503078237009375161895658835078816205026453141041147276936266056664675859988299993568851790035e-39
0
1.52749319975879864429029552962782207700108946860079779108320761944071851360863775301580893736534982085267794032470639470e-39
0
3.39721959330303894700091591192634235718959128691885072762414911134846405264234608047631832602915516989527382075976531874e-40
0
7.54633563330206985378313074655127180875007462212250136244824356198694766921749931750815498311342946908707711075883311704e-41
0
1.67433294026005361994433622370256964136718567494141201933950879087865815006492077590160915987626589776169142852394438820e-41
0
3.71077703195769419732931107559830264287937799596223158200754126030668810378204000999362582779124324171974137358277567671e-42
0
8.21539558203604470567196319705377352030354014787147896514852863630345917420679245950988337072810200878625569897586529037e-43
0
1.81700067864017010885233988349360327348856678727348657517609384793164412760432183915383546500643740589663621810181418755e-43
0
4.01482195580180892333496923766054112734712922328157783933420788281679052096289084170756199557334958138111468012166142568e-44
0
8.86304419702020243740007661376290371214296341794659591097738442905826196820443927999897228629753489107841177289501587396e-45
0
1.95490229612608637700304600840079383160733530122865832721922840614425691829547555037814978992349698838995149778589804871e-45
0
4.30836115988828041537722139482606423886913734393360192545281256458309872843086032986806150715488073134036332678587129400e-46
0
9.48773965936130547741030758754572212145130507886379033741001419243527561918417371225322924279910183044416260665312718494e-47
0
2.08782977283890971511537078678280515715959789703934688669246194532642993688639310627522797755912014327886851702750284869e-47
0
4.59120323413279074216557456301325720964049010500067889670886442616004218310393391343635820306778746359007874060672408639e-48
0
1.00895985958360551922366828888416494685431652649955251025649938751500329269555660639837400453779992844908657251165280007e-48
0
2.21591685181749771459887187912757182085476809758002369769008414784080264197011587753514106756045990297685186009338525330e-49
0
4.86385861030175575126881336158759247859821092890725726027276362154353794151856606814489774427899156236280780666035344132e-50
0
1.06701742611043445557424057287569553500357622349628135422958957436177919064419248531430733676894591733336769572385671407e-50
0
2.33959045842307383470904296960329515840485097346060492340728599280813238848316435081340195801741533474417918581167651852e-51
0
5.12743436741373923819399357494648490716991339550114802277866151209132482311580201608961363222468776816264130617546033437e-52
0
1.12322310223275565025044397508481914479865028096550309828442760498102564444359942796186321636878654573992172236208171198e-52
0
2.45952278790696190994110197792058810930605978784891347866271322025357696230564903433725404952033607236745493800388679957e-53
0
5.38353327539435680457979654436778937520218605391270976667549831348879383824591927063659224309932739938066575765830270058e-54
0
1.17795332693048581372660329039786378277958004537553771527971675045997826570550071375428315864835096122414372872339614456e-54
0
2.57658749162361269235891651186593628483631740500285847385354253725104499950867958965056597553728658801873443105500939439e-55
0
5.63416350073543830780756392255510611867908612642605975634500666644667032354860926270975893544361296171492028742523802393e-56
0
1.23166606353317373628344922270412701638553695675507362538967039295021576250195582877610406613455517474968527675863922965e-56
0
2.69182213098751438378390985005865128198270805174443262501297250498566227302552448682042184080248934872243466676606750417e-57
0
5.88166286984008861795178379064160121901360927541280623870272441822981053119029739350995011230589956074376715562609164017e-58
0
1.28488563907697954061770480930592728124623116587218301475052546825881797845911669555197216280948768879501277980050774563e-58
0
2.80639807865323584140036935733009532217879265322405271240563686629751213985046838790984259739328944692584523256876194905e-59
0
6.12863965280666838857746165082835246386446682029196310774529587944854874919805866711834306914103676463980143674688752979e-60
0
1.33819121292455133570512189951608315385297684417282062866676017666573495242207009765479969104941270770905862176168666422e-60
0
2.92159832868366628942609603879254470096833139043519291761331910458233997391213281310853156130944925205751005844928955249e-61
0
6.37793046765923637599677053324029440252468180064823928421215643247034757520026293474723457648904503754132360553181485106e-62
0
1.39220893076127285994103598828970270738037347674346697397052642993274194783937497649518897788104216531983537026259704854e-62
0
3.03880320308225594153784638828675369129718593051932943862835667897458504490595047081998389164026738128186239123724323616e-63
0
6.63257503856870659616661365952044275021788219626984238029557007908643758674852189269308833438871330331303820143634303882e-64
0
1.44760766467863798503548588704195508327820974220554907842758095751229360078383668828715428597989143957068898274202617922e-64
0
3.15948366972890201926888408642380781664005913037588527803895249781102021012355039837409296109682030120584463439828146905e-65
0
6.89580707896152130946597992313678679690568034681782585044705332060400294978014114991847493679599189216906807794063263004e-66