0.996542897596623390811437770282803638831433331035390612944850798981950744845651536292831771663256445002349478919080329349
0
0.0137291155023405619739500524545704271427497365866926825567294866602443863826337137632745666911163437147358233997366506447
0
0.000174878537652406727469724324509556370167177501217390578254684265959652701632304134129988600244496830585966731611241087263
0
2.34275285867307789212934163739226507056071465462836755728316263442903296138862157786175177323815077524081302491804142786e-6
0
3.23798447666246143387400603349388848731953229993179875318208871255264637446983503611589118487922664502886593888419166852e-8
0
4.56723449386008331118511433433933759915387437568354453369704352470053116560637110254149076716393422930894461225109386348e-10
0
6.53412665572647689209343859048828125489821455146202815016818665275581905806009512091663285518627117577457975658492413730e-12
0
9.44594525808521037414949670564487041319217220366019384122348178312492304942195771992028644717666870365014056306473294751e-14
0
1.37646058483901690882537597231207046331254473072491926134708032932492255801415327723554007617958633684550497315912988981e-15
0
2.01842767930669072100509962822560944186378012453682820781250611617452988754779296606330758413662104042905516588591873721e-17
0
2.97489842035162697923303601015544212755433136953597888982759969325983356234961723409093359868309584765218960645369742489e-19
0
4.40306502609726507393166774830934451981938398676831411825016758254498464338461708852304403192563037417200283481282436448e-21
0
6.53987056375116743208963928893958234321556801034808346582331874700126266049723272613749639272640267731881280449414170335e-23
0
9.74286287696208229003581555102286163004573497473173343255804630427619262002361449957124936776190946404892970245172544593e-25
0
1.45521417827152061648522838395886748127654545772567151813542178086483894219437521709737674558664043372381759950469556622e-26
0
2.17843529315087196185242542603681089468467508264294354277879656336900470239441056660673820638667368857115573638574501751e-28
0
3.26753978196727230223873448484883722234465297149780434392283937091380289080865458529387192627462508775426516686961016308e-30
0
4.90972399131816689359873004526403070620219463219422383072696825966466039951943276516483502753202169694705924011726931352e-32
0
7.38874656842933877316162191074320707023693067298222782879622362828461580746732571090516001289135703470435397758752274034e-34
0
1.11350510185972790108569202908971282725340633941755862896715561410007009259544422868181410238420138309423082271489382178e-35
0
1.68020351203242890032528847579045797736633276914642131929757881094432729440420955181485984978332181572644538168633217196e-37
0
2.53821624133076814448231405296070816778083728754326182580334838780957743659521017468955687790904464955543495515830847297e-39
0
3.83838085922506109705956156035659416412619497510274180876549634492946898443737723908247794382863511040575492937429575232e-41
0
5.81007268863962193490412828232635059632495217791444676174647846712776030554322321301768102304968790208458405629803502870e-43
0
8.80228058161101367942511813180125937627928953168033945645613849839948009216235614094550292637128944943224705080894587341e-45
0
1.33462445882536221962597654190174534095912345201669309624417529740524214919660019085882084743223874092500337316013439640e-46
0
2.02510088954075254195910091195517567762535055914014002805306527930661254274659000713143698655706674902601698158920497670e-48
0
3.07492372196625223880005070997299956023859148514767301310034280104851129362004861800054586311737328596357110348893951552e-50
0
4.67198031487317851136474081452624790065024120533442115244227684715227453430997219634949032642082268768016101022056311706e-52
0
7.10276861936317590565815961209484784695180803822517256411850806465801223095480903646784748419255845358031266548649425381e-54
0
1.08043150026845071675062894791618643001023624672366894255378513685220971802985615812332736294693472220018473866930180378e-55
0
1.64434995074345153419147167203483681480429659313432457203022980948954953884382934700445061452183385822865618201844502880e-57
0
2.50382901940166289098567915978036073107067068013860159924648279526252462475602631950095587790257467278979627051419118816e-59
0
3.81430765837752657117959949694338446963177598071353951148028496294969780333690054581052379242832562989604778471963005677e-61
0
5.81320639177259832491855217284860159195139087989152400445815046878717362663288789577672281577871894000217403457890157911e-63
0
8.86327170269080897489971050079198461414878292213859192959593167078782364842904707964675653906945359835476634476245952911e-65
0
1.35188854127507541782504035892769642144718537934425258158468631132355236564353648963629408027858177635886855659830257540e-66
0
2.06275289929481090476898680787810092033164783794198042738049664616185178774867567380478943877113392868480237660217614946e-68
0
3.14850737830206507543572794321170548133752224431496012407862613833931317486859876147302578135741064790900772783051702277e-70
0
4.80734999175474933304645323093759543094142048182262635725533080470409608125137152055098667245931643015422295563281629965e-72
0
7.34248690959938229488304116314463760453652500726297370157785318554530355303486314829819389943673258248250196743925429544e-74
0
1.12178710904784123401080873208067445254060470561416800798820151002661249330072636328429552940438503474534199900230591163e-75
0
1.71435757594703789919212159929406299237783282626916903087241569084014046087374091340761028157673893518260255503271895506e-77
0
2.62065818440761240908404285781672310620906027631440134192596151302625559451213057788397766786601264373024670079559959805e-79
0
4.00711710676461278367469637848645003944996641746929198107739206633791413448958113653332335966552944858800795831117434920e-81
0
6.12860194095415913094689178557444131226795138211581784525007931897483040314202948741747249402928570926445743216097320942e-83
0
9.37548785036792279040295267038050188494660270875918760269270830802339802433994143290984174112065352227044876172704003175e-85
0
1.43458098053926225044888002126409357296942232715120266109397945827571548506708117994405151721886679974296232095921309242e-86
0
2.19558833683779681971155562213119601409015005945203688639382730347133025230646216542014106621721608345841884866107562169e-88
0
3.36099280517418855848217660698504265272644427491257740035097972463695566435508113011301776484596267609512168440792403647e-90
0
5.14601998020528288109672161420388388688218121629289174486365689535075706170223486324252410696426632941454211618791383762e-92
0
7.88059806421059517347144294167027293649766256435894617830201085665100846606487490507542247446509043963238457485004184605e-94
0
1.20705625900476919707435240770773620644031815988872790219264827904251238860680818690491394047146428853711973814379735713e-95
0
1.84915558166319658724828951339920340173024116038164499181719481314074171259677042515800114893264503888680659790450372034e-97
0
2.83331033591052363173667907780282801951858731340679108828369202617195025198179283925752109637073568606154772866258593491e-99
0
4.34197074922747172136797464675189482024041831229856828710224644824618712113007541594799910328349598844545435868907415179e-101
0
6.65501655580892671970539732062696266225673297734214919298332727430881370940097725086685102118349347375427889613591836656e-103
0
1.02018389884761264952616431257449525902364656474911834375341671154687922513231797966816710687961612471582922912681393343e-104
0
1.56412900844802700956583493326693840019438627996442667859363817484751226453702478088203213023522668363338678211562639342e-106
0
2.39844230542791065738798339466989675554428357085602208885568762935233687337103428955155930114825018478686897539525319024e-108
0
3.67829459042911782835791795010182903902385236650077013000663556139416050716645240219177845887053149672522531907968452396e-110
0
5.64185988796425318842811726462040949569278775936770638552252738684371776926239417031125151243043122962283592057178841733e-112
0
8.65475470470846268476153456416260515764316743699355391725101764593459699377916162686312808787144575310653599747866213812e-114
0
1.32782891437364115127090151266415809270712491203333582006304414826877656687630329190322818015031470980399679321288238168e-115
0
2.03742985552018710099174264317236406979139325785880364823851705038264949973024166633317495936139924499333756061813806156e-117
0
3.12661761332310965886442544731156769320147118472922803147406045600697432608945527983111357221532142737534773346207164254e-119
0
4.79862576309464882116314284610257469743265345277257704873549761309543172553322776565890883210300226537290231046947694139e-121
0
7.36558957967375427983542121013740735764085041861179565817417666202395170325313200401907788822915649705274311799343353553e-123
0
1.13069443451668775360253276541372797424474819907370026292151621377935577706896477045951874178814173288301339543153740477e-124
0
1.73591613635881777780687890635300229659522524114163564739830557938207836193750395426177283349684484202431078873618225739e-126
0
2.66536489390397482270202491928159189425464637449484498260634331860049773075616390023623423584734044555377214535884925998e-128
0
4.09286866228151715915872778938121070694845345853549396163176633140132846433314166322369771746190790750562076640692812026e-130
0
6.28551624163365823626419111915996557186656162459737620615737907296144372851372297963793214665359402006385749664672938159e-132
0
9.65372585323529063292167394386795720119258871260465515137389563629921642085020311088362471042930827991860265865817772087e-134
0
1.48282102738783311872194087396079803319502018454103950158525605841090850814376044561159089877345573750086291485662728404e-135
0
2.27782954348761593236754583210245622677469652369557259689832397566789614907955881067945602938897779050299698585240849171e-137
0
3.49938241113994813871622339715643398604892151237567342338250817382779225345145923618961208186187027098740536017105975967e-139
0
5.37648342596001138041290467611953074683779797082880179938241669516199211062428754218708522563395303746313683695789934231e-141
0
8.26115945430451627708513856966695517434974777846148506254013508671086937473538622052665698546106024806673454173435235547e-143
0
1.26945872171763914205597103630036047669525887885099537037333767480187246926276828667586416908804127054444716203909964655e-144
0
1.95087830967143371002913582667166520878722695509874017457657913134000571696377587073168373102605565083608449354609154596e-146
0
2.99829912741353077394990896539930919781479436564726482769702851803571214876781595977383474235825351913296850118834435692e-148
0
4.60842063893870625233487449263419798092237544592344195473388834677800459596817075215953462735888060293498173648130027647e-150
0
7.08371153693338395415079216975222440253884451127154748819751900817466484074417906080090485057217218579218859364264346518e-152
0
1.08893127999035350640690364088288297879495693670089480253684690618653548114129083484912015833530250181820808122207808475e-153
0
1.67405687074160483414085115539783109181184787747063668207243755311654075143219697346855706898200979669296230730727163365e-155
0
2.57376786010731047714260288479233381761914190949054278595584497092678240166278607703393899908909462648984424482957716812e-157
0
3.95728470719866307993210029110594869831760460355986125846178488454863609449725639454283443504941542004625452144320219757e-159
0
6.08489834560992639463570794759457977123043472792362974305050595810344321202347264522192874083922329312200276476837467940e-161
0
9.35700445376160329853971483803055308423118278924184258270707032559396509578030141348520667673681449848891948414165207321e-163
0
1.43895500965494191829712950684780592184496002529004914617309357996042476384304359538139264943003085698877612215787355432e-164
0
2.21301255223254589381621799582980933975518787276502616437281236760294437177831584055036038858917709255795073748912759958e-166
0
3.40366064059161673574445250315943455349836284721751984395890304129827391699640245462950026724746797147393159676707495192e-168
0
5.23520618600448824978070259821773207815325025245769622512425690731630142111580014777062792982237104250651698630253555484e-170
0
8.05278230810843857432681125396064696399033474359622464044583909562198544725010919969943793547750318813003418618111786352e-172
0
1.23874592970559011427197499923848570855618896865911109005835581689419659997185675340434004318143181944743214168716558940e-173
0
1.90564559474201890832456352374295555222296529362695942371715132212742340204627893768078363171337035524188658077065180075e-175
0
2.93173801451847737485310762446380960929780102168810487739741161499457555418311829003261834877470502633451528731295194282e-177
0
4.51056389949918374709483272251647260897122421142534413615204858263423402147559396110968793263956507865589386650465479544e-179
0
6.939988061545109483703677955706827422574387933030390699382201939422989283603566841497583420113181811356404007242632126e-181
0
1.0678453653949835113168509759491352467656818750050460150852616074318102363137458511802781286241625635390013432344829e-182