0.496548016166518764512734190834310205066152289028241824629245968081651054064519953169883141553633488351827952280716550932
0e-1379
0.00341895868654279268484919281914326948778887894761888326009600900968797214211082664494441890505026288012011810918353277551
0e-1379
3.25682849633376686864769350615295531407747435651917970655648917564909501419765734378480743855233764924294447975080406468e-5
0e-1378
4.48760729412088905203886874661721565968133361167032776386535032416873253585626647366812578531382805064483107944593055066e-7
0e-1376
7.92865240195890048886840582415068722089305757395617101511493803265289318849830702239873259210016559542437338525082919418e-9
0e-1375
1.68346489670623220852225665569881913762299879301849334535961440814501581766570801427660883197678437165709061303006937896e-10
0e-1374
4.12924801547425271305094429215962036307923179429717191288966154628192313537132564857904119177670149768895966708714428237e-12
0e-1372
1.13960671789923065260167853342765859963142859791716534608706058816469099295316727823829029443313733264198162241019402587e-13
0e-1371
3.47316690256327175239892161515521817966346411551044907940914695943886707724200522502597048522705739726902080562311534243e-15
0e-1369
1.15274866938909363135874136472149649761812868923132844535816449032174320793027300670408813995387095238919079019267972497e-16
0e-1368
4.12213046374154780648562445683083787233144286347880936464602766510100826784486772666161060427704856866019048317430655206e-18
0e-1366
1.57469209597072796943288528361102707356591164850574144781250979217672665895844359102941204086201661395690540332416158549e-19
0e-1365
6.38214252117315198287432997873298026439671841727241477031070020933364193947289927282963286272116063125373199900891363642e-21
0e-1363
2.72877405714188511824198246892260849841528802947457803126517449218305064318692667781958376166027353871558620296313813516e-22
0e-1362
1.22498887846718283037217624746778208318482941471217645297899349853122378451908878767757869091306805741545638427992941845e-23
0e-1360
5.75050105305767169043212374826761341695611393804850640315185434525251859347724976789108412361338083578180754136654024638e-25
0e-1359
2.81307816221999421634935534267060884728789401107732069648956709581052342409401707530091554743527242466566433913689714256e-26
0e-1357
1.42973092344697234286027189214705266249081886079027481134407770953024829151162199501203185251377112642955213911182597232e-27
0e-1356
7.52975476136181053214138343573398903468036912049256677561702142378337281017299360690631503058138691056307420325894777286e-29
0e-1354
4.09972325733733168118469517353125063696637334296879254263658731181168553117569265675176113742451100757393986784559028317e-30
0e-1353
2.30293681373964299793504142077012307766672111845607697459543063883136651956674512566773535419864308644304674109707180582e-31
0e-1351
1.33218830537163479506418448887197282610947063076406558009022409629606226843366946852002501914808878523498075433316666415e-32
0e-1350
7.92299204920937267218747750075712911045856225821358587107367863309232293217538235898656890766517170392108713286846737639e-34
0e-1348
4.83734109087697474013746194316649824587003060316578693989752442755386831077725211043755078854601836389338575689770743799e-35
0e-1347
3.02783670047459804509467151546486092830779566090830976031292836983999232748889104540144891744550830775330814832526260976e-36
0e-1345
1.94058819960835210873931845709093187688869185351686094426864112753312894673844722890804792648123530225493976907642472985e-37
0e-1344
1.27210361453259452127909055143961610888069449073337647511630276366297673689147907701896067976816575763019479450066007657e-38
0e-1342
8.52026642853963098136650481260329891777355055872617224366344827307536321060350898684650853460390250106063557194005251788e-40
0e-1341
5.82525093956547902887876378959967591918514451056143836737205903853146939167475155265770951851429834267226425290290780637e-41
0e-1337
4.06188677401309040622312674787369848467927365592653348229473086657017996298406529538564857038373357861936444135464464502e-42
0e-1335
2.88630316840410250664978706612402446414346930717151076752075788486550208010125122384948696638729930710543561235717440270e-43
0e-1334
2.08848628095326368888174010092450425813796839741261603059720701193197881674028193991533763322210704857592805589385755032e-44
0e-1332
1.53778002118283290976503339248213237992866834493499387032785944091283451530805908923704705091230269223296932374272431978e-45
0e-1331
1.15145666103730951992986540215149698713924235959712900211861466297492063458695956574148521105879809466811495998878750290e-46
0e-1329
8.76250401240322328258505931607865657783504477116636543203842284631443957406878673827122455259853087502460766574820304724e-48
0e-1327
6.77313009362761507065613602005683079357341433553886215409399927601895558515248029731868319929887525865081654131716683464e-49
0e-1326
5.31495742265681998655272538816129571074259389821315880495306955477646960591418811867356974332775211483266479818998037024e-50
0e-1324
4.23196397612439102292709829626474274170652996024121073304798670837028959972972550902513064186129459148921953251344502208e-51
0e-1323
3.41752216294636167213852138507759985640292037321490574211505111563122429045170000187337939437070306837649953029416958933e-52
0e-1321
2.79778961866408608825370167820144037205106434805096242462687776998907108671003463174934457324290133607107995708757740452e-53
0e-1320
2.32097795018049640983249128934529690151424387048029084214174178605300246221212933230185357684656852631600831667602126651e-54
0e-1318
1.95032529278581053317679539824396786972144745875510459208502356737251122437598999644236233283855772959670246786772390362e-55
0e-1317
1.65943467423195684387688918156251534035736933936274863638179608611457839941319421993179034128921395000496566451789074513e-56
0e-1315
1.42914336257245493755195006224011689776054731629792966462735048827759731770317733681826986718764825088436986287383229891e-57
0e-1314
1.24539542292082128840943191866156116843502346045046129478370492256857843933318949535024854479322292398015951750078461130e-58
0e-1312
1.09777958560955271990172992033381815716259520270284565884816562840452829444436795085235095016107703075418933379722765806e-59
0e-1311
9.78513458047889771620637115290337943286793217241065904367505132722770976608000677183606349791104697291057004140008860390e-61
0e-1309
8.81730524620878653506973762630758124380398877501464115009725706248564911658068668996135086895789629228411342279745259604e-62
0e-1308
8.02974764723143243553730504945570887517018887278484534823183163021993071119838644899356721753862465325574162596687554964e-63
0e-1306
7.38839118999510693731639631464000095102857201683539879380569051659853392585761313289411656166570312681534117090297260205e-64
0e-1305
6.86704635406336431908729069487757409387689901115319101482836782900071709715244780690574893074422190332895322643539318274e-65
0e-1303
6.44550787316825131783124903283943010189040403231972054106258380566964137332290359035031543137914388864290494451901865334e-66
0e-1301
6.10816607678894441367510942025298778513687044303972060919269481068739872828098259437429344301030224934099895302019195033e-67
0e-1300
5.84298476318117674391893449630794842397910937946874307568033599450384190040790599271220066745604425129384681819234443772e-68
0e-1298
5.64074630271336845509463697288023055233186110259708484104265345850589462226895693531893116611757114799729893849663920425e-69
0e-1297
5.49449389207897442084218443773949810127387645655701718977601269921977729298235856084356156271458436728726075918803837845e-70
0e-1295
5.39912126557721449169240500174421192352244989052228397919207919559088236206172582199954169404797493305535930763317904240e-71
0e-1294
5.35107455418824495789469323976121971817969127647088069722365749613161881326625582953571686099536384616616257203291427461e-72
0e-1292
5.34814126838830540715695469799704434791659150545305098803798664062593253323655831762037888694113329229357894119472360497e-73
0e-1291
5.38930885662637949965661675033308829837299005134044498055849320755693537182780807827299443549194370945275154613909754897e-74
0e-1289
5.47468084460130428601385137837911203123283173231345079646695703598416457915139013777832638192828659938916750938714134661e-75
0e-1288
5.60544281004436570278540260491272094971192971603195787580187760738506492299114215275953007115048183860925439672191567034e-76
0e-1286
5.78387383564295574783009658320826432614465639280453308682967128789162925012533964463411143296799919120970267502564663746e-77
0e-1285
6.01340193477650329966419447987573941870883893293712408008327692589391187917237572226604026012324567833919188172998262423e-78
0e-1283
6.29870451223898710443359177143132561481413267307806154422792022065207366367079837803040835029405643812310581003726427106e-79
0e-1282
6.64585741192806281789414248919662808334949459096664077024541830768561678166496187442245580761375645145481559650868190433e-80
0e-1280
7.06253870028604077202209663081777417052020703333693318397203267709153689425679744510350854873199566253669603341698456956e-81
0e-1279
7.55829621873553101449743961844062409333383638958642619424142071612579764056619049621368986292950353335594333379411258127e-82
0e-1277
8.14489130318928770663596538876699449078105358714481987535787531324762559028253340819469910201036141052538309425456768294e-83
0e-1275
8.83673513472045472333999625198817671563875392722296504598901652182354430677514399602983225781182609983679758724160930328e-84
0e-1274
9.65143921902593812650502821029890171030741901942065777980452454083878124108442418551740474677632525514914737605368934242e-85
0e-1272
1.06105078260626450849391658375048458596607076664204080630641911286382501721634343245095233630462638237668888353687175617e-85
0e-1271
1.17402082799292681230641518241904323800288820555731703890593881976132651443960919199789273602798264128927574415132526065e-86
0e-1266
1.30726653227134750902509831179085711764267119239707625993297595011195350337769409338811055437554842084523448265427218214e-87
0e-1265
1.46472391034118017273565916630551886378474476220715657077913338242923862111020981656598182711214825365438504716553467559e-88
0e-1263
1.65122636094755462067312926389214552315235223241599522456545685211795753545483807849344770560840564576244269759738889920e-89
0e-1262
1.87272448131645580736683820411265352672333918730707635456872786115047052681693664070955018565433710077273629328637192011e-90
0e-1260
2.13656471049675364546103226406934676668351979706696012534952633393653221088942107734326176110281131741456884179498497936e-91
0e-1259
2.45184349428484613595502086872670085693830975939325074421794125624746344697242821353683175182471098888187964125425651205e-92
0e-1257
2.82985870689230198056300257836234529744250271834162115101576533152870569232365427652170798349393334061071847379857696397e-93
0e-1256
3.28468677607808158552466468189380640597852177579423569985412531642984559387427442032865575938549167930790889550741668141e-94
0e-1254
3.83392356230698911240693088319747130540767358175319433028866983135253928463136767904260899757316174625808605946839334648e-95
0e-1252
4.49964724073807620023770130033505728401511502634523928146590167497944656230668259536679697670634920860321082287309834327e-96
0e-1251
5.30976352260250128030639244001146453158944785686387486693275219815895190211627758688944202430830115820104445778738087318e-97
0e-1249
6.30078635968303664642135780151950143142605729618035439151790383907610692561888577050447088701156075784714407292893077933e-98
0e-1248
7.51163104941002314170347249670403101992002021997623018877079727875826796807260719629900938715367206733831522485174534585e-99
0e-1246
9.00454486213164759427271359532676945322308633650726101872555657403832639905025731324851588319606558365300464216785010424e-100
0e-1245
1.08494256630497642183744883693298851012646330381578684476899419689605163806904726763825914898721021495355518478861517091e-100
0e-1243
1.31382767709578457713349435388144424128659274567950638518867904418789136118040151374891445958032936433597145673996470736e-101
0e-1242
1.59891994932810661752158199080442226907671845439221637984722849520524752146762852327145233194200567408946572978320919416e-102
0e-1240
1.95543064062800837556160697628020260810519697108626529976404428976630056801239368042943886452274785033994458139584698952e-103
0e-1239
2.40301748565223084770331405118997068952436289548486934594351546306511918905325101613276151761130783194099791171584497646e-104
0e-1237
2.96716977015508013938552980439774107033049055551123661219237889538837430664141235369286157614821201340940129267595240426e-105
0e-1236
3.68104901779329003823910480282279745851675719296521330771505924440494145633537383244644495366677014848690396120206528424e-106
0e-1234
4.58794209430152706984250121348092043566207151109047402552346650631291173289459287904101611670536360059417811959117683997e-107
0e-1233
5.74453608266708115769381381229097298463738846241697777972836598732603492394322343522747711030383714707954589270834077365e-108
0e-1231
7.22526098550375883582137330806491862118718104815382486166217027140897342698937286892959795697844122527744781899673179195e-109
0e-1230
9.12764001974262182631294628916424033614504412107731538388566188423117460896548732997097287770390689314407668492200118797e-110
0e-1228
1.15745787648093237612658117959229945638706696104217378936266424218877027104904679752250226620366417418221938366955307523e-110
0e-1226
1.46679531044316766889690497813924828828956164712976481744064334108491551832480084434342063006030141713615512411573470951e-111
0e-1225
1.79282911966664851822473337445737532612556386363013507900224722004186455120093383881119112537164003004662807928322934744e-112