0.637341470771509560128330437035956535940856232686454886963842136991231396357552185708734339813396014272308690088338576094
0.334166832848666686702763825463508336464509121651982177077002778005730204746951680110451546213387092557809054788601150066
0.0834174685104898604543642441319738965109077994661212710023355866687210999281080200369167234588681021528141967994385056288
0.0146268910416175495739358374478331238053673959838302008181370867794460689165346852886239890624436360546040691848088848429
0.00207813563063357409162243837591735942848137763596922781849372796905204196560159439103276756854601134662298064387846125170
0.000256553694736026236778196237832350512356578250045077033189358483078533384953088895878942724348808936089062071311040117881
2.86370957526336046070592174761522763602289196239165330495254421143023937090526331409566060587887427416355089020954326827e-5
2.96295198421431642782718677434798651610906051339069057330712681889734283879944638733449351822434317692850986084048432983e-6
2.88924612579184106632123911776146570985164251311551350921227386144611362788294212390416576679939387560554686188844627744e-7
2.68645652630912775912327497901883822308295666748755870931629689373000269163337908339073275805115178818603584902786486629e-8
2.40221391238192250871148344790409241142166328497288519874739857434291442809438626684361001928348191633238397675799786312e-9
2.07905332062043664778202972748047197693064002329740502049489013687940059716436229233929096062912707018457671180423672317e-10
1.75021459934440599074935628613628474177532879024642310050346882516833057388753156082369063728209124734941521294214243826e-11
1.43874147963187114451501549711325836675355265596647516496709956588086118683723169330821057968267703219362265917679104940e-12
1.15850791185706273933606129078264348117610455709216233727517106062003703471968807834310692168563940224078845864377182979e-13
9.16108671972033060138272759640503987892780692478188618948538075228011106450032580669115762429166182285153067238321255894e-15
7.12919475155930898485654074421950519158508660800758530673953001045527733718833702080505998676875411193729328548661502500e-16
5.46943588008664391567889328295872346582778283926661289947163395040957540278093920054680170075438150227759385381132952189e-17
4.14282909373441761006041067382413538163061700639179030573822442016651756515129728305406006210076664682869708081102787935e-18
3.10207426596657303018429583843066619209022943887675457435158239466515103141909746036529844527733875221880860729428706656e-19
2.29868140852906831971582683874839075727832639092157460169255312428436152227041611771350426163830850150306876080213622746e-20
1.68726757817572883491799677232089026321159858765193222924111985642617276225700570966385045937508587405551937429892313470e-21
1.22778491063097584608806066607256405821866409182851073867922706672893275959070394202712893634680414922640885940929019142e-22
8.86348336961482214842313208247017381399548097692427642872979076105972603840475316824162709220033103682636840992092296088e-24
6.35190669749948982467761712119256609308444635729471540130780090638869605619116269912369083674557807014212376680073567635e-25
4.52130431477918847052952642090815301012508917373667361602883555219762371451285402289309378119518468448591109273143916529e-26
3.19815154555554289678910402255958845654633291322657341215910137027151404499969697112235763080803147414718326501073313183e-27
2.24906917094872864519642833012185395240102706256764095029515877773400953116568609484757747040799715695342642904659238777e-28
1.57307012049517919916691249730630511376281047423993473116858309659212756787495307133394863500839832166663528928836990815e-29
1.09468888439893274450117445709992115628861912822272688653927897333344059777950769867345813546995821708822007092776767603e-30
7.58178715739125232215089808464371000697659536037927405658114806730540359636009354911414811258817836291780227291170062928e-32
5.22779456342906275020680520832885348796382712238657015283324471405313535207630210631208792900852486650793030552690216012e-33
3.58961393649722565207048603082810366436382440911355788926671391890866590852409689453714733264181424264421446459540010132e-34
2.45507835240688997364697881134220908052884802800567886038316329629880377944859103695485206043904191443576158018703390131e-35
1.67289394063947814870363316616569455629096905850457077920177055514091915602382249307532295765425217884337848591196335064e-36
1.13591521951055182392831491914833548798219629491524883001057530412082373812428144401375993264197517079007011982007199045e-37
7.68740465693074468987824375351707124613562948245977206021823042289048157008755814709147574414145341926831735670333258948e-39
5.18615289894776163581979909613763811114532510324627300891017060602233932118494145705610986016851068329655752162917955112e-40
3.48828783230357765971425660564039425404143620702240919238348174214787261139237551987564713366390223333493457399881817928e-41
2.33961939668887273206987376819292358583687800527492613400255376485362414407522086331793691073757393273385046848242048122e-42
1.56496204985347092556679853486895225416361080709774121923139151951208944829684704875759670754526071628897866003245702218e-43
1.04410374616326866436525467332710751215158859240006012946183774888326819652072940930994701700527778424862696621816572997e-44
6.94890607734943873164265928956511571092913206311895315879539751120075142122806702408162797376933992732958584910997468694e-46
4.61392327109841093585055975053587723154556417032273573690664640955192008812815004154879778408719406220075863433599254217e-47
3.05668322346023154731532099966245378036601263455293734916875436094108406621918565218705444196775622680324419749497241436e-48
2.02068547981809993790591309304201184054326193616032524008576191633761224322869847513284243055177018352017026059667061045e-49
1.33307517951141454838864551093107098507518607477581714111480398796377206373202302950929117534310356680819517334637990717e-50
8.77718316004980621945263318503215510886958735783497655352727339824054754538174290701571634885878878098213719456678886266e-52
5.76812933354425723850321305763519602298305548832382833840464295811513818169794310851620344942047121958190184538538283344e-53
3.78378777497885605112004629091912214615626673825030243593906221984780740276830477099133425359873157524718838594331400313e-54
2.47777122228146407376049718023220004530222352732734599137293142859453320479549172809498238502228137286345985281334138227e-55
1.61982414760855972524710969295298938581900654366014026435571022742727390403955750834926283311809771792752680151656856707e-56
1.05721847002689858884759456990981409656063195461295088018454288404764924677090517576520213007322828099533585894075773477e-57
6.89054384334723976184459419523471577628121651916226345310679699879695735895305719898055668289576024297166035853885748368e-59
4.49203386813322378190274156445239465292821941931206054018925431026428770203955301112968514003501165032598594346377937577e-60
2.70767541057358535105401940754344321072147482686470385203811863502945726866220291832229462563639485790409524190158121077e-61