0.495692692624699201120511504302382336530474791333656649326595214661055185315837896274529994707531929059997957095053779037
0
0.00425011235256056694323965816847338551173519343132811012839052370780879655876924241310166124883014537147834917039285255139
0
5.61996200522083067524618584314193622078113745247631181045393948828737525142090740363520403449389135603711779855745381258e-5
0
9.74371139820108434174267005348209084306542590470852092035588323908667538345797863820518677287949645519465846953816132519e-7
0
2.05154136523221445808485828077082768212833222250668904374468027311711818182120338129974893039449029089367946142706543533e-8
0
5.01837735831223464723341742504152433321403337867761945330197504133535939541486176872122793807235951025478401805189071795e-10
0
1.38586514771747272631792859522129706924259691536785036567939464842540855257825914685790758067794716382921907090036499431e-11
0
4.23522038026443051698734437222687832366173609920640974666401538766922346028566455845944265179125675895649423021358263744e-13
0
1.41142991564992429799990441877657471843985662197332489243901375718216342494687716566005934747900851965297216287781531617e-14
0
5.07237547205584089564517509198116115573714198826163205575450184148704065186886960547880460666574107323392016579127614885e-16
0
1.94855048159629497145118002962029896122632942377439434197303192631887981433579422402246495799622938351127166059728441326e-17
0
7.94481071923210723473901665349815812814049851040133756101014606660441088188702054310555341332548608499517825241943619091e-19
0
3.41822522392617440859688144928851885046721764959049203510232558743517181420487795689838071096357679536711296976916021706e-20
0
1.54438052702662743920465681906981124119452641462210921408638358953382361751943713560185342856133551482207528971123050062e-21
0
7.29726263546982298013347141044266169479746360266852892807442911744960805453747368414824612714636796000099812254396210885e-23
0
3.59326750550783402061802598985123355449510382513552786949221676052928589664549107752790814673286500440421489699832561466e-24
0
1.83831957842214110899986386499072410716049408495072631044218467971377224213193375155863390319363026597889140980818145474e-25
0
9.74541474939238419886394965010835321430179138317440558690007192275840290781707237256816070365833357494883826047659274442e-27
0
5.34087097408094832423050867379170722315705983605248830664096826608064923805209840166141184315916044865001642810398726842e-28
0
3.01964959741986601758319681942753708633460540215770483707140391314780112975146295138853243465139899452524679199524171367e-29
0
1.75805081890381645795485374242506132330872362594931460024771298869373032774453624237069774084713449486311284885482933998e-30
0
1.05224589354152167874003011233479849355447448297052334176154723301473263292939116620018007910201873387310913047380294529e-31
0
6.46495448102381716288494614204245629804714238977899270458564579256269187318615021688843187635359129781115953050952234949e-33
0
4.07182224916418913979289120499754263809869781995268529034715723316343560670835521929541331556680334269498903209354689589e-34
0
2.62574839984223220272828856886875808403101858188846409453548791778943270608657825277397580122823774836206814538064495132e-35
0
1.73169203696327408487475507321478755297544526214253006303607087731637878944613769766028320756162449414638305486239671128e-36
0
1.16679498077884306511673335680522719238735251190449357175800475163575452595223037448570169686686678778866970622619505979e-37
0
8.02442449908560856480263173319846550641504360419364776857562967954049528917624650636362564144633082101446284378595156823e-39
0
5.62794372860730766592185792405042099030383605727195840214008049389460437796012103803875212355846707011113594045972625193e-40
0
4.02208853638981704464529006570100494291626525344086058166653883719367147806118980179181033788538571878686137859758032199e-41
0
2.92680988726771397704835040083568293159147006125329556203876905063343441852970795835673521010176128384793271766331636697e-42
0
2.16708648838412878307600575088366423390700553690867525551284073841315050318920662754848908856955750789851548660852770589e-43
0
1.63160583393951003931881171928806336185625413134678394442236470644073478349418356968536080300503639927356880747310109174e-44
0
1.24838509811708426050212571549380043519643853253188062106324541152941459359904472297790169364126107521786817386113071784e-45
0
9.70130482483533207022754163121651074458893233094211487470898800187305282226674016458149071373533241988401348161841628380e-47
0
7.65295663094416781997645809499682705910321283652779349732269026884676199784818856913559833961567175075267120724739836565e-48
0
6.12532527597733620448078986338591734277395615915341798408055316114839578221994913277236428978805851760799092744397891955e-49
0
4.97194065398338084726553103021132368908482396645574556080819927842973328188367623914432636613250860475522251563604157898e-50
0
4.09098035557421347808016304625135226951625267277988611111490827061495327552286861995342206925569355754137471113349124068e-51
0
3.41076741581837938286479702030691323428712122449672701522928892647064393155303152846347029665968317433876277377279075989e-52
0
2.88023924649488347696178712771966313650867620076042337038822355291133763460502749793592171228619880954595186113110408950e-53
0
2.46260305000845539030007224199521203166760384860836977353428902709834100361958667216220233737304362238290523507079955557e-54
0
2.13106037598192004294446189647440088818240053178169529270939190731701687235510057935567045183988993099173250168181589360e-55
0
1.86589207730699493158652838848240307625107565096386113699674098935860130202561522936466946749090502844584662324623668263e-56
0
1.65244842367227429169695427714891065641205982429989235418631945412727209704526107171882321718920611747074646416312210578e-57
0
1.47974842065073155650024742002898803457964911578856883326532165359318263436628766166725902941971117913316816434896236524e-58
0
1.33949370386113388174294092818710307915592400491577908912386051378732625427301328373571146029252189432093372454624767925e-59
0
1.22536758764108129909452534590426519491830639835484222317683947821170618901033503794090202133414302353924729338155509337e-60
0
1.13253229361081897509940839488685992484183331479346717041817922165537426924331022283467267446621392950046313218961712185e-61
0
1.05726531610036393139111452460268285524003592879245526237025070582718354938208134991651418143819789532601192863061449463e-62
0
9.96694456886202713323487216549523601890280481715708603786607082566895012923585480236186141394526937359949311409192571443e-64
0
9.48603542548699843615172404844280625144771156052838302643037823085011410171107522525158840814918883083591960470983895273e-65
0
9.11289308637404499231880338597801539654527523837543449829018090395766546053567361755865460516966061162176704246979116804e-66
0
8.83455742152865245892854485223102147172742546775859068101582004756251045097631901528585207298012555713649167519338611904e-67
0
8.64136196214439574268048546843351446353774332741934134894496818410172547599152222559711856384364687673930188478122519693e-68
0
8.52636407328617143846509749364709819758250218144193185681793671383364958979885656709740673320686661854385086561393634700e-69
0
8.48493542082745278143741282247363435746328758477225473292162029867262362947916125649597150037688135861986821865572603219e-70
0
8.51447835978545796092453524877413771689615069237431815220803979244009516104617771804635977453937514736256594493252461934e-71
0
8.61424439335162674139031016226922615453483089404624103395727841714864804545178976585105875522246435862585347819213824790e-72
0
8.78523875930402588770935151177680209768546555684639316760233210352324807479308921000472496930311581211765875791636013636e-73
0
9.03020135334977420859064975137894660766813837477871186099264077073622445211622813597813677757697736510811796249470542968e-74
0
9.35365921888470586748583673813417719949797467120002987270847184450510199007428099760038078011997074798567720021067815734e-75
0
9.76205018622884281952123663358399993520064303732617289907178344670223372493168506527082986146768041634164014035245227849e-76
0
1.02639213014037370293240824890059670314449966575677184735043532799648666720208226821055951113151814389501381495366024886e-76
0
1.08702097603922339923157192194301294575863283782612369727122587314720340823797073647742065234419862451248498956496672640e-77
0
1.15946184533961650560310997440209457091691533188008044866076953155624444238717803981190371601035104856261559757536947091e-78
0
1.24541032247575513380525039325112905505871841712570661971058522868565132632804224833838797294380949661630199622702510369e-79
0
1.34694948997352113044321605048415627301263944523812391354710704813523870570918649739936500564617438170686904945546764863e-80
0
1.46662864099267503361260098272176878467583952747381110863607671017762191727505521877385173967104587431762244102600718414e-81
0
1.60756244451225006207428101596018869459174301189575710261103688732685051219687567904123676154763721286175999346210779584e-82
0
1.77355565781059172417263644501778211965604374850390498088850247592381386815462153275221086367782772907099083923642396455e-83
0
1.96925995321000202012049418006563307660591286126398942197651768821967706111587193551031415332098737161640969744212383576e-84
0
2.20037132059502119392896430563185137691638593684772608478427207370244857644038997582936058169805818167989232162102642117e-85
0
2.47387895748907235307892340721776310128919885529265072280482196053914425333507300470869246017506095839319905129662427556e-86
0
2.79837974059417538082585799509328892027248127090772041725625056446556251548738418385506533734529751465882261231229388040e-87
0
3.18447651991724373297364954648869886637405397594916497821929001706029178580149715613389790666460916405858312532700748235e-88
0
3.64528389893755899808709393989331699722162364853180958780384435179605421989484551421930717749470524725571842450154532906e-89
0
4.19707227500398608104929153364239271239588785080606246033103944063889904879323399766879524223884082349950346925888758702e-90
0
4.86009026581892673483580217623947355718447015399298393450916963541903700201909663553941401280948627134584283853790490498e-91
0
5.65961798114801092095346983273454031164047933320769381777469727490160809064420035853668259791750785477844042891091024154e-92
0
6.62731990929526132363266523549726754094145205348844186009956707781987259237726001410440499591874785338695857511076566902e-93
0
7.80298781686997865736577036623650256940810187567658138818811603221183934938760562033840585226645020566404617407207991114e-94
0
9.23679282024266753750230879325114475859214667853437736262673258679045546239041465515617747699346645905846420056847810791e-95
0
1.09922041324805837295386976244878326104828266267306757986496915104445559606132795101343114413110508680685777893678128091e-95
0
1.31497832535786301615653890833663362659972343221518065544129293152998771615464782341087436197519807499831685056671910231e-96
0
1.58121310919365062587934368367246501242119031787720005203428630896201686826942826584901576291271602921309323614851070343e-97
0
1.91103578739909434543085572089926664462063578120313516166447824576968269788318545726023748904834683870649661464824465060e-98
0
2.32125701898989698476852202409852838032334107744888610981339634495247602574857070682314697390374980217212111230160594356e-99
0
2.83350377590768206395341776288456453219192483131832822284863635982666395304198403420926987978004248227989826441787304581e-100
0
3.47569304640026592933231543948379244323429748520162934443619215727546973722159514518552882716731931301670103014311490420e-101
0
4.28398259304623717896996805090644841903670585944558174972714171719073874488033336173059225077316497400339234872695230988e-102
0
5.30536098853583374975467849010837562109142500883268878567392362817820095543918851551234588484185833947153691606407749765e-103
0
6.60109679035492706882217679174668513009469435018215085357451060874677068966464527886278400303035167185717360381672176709e-104
0
8.25134565908874401986346011116703288941763828850717854611494977327031364958407743378199909536864153105149829466001369049e-105
0
1.03613226389686495040221550058665167847456032034804338427879474762422067929849383032339268559809775394294357123564917813e-105
0
1.30695961028078529189288083836746918486049599898111399285167527826632872077034140968027140965077782325320860838025275303e-106
0
1.65592659716553188513016766531568848232248693071192531715519895937820172316928050158619746633795397153175344846573906161e-107
0
2.10730741398442052718400636601791811972895412645967415633109052287855251531307728019172945404446715807601204541525340170e-108
0
2.69338910604699413715865421590621060525789658998076017262664519063714433191973504902969899662293309655278632867732003171e-109
0
3.45725735839397867078566930992499480143392685921888903265202252123286283406078831139650522301519982639844179664993192569e-110
0
4.45659581741691565962382308812307631670874757000702885892704645668692002196009747683575555805715445003236600697390908051e-111
0
5.76888295270506351965255212684527596591216310659158356166199014559790989158082733942944978591784758590172956508048286538e-112
0
7.49852137908593142428627938284875437337713884609550591560358592926986491668471609029103690389706888902517851062189468576e-113
0
9.78664680711641353134159199808770360908766008127218185939669763243033719929924663245319657865608453772342128334377041142e-114
0
1.28246630734797123140227686835196890004493305320651209726069172788251670684377789604319252432549385467083207583190415287e-114
0
1.68729728100652200046884534949308405337766244412069576639251366406191978064826634608159689083497449485132905787440133298e-115
0
2.22869730259386607947952116608820479632543941969712473741844531244302578537071601190205782385091331426115218234554962574e-116
0
2.95532371179131466917554437816409913002571540007757740664146472966519005971804743522238198863242737253744188392092666201e-117
0
3.93400190502526062921437189850917531188827515445236124273705230368958939311187785390549732275034135851353672666337861976e-118
0
5.25679498493606047470788412467376257677205203057145921198626201874937983776561305197328205397390531528212215040985986533e-119
0
7.05092803394809841396043227047345619723459668761561890852836987768051841165423031289044209448966710140598123649093710509e-120
0
9.49275900565932837563303344046966916374988964067817609965875945527560764935229229404663309661477532385895038373763382500e-121
0
1.28275015086106660400709577330314980062668508232579603925613106425396586807885368541293543571643515625118837378858013761e-121
0
1.73971454290909329202817305555280630075912216185285520790904965229777034162545703888785046921101844772853402337864223148e-122
0
2.36800928371404366424062837526411174087305803141337582725138577413176848287370128111373317327820048168550042798348062221e-123
0
3.23475806027460983803757629380910596693996670390088425579184619252485307975513233050662645144049024743264638158374565224e-124
0
4.43442205157312718243565678343700014269100706898652779463377560177505411928617760247858702976349547168108433646018467419e-125
0
6.10032808267464518894221054328098170660754418366537452729157071713866917913539107698480742682104651246316295678687615478e-126
0
8.42121449072517746330082189994093703239241634922632371751633696861234729363530510061563782331538839557486326617124147494e-127
0
1.16650430878684124451208007029648556889981605780005922180381041118427444873823999488381143187372662053279733424746727287e-127
0
1.62133605381419178612466096687259594935035903394188305839715634899872673170855775577992913813076589672946238168568013577e-128
0
2.26110158542314496053922133953930920408883891316717479827055294163692712699937978630425066158629720565738567904958430357e-129
0
3.16382885699763609971777020415875514923995287723103004418156243636695777038657764564482900579607920992609506721576313956e-130
0
4.44158070304967115852993815425117911566966369767363468391082439491164756448481866489274984447563180510185557113005988952e-131
0
6.25575660978111001598565982433692797167035821045732541124109560162840079747331186494325138471514090694432303389330868708e-132
0
8.83946807171453563810517321070953785340804728997207609983546343106499563208782819312871428473908544100345724788667684004e-133