0.969543629140214585050690199637777487343047920770577765705649751960092210595825151932526962425347092646072601323756309314
0.0389322675793833262688770551954361116692481362341291689742804456656860008680699970982805290452344799580503318040359119289
0.00187160856093799309350727014493044708583597544103601738641952126741157018936070830157728566483774674023330155982972073285
9.63257648277076354944233912299170926921727321411938571158840512772365031449894869080195568767176039127586869353621503250e-5
5.13935346803941966054192803611195662405775484911044146611513519492230754150363914266377149977272437634406583508615415291e-6
2.80382072946448681784777857297840288805121909954644074675715137695604452362192537507902127177509135183470688069629892627e-7
1.55300188039370364693252319695914635453500033246681366696292434591264808723977210371704813589387797062233453167608627467e-8
8.69680631215445697079362962911024320949015529354880067843153262620485890508328547387418287334206782126436913474471319404e-10
4.91088104137901144764250027347947553697891752858482736908389244257366815281842896666741014918325976220725000811637133040e-11
2.79119892643518670208220722893877600737385495656960743623762516130468406946867808271233020548145428239048285332993723596e-12
1.59478469397324400598576416639858671173107751496777750475590941039092353812103470291276982722149833104719790850123494873e-13
9.15141850670240079552493912981738795813335943400346972794720666882975230108845272519202393302216856681133824718146504685e-15
5.27040650053325062622760977549961674454112216424079448639234431094639743122249570061509188526822096059421908772492575054e-16
3.04461627708946244737691953716717589330601127396491022369644898715917150361111008818610824952942947567165892082442449866e-17
1.76346543038505597447206451188273070398968412599432231521825243469206558890859464587142104065095320757867500827056536764e-18
1.02375766550490349239190577569013837620928068948776490046033370308477257665630067481722176965602617159640411196510140838e-19
5.95526093630993553942720676235522470034480929714688731535630431953113125382896481005378849187602258168765790139023826990e-21
3.47037726119495550418223428683077480309662975706863848954019678794468784537965071244508613218531956563142664913688034501e-22
2.02553761156799912607932542165493293145578602127103826109214574797414257181382645536060211023855908438576939977471607596e-23
1.18391436508017529008764878728740698479799172060208105379216917406090417026609798904592974018519414081143994037959532899e-24
6.92876472444575744747360093671620443200636400637502843999897963744682814129192496510369838117457419480382362484581923746e-26
4.05970664917906553463505653367026875419237308382545439740311077058226043891142912626157392172521037009597541319389395195e-27
2.38117662006470083359342298536037911022055093199475963294889621371602265938705219289297982240072517721533327760465167668e-28
1.39800046445566199763854190904240176449810142226046271837297806765822150844471320477565424225220772228394384992224841822e-29
8.21499433222402752746822345983988548749072155495139006012317330607015959666537620148420179823388456010672714773442333409e-31
4.83126723115123717265902852247785883019078470213806841951970767777900286178556671340443921313667320434145354908418285040e-32
2.84342486794177021571806358660048281074269821670368800618796427526233300026420065967007451703842193389785012344173747021e-33
1.67465514412216049823361988142134595320379300445036803778264507528983339081213915381879811880108059238998260369497202554e-34
9.86939483505209195623770522072397982014086900415972364014881005406926432832965775435006155308951202532589392447867286249e-36
5.81993230326509210825443955111036380549713090594622162039624012772478494053562234168457059336997669586556567171047560114e-37
3.43392092128070548715006098841641466693569636270885284660766002162915869942054323897766904149789984787700659377823025344e-38
2.02717821193064239438375780668927435311153245184790619458604783428017025110068168663547529975294360634823444922746314517e-39
1.19731561181467899249908711606799172942296848715984150632533293056997007987936572129136406769464757610002174116719487045e-40
7.07501735306470474969209587014043306633250370160779724531688680956937134900248208643466800024306006003857839457546888489e-42
4.18250748295732682858736934564198537885075634557982199092581655350247552547146947933782413551101169895302765112204167213e-43
2.47357740276271633959934587005203373467611605936662279015838413402281794553324091200831930106705308163612773225846114736e-44
1.46347040439729517011964737495434118022116041669812508294032947329167327475816627553191133703808756647844203767588148410e-45
8.66169609340343902011832220535301413156015619604067958507485093431080454421844069053922005449866710221926588039057865461e-47
5.12830809483591217821604545644991464970792640951308373545198296477308663210821239690046915432106675202185954955691675223e-48
3.03731402479296504408774312394618130269004707623614927246732088299405882672223720174830366647623123628878022311423644826e-49
1.79946138467243185738087910360296309034699181259154470833085137115260373159981882878496559311545839861287992112680970472e-50
1.06641431464081758645950393934024551329781456042326011338899037348007362613139284596592077667878344190212486308793309584e-51
6.32169911062441805190335664825726348663015154432066526759791991098566440096254818589238079045902901349023733414863116992e-53
3.74852444119264416280682911028705799302020202763330321920499533267283487193139335014879608653511764207404391216726410280e-54
2.22331082632987801293244724702134378512580357065911111220231516652706443692806459700373708223511094080707853978938781265e-55
1.31901071537974338726334928871279311964675100856525187278388404227271956360310935999987031107080075979028790814419448983e-56
7.82708569851870360369364213938024602122412505934360388160526566704044185981780745975342294395067979115079629364590244140e-58
4.64569928744283965322287465474465585573373963871384008313660747418538239492218289937428269995008878800194449087493777601e-59
2.75801885029433095582255122257343019998388054975722724726765232947572285546820626699306349234075139872762845993059533259e-60
1.63770107419598066447276264509863827314283682582359108543601024614053635799141798273962814557148391977968455162998522038e-61
9.72656907504117242628980080070652380649768840475083706510807202201338694828235830493658095045696388646456252356322860399e-63
5.77788568683969616825824018341648468647134518542683671392289017154513876713540020362635938077994315676857786450546072962e-64
3.43288230078753216608121327082878934342359702183759257323672896592337202715259270730878621921591753020394428289454339851e-65
2.04001946333843570120070654690922832823664800657485964618535624656387266080911246352480427517079424242307784848270830306e-66
1.21213891885952112591329742627311820852803804362044987208518906808616453453148344488367602117385647938469911646131937446e-67
7.22484875336311402423911784424645929231623108934155404449967437558859629777110800153928848174018342930516152481811910900e-69