0.494351521397764125399826980927124871710751172317515106967485861629270751751004665688107341314127357737587220652826739772
0
19.5708130501706901967150052998606454410511808030436410281451657063718830304268771973060434553491713616266901510162274951
0
354.374707807454594671237077255549210493399840155728347309723241656381612535713249550693403259891564473481402907170931708
0
3983.19553044851802921555219854844100798595157311100791039206949284175875293618276820501822521542431485243361017540625657
0
31664.4349846993276338342120124860573417945984148503433428173627903121956383299914576483109962984297947335792091705768789
0
191719.886870492229431743557913651004881370070194080823648717953088855116375298833169751999850659191917007266605608943826
0
927909.317380446833029506895493447181854899351560581908723606668606028967610363203202185257154179379714691748238023800495
0
3714919.29408494659634171537619651562796105927473955878598961029869676001190797926024559951507094117223359780309127398890
0
12621716.2538368328731347287625093193757799598269234394546877587019754014174293330554745933934451321669945745949981917779
0
37124903.2140649322374971749633609106442143352715851033961603600523439446215947685983718864797156713763302742058163679568
0
96055994.7292138886735999052950618570952954826892703398572847729067776169200475762409353798727703063776456127509391691588
0
221504137.533189076351051999166279662373632760327604191336137786693813466015222550601756014875808107956765266497040590018
0
460241759.151644033433140469844150019973890371350932926843188152426667255186399305933396000384081214438766624022100681890
0
869686196.847766504229533386556934443219613184319411036617433767491610968809619721131996585569040070603341423556674040159
0
1506492605.03553326158197294897629463531365472917506337487554881422437830741756546836094796976881436384563313915533423033
0
2408778827.78908456740287785143995194313449515091018464577993851924083900215968952774616986572454149182735945234424021230
0
3576649637.48790209713087903731808026210678636244039947816305919763410480899610816533340494861403858048479660361823408682
0
4958160276.18215079717955147093183592407427436313951725784731607952323605587832635709272849893538433564741271568341224659
0
6447421493.28186577061867412590129884344297985429630009853913318684301183298488350528827786707762717137912285580029429804
0
7897889261.13167191426442881700853339767263559794577061945417768930674625319352804918976647817408788031802540415068297828
0
9148443687.87767700864782929918818676222012315234337960332757665531985566706419734090023206989192558052238746205933935915
0
10055091067.4519964649184685955250769508155833650243592558030759691650833736303742088203333533485971578694167446423050049
0
10519132790.3896073402705450916878481059330080122535711417155919004584977591984139101085464590644829289545987135439176297
0
10504138591.6941116961115309278489701885027460662230173888070128555223590930680794692209380893492833037342899859349711804
0
10038128446.7675619854144609897677163252495129124993006387208447338246283445813142344663400566724511609174434018613723539
0
9202131051.41307293976288582392598147514039649061523821546369180795572619750124799544197880646068666590312496165455758992
0
8109909295.16396690314413752908962988808601880256502383055024497038643552037946527565049704562265826486964196276584639234
0
6885098644.39031778980292930174510508266536580395486304010468236058809455341119648368374904574423919267709144221785878825
0
5641304541.81721477281825153968370500113656188963124449734692032963317223719286402039117952539836158692819786699725920972
0
4468620646.16096942982164976849369911984126406359049020579902977403964573043286268634531652118904096238201168036141723595
0
3427582986.23478605841305590975118399166151352962363122735285128472736618175091211454717145543937302786042752827202911139
0
2549592553.17445064657783608335508460688474884391566750214635695999561022693993550042718290834605568338029528545055420362
0
1841729997.53148742804817366995543538895763200006165195450754944147126296857690198034097572773721774150345631244877755710
0
1293653183.64561721803300905719820839586100291583925985924004595532132016212184716244505456115933133928506304241372059239
0
884656406.379558466655584410386465365431517098301081247142215376294478943130719312470851923585813017156336594278001445759
0
589645964.022129887858463342407835713709439338140890058224325610635519272467030640232122570010013437468010977421807544370
0
383471202.755879970019725894256752523817145579366876307311311642472851068901050804240541204270952785910067247657359879717
0
243576780.138173164589854183939237091040135549320063821801220835640298277860527992132981370233995483391836652846974192116
0
151255831.853907113657973503028256820345922058547138776716726039077073750210264005122759843241535215506455339524977441554
0
91907155.4968869639410308826058447344149125212156263469025899725266494596974458209404486495675682579986467641594142826301
0
54690708.5598622456151176272686843681006998480377198605073110898270114113887445334282964409815273212304595801641780582106
0
31897066.5291532388133988183537447230588511845523589335606548732205737575533626560924982180673383542861727585696308401170
0
18246862.1279846327283012891448177314791480878036318501378550976728680678636971426932207359117936093721604829111684136505
0
10245563.6155991455446112911321361734779508451464013220843105046288259196615713404728979418048254619904889253910907698547
0
5650509.39651881435065762570025831546475530644774611168745255533568963293743687121119089302046191013937406070199411842549
0
3062825.89618778947798667804789185126112217438291079207097988842480563043201289443377385262348226136429529401779331293328
0
1632694.33367963880697887243834292797538687088755329931797158375652274821365988127699971568025105427879919521010715854014
0
856420.759304634412217093945789282032468256153147289397225679373424326991185394762632390198580394214275800783615830339775
0
442291.787852162764180261995108721305858963646076085894219469499309136905616733242384689906793181732770083199816299711026
0
225008.127709383137575629578723515554319337788638299094272482703008808250868125101387575202313140525495787483797812286175
0
112816.528450709088734969781340191389893408648308264687592130483545722076013751172456897936298856779488074301772311796377
0
55775.0508246209455712237992964888821731747639912886999088347784162041149337238527342593920333827837982208899302234056550
0
27201.8244522995798874762334403715290113728652475483957459121923090768249338448809268553067540439053992806542428433818827
0
13092.9089354465267859909117141404983483518065321889377099086073252434697155265269338330117690908103737074281589486967119
0
6222.07464738972365280331444862271769666232933007078129631328536735586307518630261842418464837162796312930615518262718772
0
2920.57450613496086850767909634392851615998481589704897156146216748517681392361161188237573211960192279760167671194201435
0
1354.56860628750189677768087370481825565200963396106523515503276253302688501606855677784626830818170637368570205133595118
0
621.000594758345623848748769191560310751642991938944413064027715131859937962807568018208204485441769396330831197539450018
0
281.509702199049829957320126584044449482171471987386435009377443404206410583380113198986452453933136660200033061634071301
0
126.226594226439300125546681461340223704526055540049873592943638581173081198546566465036263539218958269158976875392593246
0
56.0021119275234215201651791039101482108822849757165526043461332703447108251914879453543848613783553425403747661023636520
0
24.5916853621020069569484764774610247747358389872149277252725202286665339773329466244333907291304175331314056799428604424
0
10.6913250199102682054218551018666121512592972762993183095157518033741834452957345681030891758601351756795163241484325129
0
4.60318147587680765606751622076631873350024611022118326839996528082373097036620669847998527604241767566013224211275474406
0
1.96330236714558331880530801237014410849185323607003325657071008949881820148068053801077216381822325443439060161342496142
0
0.829723677875290708130829312778681176012170881623537837326028262518698563744590645628006121920882559280345735240536011196
0
0.347542036301732279797327621660518579743044424921657073121290989117127747861176357938002848260828767439181308966650809476
0
0.144316181912240668470644053909498231690385235631531512327511532505933125956816852059390656406451418803343659231228360182
0
0.0594235946961626903903304551521082026981589603984200996325744928713300118896871337681456796223874184813938545063924206334
0
0.0242682056361224815063336409144715829228655483573114502888379462256957780760357046375665395995460386487809819003853847369
0
0.00983210230449622194706463678743151938788345608700333237681591266658859371482731459636381982923589772638113908956371163560
0
0.00395254510258162548726483593026799614562554947137052198083000963616296406705696991497136405119141102257202547626878365480
0
0.00157694858128175681945055730274511838628497689172404748881551159654820854994358829583901873981995147407133656566165756502
0
0.000624530917414304943267625684515202465702340709793624445873396691855800543461362183914478240021889104497129097974255622881
0
0.000245566201049454825614192046489781799212468117258169128273214090452550055666258810263363491594988494155239364326949874560
0
9.58829093555400381873936075688376696076818347030041086610896962423114311068324915130321388171788715019348237630229165704e-5
0
3.71833764505090280236451049140065217348279433456497021182412007417374117400653403449048179528774240673035294776623774429e-5
0
1.43240535462262575473016877647164677290049696196372715235000396806468984192988958700484877645532221548173630158278642283e-5
0
5.48232240164279081336393156039729440112672800818921802216675428684956202768785664826425375524311650111183293762453003342e-6
0
2.08504011562054710078929134014379516992313502254498744720008082287117888780094264240593827307659441628137562227245436812e-6
0
7.88102855660555719932725500502889525899885022147279624466842632972481707586090656440267530734563332449185876802824319832e-7
0
2.96097888319246817930294007422930835134144580461663622717685282568639185680405918055889094623136539222437858121156787962e-7
0
1.10594837860003371266248582690349712674141664082750046230399037116877460430113559770346447250643319530998124511874547920e-7
0
4.10717087833562671200925788172678387221683268529198229010930944003304927868013605469753408396656261369522928304664156589e-8
0
1.51676531341631382199892919644430548503517788749288930297694916641800340835756290713486233822612597578090337315933467898e-8
0
5.57082108509267493967792283328999196092732826397999046894776694008045578495478609231225886064111685246267040683174987182e-9
0
2.03517140258121251996270962803995986157107092442003087049806873373948696332444263794012319719533491175287873542617197003e-9
0
7.39635586968638671136821103230418840841340765646845774375277006607081081889678633396555784935593486940155806511111732933e-10
0
2.67437363162545235757667238640789488830257043504739539406394050611464207989386594472299596957635100942603022552480770623e-10
0
9.62198627019599717586338371975363738558473991349417278603255383122326840280188633565974102347935358798979664042106873632e-11
0
3.44504697415214690086280365114384366616421998737646628566533141570484011476654247221742629346049940701181486450067648007e-11
0
1.22761244374811343411726416915179180600674951562747491985557928374733290034963380193886116657559121252944745924329337959e-11
0
4.35421333258022279140800942390112519655110997962884560986060347534026478381988323803132133453938238206936771774399381434e-12
0
1.53739563939860361989845492423299823455662947731358087445517364268535828058760498636547339131872072128846137225778063583e-12
0
5.40422041913665504074814825938373913272586628978697382133757791232359654249469491923290885487394352047832025287712982399e-13
0
1.89144901239898920422286348819000540285705304741118242709641564961456801894442723804519680315941170398138371009858438578e-13
0
6.59191975347057249026219429434991796813315792171775394199994481968121241615340971679491842495390038179330484576320281741e-14
0
2.28783782379387671247684450512873848899690546655199902565736837216360944285733908900437627146207725923801263379241570110e-14
0
7.90813111355137488431541544049873804634023718640904728259820487492572850640853044278524692238945119270283654503180391365e-15
0
2.72267602681742392298141937466816944073551404266749143914484029966042277161216333820731842419208273241895148916843711361e-15
0
9.33745882174346321568506677337405762938773303509852905401033415332342645660028267119328243405252214925885641945428132822e-16
0
3.19012870015857954099994145982692783999379943820810712620078313446244006134817848221464377700983831831606625573502643173e-16
0
1.08584957029791459712923941673426038397655552475146930373090282502480515997828955847913411784548563367979170596882828264e-16
0
3.68253878260637156604447808546363501631650939729044894070770419890356704473127672452201709774207383613353018495907738198e-17
0
1.24444168967780375512466604818670681895069074683284708221447875083864261155189483426166700850861564602106514244603115613e-17
0
4.19067337521452377331643061211462906241431651925675675716515742660606117387934931237950972759618991979993904579855824038e-18
0
1.40639318373624674098523496461039889475409102828853994118528959037946603865291928373659239849742863566953601844242581526e-18
0
4.70407458827195594997155688822257140409640049878815529330126505924650560356634973399981875725080349784416782168370494367e-19
0
1.56825323906452370184456340846341413332165634466033927353934697292963961221810143297567999073813209154893809127073140150e-19
0
5.21149126798915632917889145384722060054477176069899456583263540590209028358574037749624886282123847366263426057439263003e-20
0
1.72639514715512306996201591662190569581758720401914267526054478962978083575259804895943524213468923254319189773293724220e-20
0
5.70136178201270201867395924750790596050168254022251366969892421610903069580655685095446810735195596290780356052247827331e-21
0
1.87717315875725872186258228737416604492821002347990622037960397966628386041549853770982046954861546707196935871007389922e-21
0
6.16231486503901098307201277807260303976503989421640644347912354666996077035144370874017983095490301735663990586058155438e-22
0
2.01707976231801797437336846910272413664444753484190603594266461180021202434923605610302447776393216689892381057764140657e-22
0
6.58365544097182784156063532585874687818050448766402158189985772670848413751763873599276026340060917155382217851122953804e-23
0
2.14289325851687218313190864672725918123916646665132416356101661800783482186373995284696127581196983002502332997743885412e-23
0
6.95580511117968100997105824616157388994295454627217439618187349579418227103705440731893411572124406412577129471223362150e-24
0
2.25180677489841236537602467370332198130661279780993790723221757880230604483774351246544870570809494120742409249754626357e-24
0
7.27067211277562326882053804106485110647278388541305642338602601185826216810272797974437260523057277644317873603635771831e-25
0
2.34153177108867968513138277140040833017280129075934527330048444490119183801737598234958107193100823596543608972042034198e-25
0
7.52193230308419811195445527675244263740449366787389753101160571696837556563350295807227459333766961132164153737694557690e-26
0
2.41037138647307264920634092692217238822373945037429062443803180362522824299665294526892713009944733022508410762516028707e-26
0
7.70521033071795367332997187521344967721800340685616595649497327726695593552367110046667529588950860435391182812971282330e-27
0
2.45726142888488960101259325808370491253503950089489342835378519413276526211682812473500585014791125017547533713371936576e-27
0
7.81815783976517389682945411261646830823950099377200762639368606760985630176498940804356868480205499550701647944824127278e-28