0.000167079332048627627349505515659093478244251681478304261888492153402014886147015044610792527385503413130039686983529317687
0.00362536862407708106552799942513177017932155222990118045658205522330906024561327591817884788185743519171978059230973266175
0.0191392632678426803686252214653150257156752320736666417313883486929295410950118789535165165050755223941952010761200044960
0.0580577314632022272394367167478782243185575939420508184986227065128622456222830469832649588175763607734818463687040379512
0.126230998224151960223470324709372424453635312555294310092860089391942392231576049014004076214871842243249686438627580135
0.217825825782355109524832237838260923649646393756281536958162435984883299888029516013129476391331146385232899059763085686
0.316219356114097346908540668602439522033836089858757608595146636307961960741522656031983229028957036118219191209158413647
0.400923271729799887683944090213092544877519144084771314000268467553024782587215453456438632983344763590839433953169177029
0.455600002845124617343563248943786866649253462021302834837698158798459315178831238277173512895248311947329614973207308734
0.472890493883354425595352517138930355065519808632534309435139028537144211363957847725728703295122223898605126162055436950
0.454781559198648820741952907176283247331405084413553561124173815684493271147211665020811318851012923581924330617614987556
0.409779371342590828996012755638824547498404827502678760969556485110985596114335800944977287876685377482742334730433623148
0.349028173949068272141181714820041443608748380367485147480601235737370084842451008521722230122123976627036920045394599878
0.283052727790823794325097861347567204530122969536934957577465261446488315487608238116205473951316955136129021729609787398
0.219864293783982283738292816664747358875983292039546768067446673669429348555815009353507421848240732946656105159030332045
0.164392264835687127279145367551599848833686121375695324324829222378178309713034942623261776337088394949458452898617748698
0.118814928270960688841841858716597389955346754682488090895392816307454861468950389673715605127327686369709043804528039307
0.0833065129784992498283701292676465428226725021101821368075516975263751259056517113258077571699766213713368601589325530465
0.0568385428031209536696588417990533336461652482533766074988888913442127329131629149303429095310595552003512205493329516970
0.0378374656780033843143373819835189095331369532151831918579282769288644644309925962936412095790271911649238800084744236523
0.0246335634747351817534209914366298279255807001191268798554791338110562542614789996714444434170403651312165062966836348430
0.0157161277000528375491146752672049704073530232466791655499620376229273917199310573091217225477359832729937375269267315891
0.00984372291270423389954174995246496090523934133885112624399999963013446798544296108074419139425238413540204865245558934290
0.00606264647026458122223453423221481049630764333534168013561602884625966361146651237073915133160436234488247469107195587275
0.00367681319034873681232109648674772881592248368578692100967042483543917122572886304951877357814073924557065419448245307421
0.00219856475083863039939459934457993213149462828473261542322889775588512485466051494927999195244719150604770925933766280367
0.00129765884312368661863485895471108908103315926242640162883184476438923688630883753698858221117260862028033194713881089190
0.000756800157387830413539842604360373700912624089426856799420839455093740826107640130572227366754501077755387769107501344678
0.000436519839943922047321804122874857841007434555737140211345818291495819329129553104965232876284881739016770547586005008006
0.000249226157659222141067657998317617570408100946750321008962916080607456592200455227579971715663549915401520139199730532543
0.000140955316374217142341164657925042588017177769330681084564614508998939110623686129616346512572780905364698510037547736088
7.90258646968300724696828959828192642063665329344242589943642108188494444707911109734271517451309353841874072030937854068e-5
4.39473282356051251701037015223249269244031542694146178541081799698071339741459646731242282114522634737588522599082263151e-5
2.42562222676982326699051241040809156711117317263607363294846295660280759620682267370554251391915832817559092633893426387e-5
1.32945122945674303038439191798021096387377267166401745504301419012318365809145899131729135870213228013995045642909503135e-5
7.23923259679830832393376707710790332718112315195112247692693332809871681827812435670546915536640952595445786121089996065e-6
3.91813100818761830772266124263191027680200195712336629859329136913495933638954963607520447564072189517051292601935136396e-6
2.10868583868546583693603447794794684592693507776820315649249629063038262979304804290868475907609335832769648001415856350e-6
1.12890595230671665607275563521449030521865480262133146131996538397096378401042680058490432759513469777081041652154820130e-6
6.01409914873829097932926472368295242355342929236626725380995189847113434490287570401670025247251360239286989159510362100e-7
3.18928270154009444195819458730401428402969754955509844969259325900805486126995933162851253401235427482801094482777610327e-7
1.68405955835160767086018124978741950694612948474519893781908361478794915270384734153527071938139665543108331759348681802e-7
8.85700467585007589259033584813998364983513060823502468395489612338331733104334211673425668362014246081777575348964518840e-8
4.64083079634751725430962617840797439996603990631088636473701674038785922614033257467598572865842979252295796256601013459e-8
2.42320761615732466971527983241716872174321519363845036831305041972828611390253589722752220446488246823626430119291580550e-8
1.26116224291904390220411010085288835712574650242202701609145378238715529371334232173047706154173881301885665020420269006e-8
6.54379307807767461093784977642867840925793941225754240746749818518943004019618402943031803608603565639139017816285399575e-9
3.38573664326636584357453955271544497028392673635577291014641362760008957856704509293401182741101796487791966410059125915e-9
1.74712098041672104766988894953130818954870435514782338512079513849731231085999175300781607343976769054551985429751661153e-9
8.99321539410964585924646316937929954624768957855663650168179120233347678184054583690232976367624357490904451382166132813e-10
4.61849511545477480203537452039088962909270221140170900563179230960641412886735793157042485813309763011262353553060283237e-10
2.36671698658668862729416668343911625424837324122015300597513528250528512500632663306894371456183240050912368580399884073e-10
1.21036208121753208417877198308008460433189056195734898347904508124141242817315103664901871131672194415950877361506144609e-10
6.17826390375733519967870820377253575130549542834197696265983755492311008570520537671710737764935915172433954264527879325e-11
3.14814902862256461963609969798330867398298232890580814156390241266936323029879335977774973928517658524117358892179632783e-11
1.60152622634658797100982150240908062435875039805145338585512146431393873386820726945430546423360020853283141533000442185e-11
8.13489598652185899902439455942055250824573977672998975338227396201506012696971854645486845698137915189400700502217824313e-12
4.12625006134848393096436251960253823248399524213067743127529672108355918409533441838045471772723212248916723046416375030e-12
2.09020295036485437005025456088170727625706048689218258723029146956554524553364661784603455747268536675741240669083007551e-12
1.05752847930818359863800025517753132602570473470497428787818529529237435000276008767991255468715998528991809244599218522e-12
5.34447964799696082664970938365864098334458757743866445336577192268026808924358387579657773899073003409913585636617911018e-13
2.69814583079802101802621755483101136909888019212365136689632211660358543440463515466338970606709825210908451870320747616e-13
1.36083959159079402917471086904542414434573681259423815412138351092107370382673871377113063817353581653299200808613997537e-13
6.85745538765623453435878976936127657423264917318916425006707418727304469307701499541024573819591906789294910027222077147e-14
3.45274763194399237846939138989323471284099102817305489030343467205581598124577535255295339664087241043712926389754787033e-14
1.73716900699861861328346919850966041338306128893405609253504973924411567435900415498599180683333012708458568934984679539e-14
8.73419232741304316334719437522711167859682777386116472618127099510731854852443738026562541447176953158989364984096904216e-15
4.38867545357417439739936352297916691307494758818514096284377854214703206033736156835878643562777727760740708004581484900e-15
2.20393834640491479701268491847201865060880806427757674270600215363959963109582037787674110450691921141982362040644910464e-15
1.10622791659804206274273497467845004504506281626315519326688935841671732917368686292746778141425505185070355720513620686e-15
5.54998368717978786375811389902705890676302031639273365891408638329066589200273844887068157960834428724550057858567280574e-16
2.78331460403033325129123873645304695456292430440483985448310575476081077385597140713002058518216415103088461186938880726e-16
1.39532986785510282434495877671731479367863245696327365039334613759021549567108096555232546015166403101443578698916089218e-16
6.99286216403890635688586001135004616821392709221468402726972080825258569227910124474165734588027569837663855791705908965e-17
3.50360433140278604448398405320575922664608570409394138905105735025118082653921968495945304477828794781277561577212975879e-17
1.75499049170593495394309909699179057502869672376827395192895515596365737727556521215448323702919806457651063176143400223e-17
8.78923078101645692583244632712792874713418345132976528884663605848335464104900496511677383240174814917089950110126750423e-18
4.40108042108929170673245908358273450994177822318113848860712122237139629189260281358486967685283153456158745452053968543e-18
2.20351118766629964282982041039980573759373568351947896576865638151117738735068897121391675713940187386383429647331758192e-18
1.10314649702470678508823960651607993416602881762030450155193281844250928376634444668265289207505958167973745853373843033e-18
5.52238733083119742632149171108898744963799252153830572410269832652492999933923247762728979383939806357941607642436575102e-19
2.76445419019498474546755807860965410084294096324397748971766918032900219202464318783245419030184878866719353360183432731e-19
1.38386360985898996818075533720673119850489958488779274899023300436374562898298728233887743452067091802927613726160514502e-19
6.92772198379914468541998193222433926792365789525950223645526885309626288865356545621482847330523126443944992542126934613e-20
3.46826471227584465318309981550979963831768492265930111380204347615132241787232559354186397884202251890885161202764140638e-20
1.73647875999215018174069316473310353291343332968068760329582675507450990912580411648167657885225768792024214876850990436e-20
8.69505814159827665944555582303620384845574115977891733022039682246883201838633300877827398290144773417670994637012023245e-21
4.35442815352848870889768922526849570933819773600335564957030970657778172175618254740095610119662775041403927062533682592e-21
2.18099558330362031932477556343176231893370280685692799654346873425891589290382177071781605898740565471038548462042113687e-21
1.09257792942914747406460437643964365188057102804610761381189446142487377808833203032617099084236656480080170367548534562e-21
5.47435040773523170354062572043166309595753526521102668994775067444709056839722951744027729040926932225066263140882760438e-22
2.74349046560511876753799009063712807179158286221565302494188708381557354446925027633867720417117446817047349236882077735e-22
1.37522196284723474579656674191132043489493902731431943431751718625531104414067663602413268339674445964758223996831297475e-22
6.89521892818708992676057914466653990046949922699121935891332233147515500594944773275929137539158398539708281181799599880e-23
3.45809032112419168283761777993822303334493283118343288983491560387188721672918744262277483141944119392709549870962687462e-23
1.73477993736693074327872325459804956059985534970167183330764733567445280177544441898397148952115328651945746948844608673e-23
8.70519897829139299186336730018573018623211007521327293673124957438121243388036136486751303234645779634804895200986172869e-24
4.36963780770010337627555915171117226776382701164073116150242245702423024406681377359280924902486228489467994978470102174e-24
2.19407010004954489686566449763495793819405918575090914899382143652280974757084197370404085632107545486855331428916885654e-24
1.10204544808756750937225815412095063613115207132665739333958837778336467423804395238742003277467171891729389537209595866e-24
5.53729715775516527972306814641958830884920458223920851290324454315877795462773251431710289052482618454753551203145872163e-25
2.78323965503873981639314561928948221708330660269950542215398842579044182616506774260393324043538618170248575958147224644e-25
1.39946718643879674227825888614034366821822689095099583120101430595222879311342463012814500823088096000064746260062393459e-25
7.03945201528325612879726088118094940226852053596414653623038961471629501062489681131386101809082858845406135100013082306e-26
3.54228469678217062861143278023964266867371457213458631966078690009364556021981095531660594159599799297905659583858489345e-26
1.78320308650278761226286530424357491697495002851776577435042273286516308716837382242330504348212023880161317139939233832e-26
8.98038484547479166869732590203026540944977451804823512122408417206874912499878219374100692656006148015322223316369236549e-27
4.52449135609021251966466113459407826305125433695817125661846559776286049748448595650953319052249288422012935801784659925e-27
2.28049407954217983122584421472928690341170919578287536205566994319547387766607117034831425778042819046972278411663146703e-27
1.14994226119323544976497446892945892473697733852782406291035565365163081263280101629942756825843101486415564920443495901e-27