0.496167195457974722423423871446589186021298466587947174468151867617201854856472874403691627239199549734909117852820934791789205490497147423793848675167651263811952044588599656605452
0
0.00379083066558188429050595154603461308999178599138947773121665056104457638844466678445483578997386140311562090174656867845875689358215177544983060003212028248515418885117814508402688
0
0.0000413400633483643055068093182267552865207149596113486379958643681356870445934510158491423076627243220540350333478471129870797465523992005266742597335201513670471780127566288677817308
0
6.21824891544171621822675554220525060078932972054426840130244645414800979883070593213049479091626612403281080841001233874261846424435261493703970614004814526345110232644327420488568e-7
0
1.17194313830461860534109507865369187198976572439429927102978683289058273331696782277161763860445242090973057236242315290155745659395661321633981335098776382418705382252904072488315e-8
0
2.61873966228569413449769548776894686382717829569552822711516984437031095471999203943001808860358768236665762417022771273183083491697579718087074117853556418630881783877587422933755e-10
0
6.70021175928748823528812108540126293123269104500203453956442518864719146901378780064031943763041950473487372129783612416799376037233797883583484077144557624466116031587344298301214e-12
0
1.91682676263579284850276393573916239435491662357598430116440144555977305141788834209548558994602424567802651968141272985200845521153625826207323948948701396146179437062717849575482e-13
0
6.02757722033647276538047629561769005774702508510023777450097945323879679104233161331196652137915755335783911454411196147084906551942003723114400653333045017000514381670264929261017e-15
0
2.05674385772092686960737704085115945325210890719249064341881783664742777897859022198491757803067390660508040803955369967026224321999199170104170213764446175840673135943929928536165e-16
0
7.53970416711581168861600886251609202572055081930502939468684103182438641466217115697039086460146410947007152620770042647734198287963087922221464421220056479438782967661245870715500e-18
0
2.94580755062353209791830986999018765061449822353526905462996758480705968122269882462481193237288759033947510601155700705657947379397435402748631510009063506062157338132948676568231e-19
0
1.21874392659994700379421299648994476782481819202586337191367890856036771733929275380848339173659471302368533514273344937514246958438638982983945458058763989480665125796018807970629e-20
0
5.31059852662098147731430727148260907193021488810713202113828407031046054570819587757598003502703700524723071699428476659681376132415296742326201573644829188383763398225794210041409e-22
0
2.42623907954492609487475522844906514270894832717155338527991774058988912065862041653556637142194384063902036030855418980137200443036403125463284212309098387248861284287437826580533e-23
0
1.15773818831211042959712561396113285913835586639545631989796277259253454170298119390507332152082417758984167065230501276657843108780393296383850919057227706743091400794616496368766e-24
0
5.75087327046218223271304190084805336324763410027511482232881725853736975158599601774319578997482295473473861456081153091234964892599104297727851169824337358086538521090540337263844e-26
0
2.96518833703573816347423704741048598891451839598121387248124789774802934096584313987456006235382177092952391105427624017859236407992092476482724305769811940246035354377613428374964e-27
0
1.58295569069397865123700565206509416730925746352477707540745926459300601099054841310771067760865337226117699567879663097086702826810966523046998117561217560903926367243348850299063e-28
0
8.73000477627282771325502942882262211408123481700374484007705861823788030331373024722363145657079743607192557704207086160573881678249320714738960471273673944412961224140499461227375e-30
0
4.96396063373053185930011304672505122569877992262132692424680225648561935181961252442831430315259249323086445930947783284006359629459053117789729237412668392938048966333954017516338e-31
0
2.90496074321637453824698169669961285892410776906442577656295746627781721609898720921495610660844976405150003867642501224646688316337841812933020934390383725875326488816369137889598e-32
0
1.74685961620292076234290446134321810677104856158422777796045450117391591674174755157982128244999344509103429681364184791035865053609499401799529424089293130181491210878630654438811e-33
0
1.07784444685824006737456248350976087674488547539438585946310905952415603909139075313531419620660536919616422678082546012043628426291896466145378862015622570078084039745458120109869e-34
0
6.81501681871506271565822637630869230575398239353711102394261741680876157122196356290796680834050589473234644010714556787331072139344091660671583502048132391407400335793366592176345e-36
0
4.41035302396623615065519733641863149209775453309115804068786465992964730233587151296630280091645618355925439421894581493364793616594179534926778279955465638560406911319699614661325e-37
0
2.91811451031898608148512258176886760495913476636273632588775120743192329683031339863858368030807071653290731856655512544270064441456119167468670093382442623899784122692843761618539e-38
0
1.97205819167123107695337698455996848759789820651462375029475050413788660585548013347680660775971035664642528004609936081406921780735806451243646508495953105209229960332153049510376e-39
0
1.35995901359568273933877365616105403422554890098191055744683869979583892029194573910097194658097557753750487295684479048574754795049960667360841555138468383482880377130224633209814e-40
0
9.56206036738759707293511180185108156312799711488170920686148352359333061934667095440907023994506820113404247084898680466589014405582642300075374809897635047339748008569778850262272e-42
0
6.84943716854764224878020316109488125331609426978172283692946142278536616010515803184962561422550586569831674408628753861998203580195710901391590382539694954936372198939545530706783e-43
0
4.99480663876362375921243334106349950307511144914320929994633762443603405708747505478938067742802993823488942215599252148591099484840884245966653313200622063397630025210674220117195e-44
0
3.70550595769677054372497270856203599594566567309783972547122075870816965626729626206063178453933107114978803049644737818878206717892752599963649619072721817374110101814030618047795e-45
0
2.79489762317230751088062662044774705853772485884852516790635039307541531806125857229069573610195173379641357639507028938370989290782545322697282265932813110564645485878278138320763e-46
0
2.14198455764431624359871687564874649656110127002554297731818245205979810666492551833065651137147640610403384748098926078251177261008814925441467387913915280490026879773836859753165e-47
0
1.66708453777944918775058336387623687132081514881462312380114491251750236892832004767285973896983642792095159636753388429199800176613707780682665423847436570950123064953552009617351e-48
0
1.31693229041438889774857158114645594551681753405513108768206466151462420649128403215821330019696687504432661433469340450605827890500399786564020145265439349267721937010759064978004e-49
0
1.05540963272911564086715929794499266304745142365204586418018566554377262813706185395181125688618698304358386692127083904190216857713099777497176164624041908686760645365609913901672e-50
0
8.57689543151856294145533466100149233750641805815858337465622443825437325960669499080733554397710037106312786774573347770107384250567928298214386205448109406302878737884664151862266e-52
0
7.06482969152838559599507213323978703488313036137344920644153728439778108438613626008681495116394435953279929105156127702984001813639615010500354749173219960632830322727842856884877e-53
0
5.89599821265548537006262588207948599877122551740910366837167746173410424618093913882504154207560476801162015296783170998834035592986750420886995408346979991663786031280526181815679e-54
0
4.98342875696369441563219709497657273561634256072703163896107795910095956167752616729376815883441522554502081198648029048925882546865240417350666585917988762002888983592522735046827e-55
0
4.26436671725623907889684897383025589683969986447766020202645214575735842138984876199154019159398953442118730148678152135967364711880765461763471463681397536077645347777677103486560e-56
0
3.69304483832638176942583780522564549405882876069143303964343485491059953641995639844860462528207095318846072358816128783716877296270359988215170537638924734513475681046680213688841e-57
0
3.23574560016628414995368518576121999934047665067052776958006156218974891430373508131508408512229322473364432475886002367645399744032118134350248050525951133580927014022658380189428e-58
0
2.86739166273175022726023654865388574589002902740564268965884445183860736688027181542331651759053747184068411978266935494109918545415788670598483722903246156632252953585157189203303e-59
0
2.56916640983616815650558262282192723593349417567236732725976787303078758913912114333971300576328655773007206553057584416089513363628595488360142575067179486996007057446183420834981e-60
0
2.32683655531769719546227399565189318835185244317429964215625299648545084539773062079823821578751281569558227013428953259707525662615662614032514284990807056959460809270490009969185e-61
0
2.12955833350850763676190344837008625661437446267673265210215379059494249804659015361800156916008865218691462512389362676200443923086639027180812707776704549142950814641621125131518e-62
0
1.96902022963075014982908644879570433521628011495822719337278651766653053261105450113465250218313642520729781495354707318391700036085069043308125669802808878657902468306464003414411e-63
0
1.83882228762247906718212406990547780425847955190504911524460699347569998941824246122691921498680916943300139298730414461391479580330401004823306219597162759419642341166231457937979e-64
0
1.73402339118160417554463853760038174466121333016182198496455493981101289312508892322695153448280565005026468746688903068794127326561682854227169884356598967691116465606311856624131e-65
0
1.65080901357014843025118678535537560573971362783725876593530864856913181776782825314293012240793837149327572920737206977838125052413933112517824850379995924503671985477211365643445e-66
0
1.58624627178200495893990558996850918310897759046386927655549486680905987012297522830141060448730142518711136993716381399460202085727766198624119049151755981152865566534163144212352e-67
0
1.53810296446827182198511955837419115802066044464171170656996691518125392083712550086733047177911941685651577633840915405645089524649625720496637091121745443232568861049451734764545e-68
0
1.50471409971003835260133525400331961392232369326477519021684698340817330071161149993690057866690299746191259214740505693666378166787330303581971771720770019763883780428797270301554e-69
0
1.48488420475674809657795301240145802778251959051603349926060192114039336067297429855670500698024782278426290224563322099329480081458391672719438562742157794168603449431082822426577e-70
0
1.47781710635655298107949440283788856732197499475990719127725456340404931600320808391015349083932152259835754735979320435608426841694187463923664798464844745926640987168557531037411e-71
0
1.48306731618830650550556184308278660068290288346277058765461691240588405209926815094327804019263852412189782696534994846800653668353739366032481424426793152193422552887705281927514e-72
0
1.50050895053143139127012352158232174310505920738313141195705345670718968944042178066002160475438727738784985830453362760314042651860049104472490978616966117341830315344165642790766e-73
0
1.53031946381708764050530320072586791924433150791477887768748658781239343257100908208335964396788353678721165720796086013079175050047809013148805068595785666290009035306780142221144e-74
0
1.57297652811808928695990078423069490016627216507967771285427630107717999808462009446075336260371568265136577529208602841365395610379018334500864888238427639857371855368200728858577e-75
0
1.62926725063880359491506712219321916225808729170897534231005538734546156081582989277755912207730651651853620506168096734530467805628519904117351205091450077636108319487370134381800e-76
0
1.70030966832089762569346930972464365865381361483800602327955713424385680204572711928633385368751569325362507376236211439003388594315790171124980763914533577076261746104921966785529e-77
0
1.78758715589294167226823586232543760686251195267310535091480142861417951486183065919310949123289188758327153531629039500134218022696812333672814706163664665313011146071506323462692e-78
0
1.89299708500087831889170297318980081131631004307322524921132636304658351243786480015415391364632032109628921694549242813875918229658727920071552025477203097253354277909145075758649e-79
0
2.01891582780599576480711575824901667500150959229871542854623995433403341258660015766373159302621034423387497448703615187808682383051071116336914252859835345508019295002085981392238e-80
0
2.16828306008603080665644100579279263096934802220637275315575586261081189891341331292774626870384030979080293060321588842873097818008857584162682922253811126563824902962758485853929e-81
0
2.34470934341940403033356058713071452706101245063229952418826530460181504507788559712252895190822539336962607752944128140380025649792894156593135236222046983175143657433084921058680e-82
0
2.55261222062171195085910685417660195093389389602776140102218785986778387806080353658696045656224525661493455190052461329346365425887733621590603084786721195011132775035454823141123e-83
0
2.79738762580748926679156385995710848496190400998268834051727084344668027913855160199672266299232946625676763094582062854413722006632934775278268919632782803958853961757952380729422e-84
0
3.08562539466825155642973254347417819643606736090257756114852093793121315678506952848306824701915211302622765893001683514291513645613308747460118480620691889177728526424785663090433e-85
0
3.42538019614540700036475597707169094910588459475254809144613934268022922925813049656415446109210845382787992938085627231896455359310944311797056086084688707738182244127809738538658e-86
0
3.82651246851419709790360356130128215947915296497670360367314372395502291965864571680370393508614132179092256245638113370872494464263743279638703838270227705524687206661075516472441e-87
0
4.30111816034248171485342652013088961507983930610501231482318108034441622831379091336615773965109818513684132043623655058533910086711502669648777279259978054125672423331517926624105e-88
0
4.86407155228477765598758520286746623387925088092228155078607823259692787065430247517887568927426983815582273070369030556798858163939615754301705777526945902517087846457634183456668e-89
0
5.53371256967769772292577953024929818344548639968503045120513439754033557272938211070516525679193500978305680142538790623058996976946642111081051756690467340559016844834374342599776e-90
0
6.33271932049741681471354043196647551459270344918476496344475739646503497633820254376094641113148219755351497475844881779088749920765300842181709599214642473653517783929713565206880e-91
0
7.28921881753719393935901290659006324120133320343106026467233102782518961947923884411971955248346789437819619269451532504687231960789033266751622029041696076050734413362161523240994e-92
0
8.43820491538421779823597901932673774956529523984351652140343348990298018116711965467326838092377254767804344743166078140227602105178287162815211195049806394517025347271498114845846e-93
0
9.82335368195178883650444998147275851329782052764936161629339148797259030462578863345969898622610017922723184157773338831903104207770954316799666428364817741378858098851208600853685e-94
0
1.14993544373814423711100018026418215413366736742548376112615474673268607440799696337309322989777332924690615121143112092978207017110102881158405730561625072637001996523065803945561e-94
0
1.35349118287690907642961009677223760915280211059985737141983359950512211654037405536656206914636064405685374427119092803614064477360959866276745846782380902864666333723297261914268e-95
0
1.60166236718671566207617946291708850979041190443260248339493096424559844838333802881352143761141290609157725979253560351794114210038216601180604194345798008009629132972954773408549e-96
0
1.90540050840764523936121007821046361257117330148904786851465717066656589197673247086815817582925439249044578692454439005535887067260993736384611273653526535896253821598243365951568e-97
0
2.27860173624765423561377560497368568009844630838362208206289887468769227793867505504148678149242174655815382594877330534378770400072521311176162456699422789475383456674905982385381e-98
0
2.73895778912276522143300899717613637468968417493336814770951276920944782230302879919450173375263994292160596747577986502076655597828210980774746970374753265284890632217542669697415e-99
0
3.30906856882133672967768365820729272879707437607007066262567625879018028392344512337000647645941997344312087561541410703538092841438098893692476834134256710044223100978480025336290e-100
0
4.01790105112787761851325311257361024845297770144267363995308211988608104328750810112705242320756060480815299624777474406535966069192798947697501081758513966186467334248400946432673e-101
0
4.90270816091717807515442646942907686357830863071453488339414420165409579544970830050961114589055863857265768542420270188865165718607573858010090115561265064194866460281702009129196e-102
0
6.01156025359238167280393136502109149876323555350121678954582876481582317508031932593271347529009337598112827391805681030276991895618097142553883180374496510418698815485991079505032e-103
0
7.40669485945664726209931574590213886169520599775668046193749841166086519071073892786648001723428466442690886340910678742295398474568998713246454710215590756271418815384973796501819e-104
0
9.16896254491831485891332302611358999145250489168109253046978542040326767792698161088530097774092532582854288345968477329060267689050921791956600007214309747883653164307558176131802e-105
0
1.14037453288480186659555984126964809433170311249959154097266279355111211731209133623291809199074469524616420017222085861727930115450766258094252745176917999086353743374331919105441e-105
0
1.42488590684262971683030657619146428898124951434374587058307553818017650941509904863174281315357689812815796895793214770366185518332283863765852466843047236091223178539869976584450e-106
0
1.78851365240552147739179228159289598133109132119971553559096131887845520522450795545382930654560223230903291565664441189211491219489251343028199493950928682880172997579029194633244e-107
0
2.25506428651902543881825637023903631904741935398156627388020868048675127443793739087503228082005713436156280183564459482635745999184842578827701832222099272755531092427268152940662e-108
0
2.85598273843863869980686032408957138609474433719289324866435592761624243045939405365116194222385496525397066465273336542901719317700852817369478778755458699138558312649166891700374e-109
0
3.63294022916608540520810671940667758874488824192997350029469365597812566674464677582440940460832899457647593143328731611793099535278047495760854106125582476221013993381651261024715e-110
0
4.64134153043648972384524377682669608528062794415742568890629532715128072666749687443638296234074595801835729393634033755187529164148012760290183533095580463644861648484619385357721e-111
0
5.95509229409991168641015745702261688952058807222359644150944095122181424903955734505830335065995326205748798027468556537975014816706358069535854440752435886818478282788553500511117e-112
0
7.67309828219707760159703207362396349746595861851787939093013304001935194202773694156963283377096111598361375177168530152981025664725909360401836526703825531066233549369497254636312e-113
0
9.92815172481114450900121623823009358744126198142156251747867224193452755749467607591933029894059376147956510860344278224233644625405058061134176760768346320365140418645700320397185e-114
0
1.28991171842728553064092417368468365202486833558189953866270499311740300158998196239601886845391108507575836469814290384364266351898254665027467530371316136787344639345183054375268e-114
0
1.68276908158723947181619336566668591664553383155704725420707901975110713987829031906680108470901193693824040655181879793998415185358180073481851826055715518896065818295833122481267e-115
0
2.20415164664500165803989219821382971340395326096537048336679982816127734526993612809046951738422000142075838868397668958471485139615814778598645764549672329039158010180204770071811e-116
0
2.89861621351635930440646559024361168448858431627370738482196034896968759843118212716419027511196085314687453479557103532830746166944029641554443314503576662076674625576109965827402e-117
0
3.82694805614421329748124645892385001621237296451128435685460914708183050353929629363728448726039869040385447843156143969991543415857613444976145976791129023832503468294733439285713e-118
0
5.07233269593652609243181711315525597106784698891396359652801571515040142331300405838515280879977354022810059991422663118484900574755830125620937844320415640114150136199584255167396e-119
0
6.74896708931098101877738553551594763947460761445110358963942745769150404178977201852595946099116458741851232757017067230891010092062545921982903785117324844027169121373620283377603e-120
0
9.01410862776254321630280611060695685571392820097559036039511248719786050589094277605168662839239147051850085477279407767461074177655640810610593189916669583861908880071029092645127e-121
0
1.20849822035093149755982311521669652277405824060227212946816920229589273722566192290620920518883637122564231456630717714883087369441630587466442518713021362949987006254068630674489e-121
0
1.62625710087648354732874850438197246102857220978552225965843124853023987544101400428080911632809982479776978036885226943348206346657876405610722792853138266114425791105121583592292e-122
0
2.19651877914819647661148775699843249744032596185435777284208492255001624655834081493875512119179954558266861881570245290296583638727044777240051995220318956286136890283956817262590e-123
0
2.97759797123922049906512577039000742177670679428185278486652228712496238517528029178822862427337991144909376451967576824545452243542779871396706104874020456599373902987983480644117e-124
0
4.05103367979576591944129799361593232909786566878071704453304916566859365953697963605105525901975495935499658389032975249947049939471345763982287066132233927922731878771819077915594e-125
0
5.53118078373394602237184497069340694802687092028336564275358198119867988846377155664791887565755719832897094366297244712632689886161931918980422461771568249166472477910023951628940e-126
0
7.57889553682202462638638673129553459976089565765089469435792689490624363333085322946417085791389073413249915914390144808402759589399060710540972140610300862442097540523761940395557e-127
0
1.04211158212172371473574657030245645546364275111655706233888106174468559952682731824420806280787734496555694815198924351880637618957694757693759475961528372291920959833989161644598e-127
0
1.43789515175853820351590320595768691542778007327425458054808791317025110394216426975447232928321812475961697946455224799090541993719377114834823910290528795533121599929495147503071e-128
0
1.99080929224394502242372354564286979183126315422392321039519134162245186668846030772153454575421963695281591579593249480404599283557580428673581239705011350392082322312011541826513e-129
0
2.76570955302983142003904609998197450050163010409538917118821229650130310019861038391521812032108781189256317797474068278688738762299209400809577672206914521455028460868441612368112e-130
0
3.85516749081590973954713357024616945833184140999806491251749276259445146455039013977200861096211348266189231883674578111693022027639977707471836593888250881472252688821452928915364e-131
0
5.39169439207067113007779715023250963151249172766652502312399316279403272143495768294638773568124061694068183286803127984562579079766980680618445653168884158056399699019678791741372e-132
0
7.56551406957904202210232212634437068091359187808762238607552315671271513703321374180769052186315040105253072244459338561579107028672221180690621872047196070622016628761861421657540e-133
0
1.06504719225444135540702702927573019655406329835381638760509715006840149602520082756530342240386589656352914847266532173156791692518428941053676657545945056381662913268618174602805e-133
0
1.50419040177286158564208540381326753009755213213961503426730908180221562555320399551092686144095082581608725816458228776372292787725857899311557562689731009900848858849693890359906e-134
0
2.13121314312385445324424412515749036684480589670498445324045963107711914538377476604182760216901728972730195229188705843310038096609011131291337746542353863153904266461141985170109e-135
0
3.02919939338209116229764145958329422286406044143800843400088126891960786126884583758136046189760371501741421825812916322758559225829128940848028209816744164427291377690005328732208e-136
0
4.31909501195395026584688987497731579888431492484778885179169151467469713596600408464320082389046190376776494146387175074175228160480831898998122037594952465172184670980621575763229e-137
0
6.17744397854338190116185519263678590079508296643542797659226609997994879809292328321350404487225936123345485609628803178177116115164752782021562026057323433272064430530388838730337e-138
0
8.86264779219380131030894219710352916251867958534348911080254846294478154498032363130253228392274870445577486525887207033438475610862475402508698184262458978493596664812679262009557e-139
0
1.27539423371841680263858943586468002904741331091892607985458853628901526065114677766410156939815621712047642642602402431467885335725264173534445475436869087366401325408395248851301e-139
0
1.84093970195893889699049422329802080078852416494883171148586583437467454710836531011307774999608211976471412833027254984793726875007475009009749342025588163326978398411882416134780e-140
0
2.66524359128655003659825098458049677386002072987697251779437027361854240795589704855954832075375594730081411852798599582534902448020918345755859306616322345632816080499960241287138e-141
0
3.87012283698592596290311296058878884674573578677604338624746159414594297526003194973967571642161133538816125960565311597663421803911391440170735697735297371252437414071723267282218e-142
0
5.63626689166992515436839643469058240380350480092180761867732930964231089557372256111719624184136638861821566935198123552662461503081211333507274958168174776735549996421134326475154e-143
0
8.23239035948930873308814281070586244381422562752266774718900019951344099950177337805743619636140277529791316513790497639290295814755922250141793879616086732022698580965097871851669e-144
0
1.20591527338522694347843409607232147003980775739028767818180973983557673812032140771939175534315873516098726503560687312327276708639827659937093401997548276037151710368039444569988e-144
0
1.77154862990097681035981288461754814574869640843430884959880657528034951442913670458463003052361802713914204471228151974573078919203705802195432357694336331274197663292532566593629e-145
0
2.60990070913761181408332927242890330995202882927941178123225659249139795451383803032517563239358530943660830102996272274603391597178959774441843541828032646881124365973955047514273e-146
0
3.85583879382880433128190183204523206068682844760509436790007838928058414673358338317396982763979494828022629045446427170985889674814719570477057173445039907865799177489157556254255e-147
0
5.71251358579178783532445119891287252988914648755410886312523857128367132277921115923807764804840985489501246591620998523095042160289831850681802877125791594934885896816467318201963e-148
0
8.48669898630205173086872958414470095073146504563694587236767040916489967187581820911422714261728192714704414804152269133679802775185649397785408845716469226628324707271356155702194e-149
0
1.26428028557981515489286320974285722321064743372659571981523630627661361199259298608985031481903823345836716281835376827089038265790629268991650339229730433366453687325293934955443e-149
0
1.88856067853696741785490282884422185976576074454721500517421426320228257536500066533059314719051984611108166419653848826669171140741902222047141240352179737068414891290192166497840e-150
0
2.82873117714074489896799044351226430013634996381475455802093387474894278117057644006764961440321496085803744261053835201219045098901606246324579915132410534850387105438532784960355e-151
0
4.24830671191088575851972154069113562592948322246067819252164501251637870458562807587885596582881397972603823962624038404428889876785273006099895092019805210401492396245353130912871e-152
0
6.39725914415813230980824534133071047895158079806589071068117223442366093535484426347113963677645021195514859775548926306645283969754565217282250171777048267941550610459307247787121e-153
0
9.65865159818012753887489437767526713372522401995148682650314688761237888937553099805980725458283473101618283228628043152913204297187388667239438600586402515590035498562027864967426e-154
0
1.46209050600770248268416513066411373574648412007268671915904400273397354222780529842323874605391793631487717611674533230164017952073429806599864190453060857626982304990696078347099e-154
0
2.21900393083469301524079155293150127147357559995805125069755970144592511108924574397178003626022060592665140236157835886626888207867273817944463368987990609107228599459999526106382e-155
0
3.37643922033997372197037765594274587280141487444659688709647496551226470667126298592189636897109016377617472263841408419428416805935524302428963309599191125521830402973001548285192e-156
0
5.15072038414605078757879095661888395356023277186062014915755086381163618725043353152387760945383432468662929607606814540027171827462584223454497847766923795092557197216651935961765e-157
0
7.87728276494724462802919487784909571915473463461378002132920980540257000836977540023461604108390697206149654500651007612650581899004368434932787231285494727732668696388684660281026e-158
0
1.20774624430499104070430151062541869729771819691809414710666311639417892703984076931257505538147717962516217185960221257440130093921863342625402422678584048182155565934694155008539e-158
0
1.85633884831180251326709113944383743415140588206557216732402550433382295489733786166150155716567137775055222049666391000212530287359357152823454026775327791536612399118508248336051e-159
0
2.86030751363846665881366936988191067417837483789864937279499704209307221486935239644997536654384903122865271276366581130485673131228506631949174344962077753291030606137855017691127e-160
0
4.41808281434264930281747076295438941211638978015217287245282132787337810715664956154302570033686303539851510703217360304389023600810215281211634837962125437608574170940888198844077e-161
0
6.84088800453391560569944749416724367900059686047645768231320304815003549940944085062682526561348431737094166965924629397737595471307453856788652487765434449105411042727760946497991e-162
0
1.06179475525197567213396991489721613958378060612123577672215401800714232784732420306078197383652436217017175927894088738236751416352386749545577710875866222812906164440267275707375e-162
0
1.65200064729043270999191666880940202783292506323507547990284920302778470041489789946188810241603475595652006370217509612134882007948789405129633454671658399513262454900133650876973e-163
0
2.57640169252451909846627330001435123655486145098848629957271936545051487566694220682823544079538990445879116932436697298103156216733093229196197994479845705896682071396067382925566e-164
0
4.02756866536394938499997385496805716574929836291794796690139174946878988122773423517074069816892044860148001906310336618767028171635626721152807008354530062726033465566547392083443e-165
0
6.31089188037300088852378670382981907024491297057033660200944644180296316180508411996099962916234754510233916885338646391219978358618682000065943538454430281441045402531979697249708e-166
0
9.91172927121199395295066630039318902273215622627719688164288007187336682171939352173444385017205995146294758939007062644001635990033279596898696215586423385741384574284550073168207e-167
0
1.56031263015343545215488878588854542715082504817845598450794371079676017439806913003937780290164804452765712471459798873674797180045728555036429292156368250356644992297575771034021e-167
0
2.46189775726146141548178133787410539771855736375629020538321393126379873455619756660476969796013404083062805435516116349737258850830684618773673475956067669626977256458335548929760e-168
0
3.89329568569963844092992241485792016839034656996010025490718779108246613436116568098173264126044884429225527939525403559183697271388731831464274285480530039310940372403015270662625e-169
0
6.17087340606746068230788738300973977366523120971696585400075674000897380481227820500532261258112402817298060459613420195345737174949730476517724330194907743740997563982505612250620e-170
0
9.80281342373893098021248601409657133327088714315181731860210347136628849006200832900602664672762673639270442917289275854064625393911362418617027317852911320692837312772771094013692e-171
0
1.56071195580662136267845705900728567625505947967272521743236279752876673860295164990926919111173817642051409655290249855561676854490439417616897087091756754635254811216057824502641e-171
0
2.49032401897087087116912939363462576619251408355942126534615265181809032843110691200216243582471628036645891095954298429997200621473619895153046997813591660489382154759903262368958e-172
0
3.98238536704175241280044449877178356415949833105623462283204577463090130701379104114895324364076749472754535410705134175071678165423630878210027615793708024986895352749349150867678e-173
0
6.38231695896010795812463172364556709195790245136243657599506826840123364173476520059133208043750297934591508613333116607946195122349702874969677039399130507118625478423544406579061e-174
0
1.02507237326001444838634397780958622369376128532892234102054806720788637534928843630920306500689257524805904038821630163771568513525951487542581528228198057512297455077077120583766e-174
0
1.64992903596108375925769897695989365033613403331388741493396993308473694416904025103597319620782709265556799226839307868990093408934962618146218963507519937021914217057900283375789e-175
0
2.66136327216500365940912934488949687162244007270020315922320552755310690457805738449483552186845142925577920305918058424839582127906770846137252382566136400816187824949366214303529e-176
0
4.30194517658579459303243574572153002973337972380531602899035545468079563756858992500178696269609263104981301064601534090048235228079810499990232445416540214945898450364205367461187e-177
0
6.96852949204560941211907733853417718557349795595465438145915809094927468509404057129984709963277022622564076337872925952046648355201485184880989924230948394742974042159357632060372e-178
0
1.13116716170815179318112074420851953643342760927394680708696052426537172788771237269981349506792643822562033554411117627441139498714022933237301424887302971805866483333788420766150e-178
0
1.83999102103936425486441920835455705919320834049991362217066556773632323707852911593673877636996628821342315537915929987043289089813429561535669654553024949041811844910312772075800e-179
0
2.99917532285601311279605614117371627475487612913676652138548250587201961995251700781371391373756321193019213023267191806486640998736989736361673165367026789894188456922552132789663e-180
0
4.89868236385286782597846403206772432365610402646948944396162679579906683297328099523484007030690318175869551042914410743703890253936808245603010543377354297381251860302153820123314e-181
0
8.01755770294674771675110158927418768345374426007932278533687012462110253953148426289994746097911936403128710137192801212276057469459257324953056120839332854475197502550327402829483e-182
0
1.31487503246201377870352898119896049845019948739540644503358398296609700100266846457119553633429692887142755751186385459987531911131557057950141644618501852498758944585602021451325e-182
0
2.16073091622533380786705107823176482719453023539232894720442473042982267485178261624370931181109975293656523976193423929516605540137129043523644095469098529963769993562612726861982e-183
0
3.55782871352458941319076191167183347829861658361357495227065646794859422998211827134799708654732079036605431783149007456269191713742312893097370431684639176953817191882046998127638e-184
0
5.86991639204146504586501574745425532102874255144333013222911523388483702820176705904975051190632496892490109633370428371692895649239082785831895316474518790285827776701992951944744e-185
0
9.70366461939907255536832035374829516769067255173033235837615665386839781889465857392863907940811605431663226247234770371428353246307365787923598800768932427681956404714681740067697e-186
0
1.60727852077636873701740033764344885542497894364948732167798492678598033747982506474115622344710168833462190601297719506130777104694969517129476506212302536201578722333265871948785e-186
0
2.66742726452236732610515200479573506042659558589652335710389524952859227933953714912054955090825161399016218986726359425982995474886571853392989599428738805384948002657791638431227e-187
0
4.43542006391856333368233510974767860938243131204233999093560164180451339493397219543541937262635231810064269115759028392647557478804387371801039280481628276042769249682249746401286e-188
0
7.38945415086074418581835056998643482403664913073561353644487599935298759405129294612054554708928201624094064535076900033991370047300400433883185124765047588538933825424724090758911e-189
0
1.23344604918716366777677778319984897058522447597708963358977102562245601074599255334459934247769884992520132594043886945813896355406533178404101105424724514874391198356496712773724e-189
0
2.06278032517475189501115054074958336480514665778443303716024372843645175993397313141910650396479491912017450447517210935196105770766413518752834083299392506559250305425703707467817e-190
0
3.45625446318598003847844890478793004265747790308638668223589702909301805240597372775730374641661654446335858680422063534228212117605035218112377882655365132229918026059555749967273e-191
0
5.80194071633249051196831493061679607257009953224652133417966589702275755292348474339999678275578040281677848137002526639006791534642429142996637426679333618042316876048628161908385e-192
0
9.75777300759141979616521369563950700250026208000482915927876415048653700950133614982801689083612332113980715060543776490525390555342260622974315931583462242535040268720019288219181e-193
0
1.64411819571911454592552154938686640566361815452827507678400468481570943056142810111728510471331001101382448720693773017725930297512192564446813314356546443779184924429553893733160e-193
0
2.77533472737757336109533465721009964150849661717685153010803208628086227486822542034521390167289618042167389869664813274756638207462208660545377462220774999763862270050370772117778e-194
0
4.69345735706849440918070979889060326971696263471059076726442041762600902504020784680619882156245866339869178544192680668929166087995854280740138123094598812219853864761202871765689e-195
0
7.95171435705224016186821400877037383024534026631944281804326198221717795492460679294853016621325008930479409465255736354933382055744403719353381345787588159112688943661873521772814e-196
0
1.34962875129328689789172158300356017422701076875323224518620245863745082144230969711326210570097956842317749123736502862034293935965539956364841328023241032861402716301052658989970e-196
0
2.29482117103505669336482748783446193432117765919530693198293986311486561847707708241830315505079860659878081028579066544607130828917266292644435776047057492384374924007942041190176e-197
0
3.90894644199390652537687550278409333493423130577981518311580390299771030563933287552663121220840743360892936561187170524883114905817258961867931360950857640583000124522117840377771e-198
0
6.67025378661585743507700861684408846944657479526345358224219711476848591835068363434583856326720564593157349538060510262232371569993644776492734237512881932312842943320172077326107e-199
0
1.14022938994450609127676320399510332826680147912531635846654636818843333549042501435504507316227713876925022175846414797825723660225205974636507940166086344174150314973565775306963e-199
0
1.95256210371957916748390167867667033341040016749578854849769352656364294698283565427665100215723254313022711941826505360866731586321174924575255535116539157309907255627521528639959e-200
0
3.34946773197368335549543318562856474864292392370034140790984490612925025373598417377167805007807283568726986051358012700349121504057528687179206702159769581660246365443635002238610e-201
0
5.75573339492841683985198506233580816887265979702809636719576257210324687812509558335809276778598889182756645801388968416581929568350763846101072915895449783934577603039364267625569e-202
0
9.90775199092647846622739784405804183932024466028377952889996917830906199496267520175265893948397119830101312192653892195955654005852711951474583680837885841837605167742036519511634e-203
0
1.70842089451632477837501160293857141695969018420810629700756738062466750991474163898085444133513818523774813664242773580746759791867887771460310697440896890718558189129421656751218e-203
0
2.95090793102319795245166410003983915925149127834338316683364689228051195805271502198297653053416392456235164600725317265375638127735866012489320982945121304899926817694942160938065e-204
0
5.10567627259251326125341453261186786190819080927971219714581013512449700854768766303925775560242452751081778692870893910046319354746816103878276255553323031571016297472021796892034e-205
0
8.84878320538477936477041592477347353209446609592668767439522144889345033586128007210529853484308328832015654472513757461884681905030381426934863171703135780551393191860145541251722e-206
0
1.53618096255825359011267626675716994425814350500572657973492240445472411536742267241982151595203911123841258062760923672648674704474283057348448363970656651037667658386851189822376e-206
0
2.67131846427523410277095740861357673684494557369821939924333515303531946231755773810127555942984245699389602716267275578079467225534294556313253453934947881880982083032134829206345e-207
0
4.65296063877829638160983509944400716234228744928772231712159340618107647949663218508889484861874421364959958978313311676231139538662418435266381574777524198006188104957991989287500e-208
0
8.11800882947358323838656518728931046489618261230366991088121160486200543793743582459426060022492847042924886323473523804460278341042210271004207153595145435685230737026081263350409e-209
0
1.41867243658456932949060510782837965499575944005032494384741362019987853910470264144797799544318216643479925996484475314983953378605240553544501799323236864305900794739969430289620e-209
0
2.48326630654513415458008547953985906766466688798400252827377455468997629274467345225410294211974262388353139597350701792855552804986304787526839817448431878976047681405251433426529e-210
0
4.35380662925909017641357203111164092615812046686292690262693727400755465967966090618219680813100866005465782345524165593354083260700727208195304314305325499050037862492739547278471e-211
0
7.64567462915173385005721551677003750519582855687799071083553830884812095690743707137445237741959320034629556560091865804143569726235577187483372780841228486168593333422685542392429e-212
0
1.34480563999099721360905581098865309718144777619034748853167905573264523953950409433433182333135882026864706964650446142554567192096096934647364193017096377887006773398172197936602e-212
0
2.36917150775078613101529151531758325244992422243757724992526575393423365779157274160662888158005931742327947468102389839537999936243691719019361567952170514993386479827111763136753e-213
0
4.18044989506776007961253048685689667517294848067218832644441494810155689319761222018126747610137297514117371928116791022540390673164658500325809339046145934908142186348027839150516e-214
0
7.38814474512309630123389947204591201680141025910881049103796118075758637680000121120009514960483648180043835400711425751581367266150344902550029318454844092090465861429285056539532e-215
0
1.30776576596741163282868469742864692254433893124059666490614941115642153865685969086673588249737313699838587708309807324991087502097614708316179880643261355619808672314497489533032e-215
0
2.31847869888983749855824562941689146812245902298149005252653829313353625082794814751623661511481767667823020187789359026985553864431805741957742422364182909304966638344807154344436e-216
0
4.11671922670030521752770254855072878630204744859704581547311757020677919440924096785409418003481503009296062643581871171264811074847127286292232396931223874864654599889665774948386e-217
0
7.32100708013392789164171681184908045636743451359765859214870571107832171764238997130236169066189342688409508689821094083383973333524516164091294008748211369826616904908693706175266e-218
0
1.30394217075220859513546454034998432250447230777286256516017611807514553962554203026894062850664222989743466200967085163972296643387298032220548331856698666896563876356783132063553e-218
0
2.32600303664262695335720391389490288230740604605369949719678862087108059841465686063582712863533971843919260381999461285702656112755180830718609860360567306332876776572993162469725e-219
0
4.15549932237924319256618220320056641021551945294377763088917071119907388825416827498614420397986093376343852723102908830893923246019506684409439406332080143098213802423260784754030e-220
0
7.43521838469790919404361991312407124157847223552132447559184740661649113648174588057215093787085975248685758995868416559636203528643583574410154386063230041865509708680941945274260e-221
0
1.33235032299956597641270760729281532756070343071968029976316489862511659109253796595575587369531701130172076472419423823331225000301645107083753281680218716679324530449824970890706e-221
0
2.39107924561086107153557819074370611374094530349953404103451692871254963731990564044414430265192202923047637875757936525944835008850687983418194310583790230132616838662371705976533e-222
0
4.29751124163761413017956790097371500381910073476196027122530326390058886778715519058167795039479366712892673110238806181225784871825252773686151954269738860932115298914767669262682e-223
0
7.73542704794180936326281452357997412323121815686951603546765634306668771543203496039117118698796081419575349347384699369329965956867310155180859672065742717528890841335530137933058e-224
0
1.39441654938069023942126566325505767992190058524271549514279022221075903324246837044479033968883948133254101818703087712307208478415730395616375742289878687385882793476151970130749e-224
0
2.51732037843558216391042737148862906815251910765036510852251657730818563287217050794505928985436232380575228649339809843215951435405703126884117509228820873195716815923242965463714e-225
0
4.55112728935149315506391226738351981409044187934275475478272343963190614469761625412767024241636584434119621627815126539847107737177397429734653480814574407207590839246034211882715e-226
0
8.24006862193648133501813392407121604207795977613875954667154119427493627328832241186611794026839483303719715460103445400097933718573707443928322640334252050660614174217637876492959e-227
0
1.49406979635395433010326249864634822193114661609851753266312091923316414298766013865434416048532241767018231873081802513270748679668239188759189880267559220391762352631498792521887e-227
0
2.71291408730004566269966647788103780906520700824223145966105696521771974223984679093687836977292775263886949825934824447608741577664673594310255275035677876584831847900526091881272e-228
0
4.93313731959283773763957408655983629346103227868944785710126883320932808551223668563193676495527066956577571113300850475854563791676271009950628520862688174564369149883226534333646e-229
0
8.98316380423199542969215694577556996144621007591195397165588275004833082716496579416902231762365866737765032760521201120434997656391653584493124263305988673308138514666464857856184e-230
0
1.63814126861249254289635303406594840907665785368433114388693646466042483292551455901757933134126009329400322469047216932715551804181273495614378169992181231837069433860655815481111e-230
0
2.99148133168667838654772098778106079559615072053674496786168627293496101875263354276905815189043934564729587019356219353715294099193652856808586984684534120671210350771855736533233e-231
0
