0.994824014172769664437178206447141661407350340122710003317359926978049986274639820567674119807707509883224220080581043380
0
0.0153836293177688654545579335979486013538508289088390548838556702343338972376639759715732632840523391814979846795702582573
0
0.000237887352551803248600007473535020027784645472071519983128640952520908761417884788404783299005843263763668664676790244848
0
3.67861129094817583032360185874121118571119237589064842783726614072007225557989159089456234246510074309752722783097973193e-6
0
5.68848275653687215911519967891908362766322853557320458845560831303867052870697565488413966611313177873069200879064230422e-8
0
8.79648147414801210193055277234087201647564031887644421727126669867001681310381129198288889899675874572660770597786278330e-10
0
1.36025878317220539012865314307174904941979053855429191257599723995943491903143740248405321298587052865719007807365709738e-11
0
2.10345916447955806450047006632065420017355415797870629278726453732605674628781515937739173845660252265793673861294742274e-13
0
3.25271963788739208816832898793774360420382330137281448027345161966755780520282844801943638383898520188670729845667955729e-15
0
5.02989799914468839314722680887167147255475632246870413915587927624322782318710577615853655724141033334150469635987367372e-17
0
7.77806780120519310878871731589629966204876374372075318407573104059320386503035088106251312777321855902764693933475347208e-19
0
1.20277466323238480630951702444658758799595424666527545563667680045658311877867858547133996715625799533442623957876222209e-20
0
1.85993093334776419520942292746370110767868355055064658697204728914572180811655035093698506648869171724617962927841426534e-22
0
2.87613564084157552080375342726484626053170017090843402821053042460761734848746327164708616258524035741322170370666511157e-24
0
4.44756096917523433537553638410133704900955807384668838822535193005708759092594883689335363532566506828504958636948044700e-26
0
6.87756109052734476921273076151836592410369532505115761588597746617296828456630220944004000512714141856183765260416023819e-28
0
1.06352328572366383383649973284052174324037485895979271273359557336347245015454421052043107310740892994416791079911558043e-29
0
1.64459721169809474918612873113537161190425989942879626774582925805151828571510741647993811365962139961516815754406024899e-31
0
2.54315070016051570590267099682538797465322359398512049441510099691411783970730842295163460578169089899752779922789650728e-33
0
3.93264407705575458322357409122671583384814425241105956951463710199688239544954567944473408880578883236058333547774260441e-35
0
6.08131064974858230784548807851201726030492290469887403119392906636785823848199814227567432621598536000095698068066281259e-37
0
9.40393752755602136449290666421580029447197993886866620495523522984905187275220579011707551519309082276271751983616274380e-39
0
1.45419377689302151524466698831040484315686022279873225018459056550404288642389578188429188825160946493743219833328086550e-40
0
2.24871712998711561804897370104485050818664986768336494660287393864416345764315714557438613698154578793249131111507035174e-42
0
3.47734174843019630829998902176325334143905271338831027625392293001424757558228466988098813816433785777981261804437321918e-44
0
5.37724619701049600818672874662320183722876060548458378968062620890852362630726133122083727469096231539834610140385271912e-46
0
8.31519555888260529318209692959424824919398665233591588223147228976259883508533736284489016037016258656046172726224907293e-48
0
1.28583432205319278439091043648567677207712895222992096887891864280383635054950378943496068689345160531683962064898402149e-49
0
1.98837164088558549112370442602294544611771516139774687734347555557682205712046501276013758364760018017121341366679337378e-51
0
3.07475210022779367523605177310947727877412401414923041638847216556010568239562739289918922151590515160772105755685891000e-53
0
4.75469488875054532283105157860102874352502661141996145021858136186585838451567047438256957508615316795181864357184666127e-55
0
7.35250281914945498356113115144981499384958951319977431571678601833945420817343301154848390785097450530932383692053616839e-57
0
1.13696670281626770762376726507101031169315554928721208938524947826325864481341371667620151460682872977775699859794194157e-58
0
1.75816768127731950679607271948599285976668914817021131795176061843880202910822140693354023892729634328380140489745004529e-60
0
2.71877231569867039405171689705843445479995436485314449409413548737381051468220984601477432051860248220593370474496651249e-62
0
4.20421953111968197302536535951354674510620369875684997620690597500204221454927140093943967493755151297470005240252337038e-64
0
6.50126594411270386170965776197240464990382244937625147810108527931275160724915004935607611084889115068713368661306785175e-66
0
1.00533424963237113191398414974843561683339444824388376021149537267149773074496884425101598722580723547901749327184537741e-67
0
1.55461561205495825674020746762731480605000789431624429750231859610827634700840494507591681074936913593625293306809090845e-69
0
2.40400613241694941280331966477886020771531490463352032154040504396285872353633424175763786909829957324958108768758449083e-71
0
3.71747552249204695379660934736902701765097504196891185945428954346992534921460349987065302048267457670431207750668207256e-73
0
5.74858111798304263870902227997692568257313950750817513161101880316108447775802923168995005864435744327311323823848921081e-75
0
8.88941559133073385907208616143859062932694103249765195026603455819234612002462150835951000284335822279678931557948482335e-77
0
1.37462980748751507259486693654908752651508208828180653921730249536381467095834001164708016834239992609485187090283413245e-78
0
2.12568204087113790007667879384175665763501923545035752511701039872603177120588595033364117391472757556132530438610111122e-80
0
3.28708435847236274007653405775826392717786478907559537305519497929367540668614708068013461029853441862279411191815082688e-82
0
5.08303846575550737473939439219477640632056171019869551301836340367322114417094270054559739970192122834785396673327876678e-84
0
7.86024246008633060224051526325139554030150731366933822085039040426704738096304672984284726558488086792661293003079355665e-86
0
1.21548188052440707400157400157025955809964877005306384076700233951089747262688594501278298722326310907485784416708373030e-87
0
1.87958095362229126083709372081552610617684402828711889622457428333455756442145594258861384828337793265418186903740698158e-89
0
2.90652178187591017679948601422576317473378173732211341646430625985278999283722943230748626432017842153694208673277675034e-91
0
4.49454909204019655466355636677480412509484305782130082821754802397120257248824964639123517953836581130521169456593825525e-93
0
6.95022196865194766182736127641218413063328357030796012853065191550488262997783535305376062559712182962644209118396505844e-95
0
1.07475932344539043090091947190264462377942862813384042484421142505195141161331906937887050496685903971846960488895396772e-96
0
1.66197224857386234347372494907744970490207855553867032497122433564645637083718423839744909400522944925672763140509020616e-98
0
2.57001888215767379301231876059587389568469860047667335710736783291014422064221874931860678931055785920614437468819907432e-100
0
3.97419214449261968485522841404187431018759380110931348243210118626527097784538745891551568489716328510941106714414381431e-102
0
6.14555920619802421711641960408014357161663955240993994308134346349838572802986198058391173029634248587315043536777195520e-104
0
9.50328936894093516255639756107584720324839017571777209993883296273572880788074485878346259923453698299951426141322732866e-106
0
1.46955721683947468105736891809856070465675337972894981728147986290021983397621404823067741373888179128662776435409383712e-107
0
2.27247464506666138290625463288901692773633585359725660809766071220222515540768790318753571851019584625920389076420141150e-109
0
3.51407958349330972381233632786320263294765816441091686376454041917135280290743531844073577996104299990595606277668301819e-111
0
5.43405636931199794925019969919492732438814179952744592206432622537064392473926330108683214259943434389582135480698890429e-113
0
8.40304492919476071933046911192981830232464582278825970802327907701172240580759230263253656603659750865547248839891886172e-115
0
1.29941905794042786047466770563097289299939313965615724698261076648575325496001673993980145511773014851029081443421253329e-116
0
2.00937862687423721434646568501765257553866722439563842524545999540645982026572190145329707940761783480544278973876637672e-118
0
3.10723660813361701106078761147125765701934251683958429521726671985915210056907342946920644204937419976193539109074379257e-120
0
4.80492785670004347696286981440534615280224340383031164370860164068656754025734565134866496117786430964383378386918859378e-122
0
7.43018141832450852403001533163929527993755163562891354108111097178923013851428293303442330421880700119085213623289962303e-124
0
1.14897866431506843717599853080786144842057177782702866296349967484519360570235060910881171376026495248867427436552790284e-125
0
1.77674258100272661320248007514862284691970264363848208335056328914806595383606756186579203997874999364799916034287233949e-127
0
2.74749592589700281243668240788442092217789513184496382743492442025514559511699258192977877377504499231151672686734820802e-129
0
4.24863677132137375192339994934605528711316379006805855365703921593778526023111277336320174481612386827219933684272109453e-131
0
6.56995129437028822228119906425047629430529337430010093106294436137978432187936994987813482204833813762649479284489171660e-133
0
1.01595552488176709842372529271279771339319880160862865427583007528243587510913189553386334872237329638964894474742001997e-134
0
1.57104000058910196988212980431838761958954001422464872518125457555860603805457517947570040199346237293282541573434913677e-136
0
2.42940426328036459373917284364526430433497120442443452198817880494868167845788745442487220733282241489111933596164923019e-138
0
3.75675035150709212693426774393041960232045662414383385268303809093932260654592613048262450007298410933147642977447051386e-140
0
5.80931441376989720769116718469098874014198099293968494214349011570309101034900242091087106257436928448628462331633353415e-142
0
8.98333154996471250940010292861530081095814821477445659694787651338237968358040443414441476358947909783051790891936316200e-144
0
1.38915266051543897561931726381359201727675807663130552263370291461773078544351642607990469526911213037245140719630316821e-145
0
2.14813970015912714956161211447616261803679572085965609417489498407603008618271899485109591983894483093752101122164895808e-147
0
3.32181213955819171685126939999576520808592371976104902766151777664477643660135336082381173895308693092984694870258846113e-149
0
5.13674035710935211154947902013658891486997222935040349103622257480656231660339714108667111526713249445401994876462641654e-151
0
7.94328528760970916721682028127864557486179632508317535480234932443174172988721033498931638071839625578955716231377741165e-153
0
1.22832334854205796420577230706651206500425013844906632755140674745806052526873845642228720687006213629600248359932961420e-154
0
1.89943857477589738234440426660460691011813492224719390013201565821172360311829471720447056683404780696807413167320115513e-156
0
2.93722895003909342486807773541154658665143387108200912606008540489755463531011354394055942045364673692249584738662128815e-158
0
4.54203364063280477859172201403780959957771944847980046416522559393397444733252328392945034930156017360868052161203689000e-160
0
7.02365050309255335066436111218302850963197381222990514889223525120444001814136326582988787703639140000139555329537996241e-162
0
1.08611406899926210267611301372763473583427276098621517842226508337408808053831147098437283855822567757825397281421701583e-163
0
1.67953085131261870660135743814411541368507841719840675818033145143572079678942086746285392091483609535105062111132799165e-165
0
2.59717092433023825533914999929281987994459574566955505684808259262974744166275481216762615363874442157301152819327924578e-167
0
4.01617916391036953326362728585430195028309518028259443667861449489414228734922471340073848967084862946228284605448962122e-169
0
6.21048654346357322347526969517940073066958880550537129786410313152710014727918183406618114514302152830092671414995868083e-171
0
9.60369085451559916391059581265842147562539879792329284599536824457101028950305981636390420377835328225966260562044892942e-173
0
1.48508297028962924312979061605347845769244353707553923033556031473432074232934459530837962525365806451230560593596604590e-174
0
2.29648315637655919668539987297553515214803133431984267391016091127410269512887317531846803128116677905130867073534395010e-176
0
3.55120555082030943032713054539246214396097799296850125844818435744794507101322294650438721951145027261360656651955721419e-178
0
5.49146673650112110865468919503244771511401405802117894864473976445000338965945119961703596986032535129554306185809338870e-180
0
8.49182242101766018061002013042150230419469345314741305645208269464074066353293088549634207841161801599514116024198360e-182