2.76795951020112181840284283150599713375617957271389729551855163716969008800487579989415259546908435876443528512979908693e-14
-7.48668404699767894767407845660103246283433305609284048976534779891767249762355701157166797225697261368044018913828141015e-13
-1.96238045339853656592107124125819557171022113957672264921910165581011727321755579143426247739751925426282501114801200998e-11
-2.12194641513054747396996546303689309969562139940971472191254736762727799363701357998902146880793741467220897261369789038e-10
-1.49911932521792782242616309462868449248403505439115252830272615033727479404523124416128387587660183227485202946008103166e-9
-7.97530257976497191294570537250764642579936349352472023849425330441924643170585201878234676688907506768813395478883952282e-9
-3.41633868734531678717512130831655743570046843698077034153438613530539853103575391206836870559536771916288425391618523833e-8
-1.22054100310405853838602398344676193982351794975138769949326729677761599633476702254527090419894897560731274230009106097e-7
-3.69864157625379797179522344506221799702519657650876045294430447848232143698805934598517439395231017026787922863106230059e-7
-9.53387100002814752280437853591317490392869171389460308121098930190059433328677604019431367032865264854842301535912068617e-7
-2.06405167416409581973058627738208873230277012259713337103141012355267545945125025940451395751554000340687385541343931570e-6
-3.60737414594601116367724970261268459028904539654286271813702309161222569456785143851289528037139479701588673287469489231e-6
-4.54070505617029149991562751367151365342709672971288035429839806860394232165538399663968930666110899746572325632268150140e-6
-2.31424084835779457521870148671066770287771993821350014220488562818026360847348328285398670858676141752219413456207660496e-6
5.11529933154427919571583480820048704688095647019535540000056711123620404775310762854159284765368765343538600424107987777e-6
7.66285159172317277229970755989337370121246564962045597830333525312425311284694722254440821042386344892173634892896803273e-6
-5.27597419059100600182435554597220419607937149449903720253255069703465907411159238221176374263583518599668519178551403751e-5
-0.000365422527513430182239453349970141951335674403030945890472765311475794799300799549069036783981751964812960918636994531543
-0.00140553178131725499150852120694812101544763783942409928925817998725332537739782973190931670321661962461128038566532463122
-0.00416261245494854128156909495854564886388393243726342747492355991532263506081874577542774384982314542827673960399568483328
-0.0103751996745682573178772650148609070165286101408354549249336481499876740947460624898439863167484660586314633140332742220
-0.0225646156065533173253710257578423194973438343810461921105777196654783723172923138780840328457872817309420564630563495554
-0.0434443628394858073853358967185718232678445967511614410097150686424292449197609001219641572762808137768376627167756934035
-0.0740260208920244660218528212883313490599562228041806104918863219253760410672172783449379673179319865273996162782133805608
-0.109552425760317635435358442247987386054463626052781687963997811410760136956644895778033241225903735349472539866264713282
-0.132448239880431418190181336093437904296550972865009290202784201269162099819556315600745165878911818821353434608477585590
-0.102029031654098555868196527793298633712907964842976572111269817546423980434372268529988922229435833139394237710879915289
0.0580117953625198218301783628439982220464231071948679756292479408572607882536724346188776271753688008996055546171847794667
0.471193719775328018430513421062656269539483048682533519838746104114238841685368268912313815856582087552256074332984605336
1.31292917931722011108052585449980320740785291889222590485763677948051523155053773125257084951802360468632850159230446298
2.79923251172476933229249061863155797143081779077910677730727101230046703568760980209827595938014941797713658192659249412
5.14798998185698574120034690710725088001616367040586341532866005065030553332616670032966966812074861965795041459128675508
8.50079639640240552388719985957902695583879900446613568786992046540323380502531712810585750433051505298329621666267217639
12.7960280637876660339694002920266528195585803150343072966690523514325137713480008630837829395973725476449213357974978175
17.5907263343334313651107814139678543889084052329822818115288219372664663625954563994006653859827507501293859370666905790
21.8403816326681830250958231423298198397115072942150402104912723366706447364920322198846742356911769755895269628753785454
23.6611565066980349034679118730524301429552097796632666399717233817775849426760776584215773719491355898395462859991196952
20.1165377691857996348865286821220561343554146698263020947899347540548396677787980902255329164943210657268179315199493705
7.08674938696462525781761103701124569915368154267868438375741652999820059179605552063024905749115948638451422886727665403
-20.7094176813474922175020880465251021169562304981790849008715527852154867154233866796712769192745560377657565219910022227
-69.4684165358223106197150763661335862854434704801045102131077178049944958800423996655166275274446862935797511335483540307
-145.769482994819366596598825520841264033577961091351670621256062595785737876222249400116304291933227991134723380601337867
-255.717997275578935074432203011516120058040583771758349420120805789308526873778013749982824985924892154427461493916970092
-403.764133367578114883802431808771973967586538204273727819814084274262388477165410893248381431286158946171234916662833255
-591.243784853479067756160207501822174047290266090785992858224566292623662348242281527911417886812484045620448688346594610
-814.740821582562347020446779158789789081496528012470557134443802409055901182379665892874437252126112796198987258673016652
-1064.41899182912897369594657576989397686789137191206880248129807553488835607498680910766938319672577882545260952207833604
-1322.51023522708540591528817842062623912262899906393842447224634354970694907719381573518279874131783099219521789108704302
-1562.16644975110099177448878468130901912837659717065020500155443664615253986764252285123978194171615196390722036915045398
-1746.87842529279426791879874513201722847737881734758583209535658014345445196602948265687587462284538831877748548942251993
-1830.63624371526527563999240291347024460675598604009342701284009634658167268017703111330194834576476024907894935711419294
-1758.95103117082622346598301138138579122849402327335011058275838760623276982265420903368751888923097935019678154069983611
-1470.78320087226283752014477437018217240690806220150191214168104788345774265995866950299386771663764187596029400115268615
-901.334964223000656105536620315250223388054893752943982120804948714883865201062992771399461024952620755369790673996163151
14.4253244099946406618692958131408479858494104783929862398513966734029257794560438664332950568819334100435611655102983708
1337.72201184078775464138421603501722491402749228956239143829325898819187345645162063876390315543155810790227132649752090
3121.69438832913286890394640015667542222163233489170605250523247723341660036827792647732848885850750766417644789121026774
5407.20253880580590086184262514433114702019336600962993863332823608068191079357641470583351357100222108188485655126380719
8219.04701797697785841786035483763871948513390825264092942173775127517588951102511119332709642611571233203456957154813027
11562.9112679898163574599084130442339903451464286328944020471621939532091648188137405552709725120215009101685954948457086
15423.2853558767076274295694833721955001219122831414179625448739801936974095826222819593535143814839647853496419549866385
19762.5556184485038734755148504648796910518794275539690514551118644517645363363188520018969627738731161402376255429027478
24521.3549161813866186326990044388246147018551321085199958618369395953987827578626611024390426231067119274766527575221325
29620.1714972199475251266315203701974495732913209010586136890738895315007094872179920148374620868222293223284984554726434
34962.1202664101462153879604903492008595311873238364072242893514200839256491320962340417010334679956886597636161430706717
40436.6970403837933135250887376309266031823004302839477764264326794549796437962353248041112150396308258312870004515680806
45924.2709895542804184108407218698197567652889519209673037237595685355050705615190001531308029706845669110795641675424348
51301.0275326342462887732948599507401231361626568527430954352610051694251368409377897053631600902212336887069288477145443
56444.0555758046676515632734254575757938688021144059984984164692729726946105087941998412899431871736166810422957361808806
61236.2788375581917403617570246873859517216432455252928454872384564972947016331654514654787241292122726002136542064740759
65570.9585725170510271594974908847675238909170000932916122959149466786303771444431042098996227960103144595933148441334940
69355.5401312217751803864992051953406415501842162020805588601229058692690548443042663034196367268753303585100819440191011
72514.6732188216092680749376764761277857242215179907096477126959267817440639202229908407176073511358886034676589772140114
74992.2997413499270551329700927472843502890098390815972063653634760305830878397237273636802395157883232098645894638830547
76752.7681792657714468270834662374369938178355661587870297429631007615387175815119120957166598568879777094680955484794624
77780.9945412460520262548688540952299375194536730543610772859560639037924134732502405644320510964683046487830906812261960
78081.7431276607189400281651690894961642342478118255802603904434235826035889649377861722640159890027475505929836034085857
77678.1427439227826554264071956207994814602093238189313027689544591552627228109081760582583609511003203724446448861008644
76609.5840555764593985205561674289748314253111947733582536307908309582942018548862670568986349045952232132360128832521449
74929.1610535532856090849237011145973387486396727558541780247446586423286751193145193218896295657272054280600357713908336
72700.8247072676339027599030921752125512437489301021900901999685016520345307217527267035758757656415243139337149995682887
69996.4112396490382989393806227909760878795888142744792918980416044071187537201239544483450056891081503341438133023641588
66892.6930346595764643976767622855422923123914267819739291206677038251074687558046225338641273032210563146714304075650343
63468.5792645905873968658232187448162636560449179372024669066063153898759366961183090571671749194316673286193227293130109
59802.5682589847456450786353190991472355098973771501621530575131200190614031662108984676264702855516919676408030604346907
55970.5266710923402632252513986984774467805724985769495188410489134190794293113578702422725638901709098545485581039463582
52043.8436108197997138346045401785832093218014305928542320567742706837531635729994052446962135858736323190478238064965471
48087.9827257255075439314321635680323892732301540140830533804174649369627312785416920863537134540531985464242735428869950
44161.4329363569444504122913416433210971547121414331174860879378609213057035726539783267747924769834024381999083858785192
40315.0399663613938477567024884801204193176448883116195332494785380296372899315020313813387257573392119132433617958583407
36591.6863592430452821295418171953437866784151818941223165933696501572063156361204447039689930864955337524935346660601531
33026.2774108899575679610503319726603481588501239640956432578931163708721865172949026694006584678541543522543178871956116
29645.9841637929495902741351653396598358473118202672392612663001301385371204377466959215215346398903950120096862454009050
26470.6918950800196756437334862202742683965629707714196959847599074435961610834412596430959316227577516284342962402011000
23513.6028422475664502471200265814869691133308133196408596682499312283587164454391446793448145173547551580075627544534028
20781.9446344516307304358841542002480060240871796108456936438775157857383970246670356413073198978119966393937777553981890
18277.7404053511843222426244025433044921851420545908038542758741297812359135709502571765291829235099894585234514592070860
15998.6022563132264660992892258622478246228422127125714352602082773370297391180697062465575076527447629184651023967031698
13938.5160769216940180863133306514834091978748644359108122915161416431973270486812901885851807004288584270030421059519498
12088.5922539917916080604667386711931134044443518773340772981186916843173972235676812019956474953022179847122686179520946
10437.7631417115487715894407064030664266795089982559917155967075485011314205416398958429103179630137373017367152978935725
8973.41404706860921996192828095744396052793881342185665099603674485404225417090451662646054295397529101988194843694093988
7681.93971655092803841067198130435539864235012323970910381399523185109432355904252673186391677068935544064399697217968152
6549.22278045378786656938185095769897164448463952332853085418528291872751068027233340069329625048891714981112477777032369
5561.03427432930189603903400296662971393527423645959605272393232308989892138846138246105610684577618645754539923890201214
4703.35922051217996644348986926493859658941840596275484372110200069632645095004393915381279866105634419556057109497964044
3962.65236339228428506473850363969215195008474575347453423988388159777789136351802124604127002004154785884587914141922589
3326.03058481096290157636799838236696557265005415264283457449798892894075169409045085050891617707734699137975089853703995
2781.40937186208241342651028075642693313373982034698372900791920373118325513247019900887577707381010233617286183626979031
2317.59106718623818616153013263598986265114503777477634676045463800679252566369534049646268577008389388820791848390397518
1924.31260051293677048657450592930652341690953056968702405077550797590532485105231502526327762309852364044042088742061719
1592.26007355351002637250835318627700023018983145383009700782970650370482782112826859695168977077315725535372453716568296
1313.05703338015912738132979902022249973156651281146573964144645246669924454949617228216759501763939257794744148770717582
1079.23259610793150530856947289701225957448972731922198998596116540718724809474687830240660965260633729108762822116563538
884.174834941445504317236429946358166603446118675648671213871186614989521893995826120130347944543918798638890578047303528
722.074074254285484583283044030616382031291453211452002540843988682403327576918797797984334226327496743730377849477391734
587.859972637515386616816223647214246199174791808661371832923976121132024412378841559391340858990788600602250712411681492
477.135560674361311744205090928890774794139376515203736052485250057561709682223816494226286210740142980637978768797626393
386.110742405148563541822477152697215695885350687733206166939731915482566965975281007973291787342318486504686040626358223
311.537184293131679538566810656925119549035544188815850099465752927170560690365348097708947215576416493096850667465757779
250.646007133948393996228395352488596742838257852172139132153655333942355973114125082661725315852998263646689239517940785
201.089265198521853777380155829389205855970111721397870460759452837969190929250794261652945082858252696974341029868020470
160.885839926372905872198708040047426982096881740494939952766341619733036243217098028575328635469118317809428240662442204
128.372087277321843169732015033694600853475502888346766821503275221186865454956572367251887036388536205532522289803150290
102.157351509705210940654864370622766301866632248214448442649317460405401485127744328985818750850890790329740302523527804
81.0842860335502624872515283582017278563035889005279049955966085115105002572063775091783929403856046534932405063690981585
64.1937962426497161420547761721253075142267204424940208952510456776957109621410227124252900932923909055671782901567670000
50.6943322291880301361683171280342114370687960640108942677207084118596245098122112311962472668915705300389040203091448159
39.9352038946203586852312901891566194826462492566505259666001367823837715711223394671453126168801023986098894315050318136
31.3835607323589695422698551957379103794487226720223543212618389776848100148573175881759361107657257125349053827495035301
24.6046677829938398965158473810423071441409270128285075397395886106000934564694391534493042095860919177392692934879273576
19.2451130636705248587654685106405497985518880602097754756676031389318082811338961507618126420799422244031248677449357688
15.0185960473619190028548194114907491227551979088213570245037728574324653240535947783529835576775295335535849164260868334
11.6939681498192705292828409203689946596635266976805098987605972746043089087486881775885911589375810338866852093565916189
9.08522197590613255493183409242543682503281542520827741969731349666072352813779046577274297123088923235452992370020836776
7.04315417717514461457447094908631305126257427696662732782728059323033852134308364887267481116314698222377337100152461074
5.44845558128122916848573667179821757127544464462733020168513247445072318426232553010143327417350988675221580821433544403
4.20601060042537598560564023632307360524810060442492444987922136724669618546721265691719002749385807253251367308439920039
3.24021499062795143331125049129642972942739317152609605210308656221357858010656323972063114255703218730682606473833226963
2.49114627819870834265138077245092961183295912000301799386418864105648341644405964870988449900570347205708566752401065775
1.91144427726470789103294500812170066016676470806822955273853098261004796753207237357670251092733862657266062820239930113
1.46377994435624609016034511597912188245042956514971877808986029255122250403837736785834823161560032882713955274830835773
1.11880932945897464521471701590128516174670190650674633397305823769137278141793828568067756003445382240234855657233393754
0.853525653150648264689672702914399346133934567489300411403689816784399580803932392616381509276439648696925552236589171321
0.649936691993308345512900370710253385248316213872360590394642977992544510632121437611763292040151696431543475069990282832
0.494006852117928243010530708942316233290471357601954524296552523165966072922785361101050015151533190298899429535566668011
0.374813736774044008604652310928150408950707725340071027173722352371371295395924581015721867622350761575978300329212624576
0.283877857467650001159236291145236434022532882768822045077050762301780088242126566965255661229685487958195979554949838899
0.214631587964429912465914865460331983035659045583797295199245324769614371656772931124576999384182112516833658638631684030
0.161999695190767835538758948882212946195332578928142421293173730761477978345810028760718932848265081781107151303460249767
0.122068967684268517158536745965406826515020238139131677063760054153822700675413599756764756920441304239317791642707305272
0.0918287526530011042713193952649282049287344372019527824837644282253530442625268075689782949772598391217745210441840954056
0.0689677429799232548378585888108277969253602003922918518929972242062291207149352807439477348086847619580748956711259751876
0.0517152458225706964681132453737544297334325580415020853855536884730330159111563480847552199797273292390052289552694734225
0.0387175196296299538930664174811186267517303372772817342310177584561603189073747026989577063489325980265616535008883810121
0.0289416768872827927250926382305103220833867732365586304985023408680418189268749160861899824919996696285052337882898672451
0.0216011930500584444293524623806385862096025235025985955374409023747348811426742014573170796127205002889720103018910465360
0.0160983034474381789523933589347263521313588920412234719837984909121873029900104599619973972692979081004680223372712929341
0.0119795646141015963417988981037169370178793734200112520542045504055705675113858908072382201453417245251798957158894829721
0.00890165050430125848852606187834936547260633384523092422063690164434405608790911274660820653666270373026746085040374291324
0.00660508561432745181253475177859059071445043651259449048608549517453072371684588344287782467172174073631479277703814200823
0.00489411764974971561524089318452935852981825624218839311776694216353259716354047231330776666662848966349857434619521769540
0.00362132786590444536109579711537527442357787907221603474730883336059426505803123461579485557027936182597092730548934981808
0.00267588865071867174463232566591637155937345448843045294741434778643807567929540412373528327121104361093715443993011298756
0.00197462241018289495900016228329681731622414672102384969993052475234255392080453066535486081224455085432560679587934031997
0.00145520717468370378918054473160659938791684296109795744024236469432737213407716194021542098971800325933327303959110930631
0.00107102368114931341202897474766727415204668135744221680223766022630288427405227360702292999593247857433180277809946583223
0.000787254901348994743991539394099854907815166243820031778520595291472008444767364045822106559290638960821335103883576219752
0.000577939180031839361308128089201839519871817384575773980932105781173739579048408317581233454457499028749292284432394788383
0.000423747959277978874966382371488665023019345148001104823613422974736652750789556644190815873245609921974667558519382311947
0.000310312963906173910144391909474978227542592599571084143905798099506472764670897137401466097132621103420195744195341451546
0.000226969230819996774030303745179136826636130445179627610427874827063152186543737970930844770891138967096355408697441924637
0.000165812253485449197856575170309984982001654370353130105472259069700549924809186826895836647840354029677416125202544579300