0.488693826280414897438620672490313565738383910311684984251642684522987082114278182587998719392760553528253068219101852685
0.0108414411460985222086663202103294813966691426363333479687973012997922506050242943632175213263923104492354410782202056184
0.000438293173052594816949884731553419390460033098953733638317418563263144830562812581948873411857816772914640060731554141409
2.45691255018453968351427701847018057252332373644492934735655956414727292166786891091817039152053519746586812099075972440e-5
1.71483687159366562333370854919927039219981825452269229958112321473708872718853445281155860695659337075622752355862915820e-6
1.40777964032925691228157788534600530703409179339903100996184733019971050542908727570204689273453834983824259835595230491e-7
1.31270969889787249565611177059618421187404079940686106696436620365065408630319296456673219120636686079221495218723853491e-8
1.35818718700692454212457776404025473542814423502543436733602182588434615595468040944876948401556622455202018006949941790e-9
1.53341008191138189588800052935859638838468246153795568572408031270521359363228763691894152927485094787942151235425239835e-10
1.86577327465148864277750160437527364663950575685136551971306801145260310254203354479630936950162721015862311134670702719e-11
2.42320580617540266881208420121811051674885745959343881285316984894165434895989681568101964908513179890270295154680528122e-12
3.33385566161814469573229111672322817743128526661966683407904999927641792910758249112541843005608834072995165530597235706e-13
4.82892679971963857983053706981175469368152938609410604578891193961110363863141101198122069388701081718614876581376267700e-14
7.32644801023031330406438166412062742515459787866296901453516040943985483950489388295183899584950203460616903742122534393e-15
1.15938159383605091296556771709720891455312893580724706734137020263479104272549738575679647781701779329683297336492401251e-15
1.90669515956486416648514265547344988995915302750024698317004015558004544396530729044662049478720423178030225921879443354e-16
3.24872670012806517623694181311048550976597585108567386593634753444245467298529421930977800986931265863638449576021400263e-17
5.71949233217891380408971322715607516334827370560923932076582283014335052526941785274905585185691222567850052367100584923e-18
1.03799899520682874619121097192726705233425639639217514719533107795190058755769592420003057623244280988181378975367183152e-18
1.93792196471702733171389496978336692169258572652811779171670371710353240566889099387026615880418038789920890660092817089e-19
3.71520094668528929908782900845763805899410294399377829680930581879939464116210650366112864080915696355997025653093980677e-20
7.30176544813397807281275651858393225454412778466907530068412343539730132977819556935039879485776837840358739083417314028e-21
1.46905870567976944036418620077153840752984963250250176171033874258750213962593970308096773698960788545256586248861544977e-21
3.02165677438440922039141318182577939538589981620620990967019866804198970406091390008476819211632069403043588075141230705e-22
6.34642413707847584637592647951459735968181494083248548722025941167213047853890585396771958461169905639764519105985292480e-23
1.35963227092361112879951061437283538046235856491602814139851481182667478191630528946953865204530773938947183040580184859e-23
2.96820497936985048011431462254146157555208709790336729690441797509537239927764347857201421117353085963141354241669749930e-24
6.59711760756127529677166501388910212098697407807872853958120007227493595302615734777279821535134141594805246264939111072e-25
1.49156542541707047111394445687391513623352390987986270988624326415354872740407793534807507840100177229784258047595655648e-25
3.42788566618337048118469702711551309000684041823255625172239633534177229976731185095920230478735514387805634122286646275e-26
8.00202206084485172370738849454050847320088540461638434809037344481751738537654612872788029426919602198142264939544549283e-27
1.89617582825463886633571003788505465122668623690291630999281312368293057950744501686880662945963036312343400203850234917e-27
4.55826153475322893566786584588360951144947644143972479918283122030218266773388036133024968540638697266320466371363330355e-28
1.11100556493829880888769198182211690800879440257958498607148505798413162115245288916937540681789933844565664923415001501e-28
2.74410471832234869178569118907590857370412727090428229646392862737928888605965920665236675392382802570888131100252518484e-29
6.86496968970382190567689188901258823068573354573178465166868975170227110873369687174424789264575212241606974545062151413e-30
1.73872021395192840643125319297387283922697574222320462783903991105185624096026687488128360292517336647817349614804230196e-30
4.45641824507508006654179455462035471198082963342920387860378969495509147387538358234393144373440273972669727911172654624e-31
1.15539554678418046384105870886081872009248713844244037901433932136854180665569128955347084758720331052034518604966652019e-31
3.02898867811693909683911876515925315201110359912322470878523298977985933070086064820368779841521728369378367399971597642e-32
8.02657098623555102408130615363239089059552463973260422412808658065421108400880426003009776447313116661966308818471664762e-33
2.14921503973921104230661895893551112205150826926614554962353416442549162489783510609875147460399057120318481845090521094e-33
5.81309150067532158555201774154814712812987972787491532624230135392042606395120392517013885650445988392435178042383670530e-34
1.58774011370019789268586412477372678956096667169671820392554261811399535444654564824456799959363479957043777235921872897e-34
4.37795250240048896351831128285028513497281781029781972666360254773711084096039424354708019775768895683947748505234421754e-35
1.21832410730814546599858882990448899743117878925583506584384417924386011500239948538295959257027142313575207285117185860e-35
3.42090903405252435579227321886630568241292917089679269685567335613768363637654188693351697130791175271654710887533615912e-36
9.68945532180462271686468645830005852539132118710672282391986911355721056031853880686414349018820502601732617372392667556e-37
2.76779393330060717872684350473079244198900014738895205618319017421697810730018678158154455353610230986154694986428779078e-37
7.97162556209488713844492277252570159288968570776597941311160273135785884757409455669757967664002467122850272521221505699e-38
2.31443752891071280436706492684593111077361980297870410527721094448276218367388027520509471914374487672687478313346017945e-38
6.77236486804705989354849380849868438007198065008094394237264627085595870168521866899344589531709385149395661538049558518e-39
1.99685420621425251922945405695684122038571083807168346235378514531107692179519333901100056543107072975087030335167033867e-39
5.93173837908267932109059365473529498906219293943566259916517458571280688455670762222291581693486300751562643412798720109e-40
1.77488083487336046740415961586306193061288180954405114400377711489230971298039413840597153996077532923789546725420041763e-40
5.34851487844213562387195221763790435325653104823735019165419245387987143772944847834842141137907415885768631951659841169e-41
1.62293935945596079517746964929295747899107511022440741377513127143969183341607038088677703492495500740123973599336628746e-41
4.95801254438146404869355002493815928139842919237614089698414739621628386657770269450803837322108803942978310806402089028e-42
1.52469538185555484756639465431399573918467546124733637470128684802017950794335288652254013630466938101612442409257309007e-42
4.71916483889134152431913815554386448846823763228907515535884363875890749275527980909532764850665926905277225875510346324e-43
1.46991663093748628540817684413708238874886789025737440783004900013516414334542838495999943949018325068735053351078017860e-43
4.60688051669436329820175401433617331639483872917913461343323051987631114361988506256931974807196789303838242555937736973e-44
1.45261744483881546160619440391850951454408573275301695896802311063614539205393056016825290081071626859130740789976336277e-44
4.60756065927160877890619322525095289035687306031834152042441818820331891345862062304527475783111800067705368338900882715e-45
1.46998790897076729692554732868362803490694881085202188645747720430014303921532907190630424636484765535497413913163635099e-45
4.71659529650005620430433613309252139976546653542997241348350510436763294887380555026174290892923646192708788521080824715e-46
1.52183173339227904176856194511149946767144426242367603009073973658799820741806340282530805372147172400548023367411837124e-46
4.93719784055610881396726740716659571166460863063291828188938361847744965083946985977669071065623427512738217408138671807e-47
1.61036601520098081135138692876497211634416331324199997787134424915716139553688622700557024562494444179143192173428113343e-47
5.28025208305173053451529538952541005552489747192272312441088633231149933191116513548754482336960253345106604991097634118e-48
1.74031547574801672893719229003226763919398438921984240807534707246725272957712518146457823589733000663418224121798171889e-48
5.76505200356192528848715373700913077668362522424144362418939666362287617527085740567940570593153503436415681853533572851e-49
1.91928899636148517194039075260397325508787138590703500878885281779363217714329447767373811874763257091107212767577350119e-49
6.42097015351491588260933066484026004443973718421412016927056028724412248629285535930473643013238942128185576669733386477e-50
2.15847241790812535074591567926564705966803828181886606324024232452963971584296661628538260941431114306058728541131263652e-50
7.29023490731025017299733717354481860409678999848156909998947838480057480122293040994855093845495283524581860958033083901e-51
2.47371921557564050400212874514925935951696131822497113018642595128426844363753624069269547032495172615048433597637871060e-51
8.43216104914073629979702314034727084599965812684681211924636517122933213655548515257220731061565532361225404492726076598e-52
2.88717927510804169270543621316621293956272588104003087985829586406789148458780899498291270176549953604476861649712532358e-52
9.92939313639389301737621275166330387538557153410030365003672902120099353615255996481662707789379610969175869657788892298e-53
3.42968640041226893841953109684223743183749452689183897368586640321357180008913522073835392140165153327301749786611373094e-53
1.18970260518180743006170973884061564815901932775787035719698132970488013341519728415883086479124278589241198973091786836e-53
4.14424201948091501976236159691199108383243109566189791408217810566941207929273924093392881069483545384869270384274297097e-54
1.44959180028189734356150555646644848104827352205684391983538046012381191869953604650441032721336558244992520977515837043e-54
5.09110745381688024886920599023954832618922741773982074128725077072726715553700878600073957128249737386055490765551913520e-55
1.79521924809760510110971447458137534738212601453352591625359581072589248078782230530621076714906205771490075133048696939e-55
6.35528333892098196639697602534822564019214968939348851896012340960195789341013689600657573498244124726544699985983456028e-56
2.25859688716590850287602169290787553807888147444477748879914282586009505453413145014930396290085071391199363806496039636e-56
8.05756451371978177894494336219595361140032757787464444320161711509275268487720724516484366609405617648493200874035505185e-57
2.88539741515988059354260249900001994640972351983878733013419882898291061869433928310196290657532114535443689504749437194e-57
1.03709947580720983210074051108584940751611758550050664113996146429452966358721087098885493227096069506895299718914091944e-57
3.74132014657176106934368105106086444077018571202761000898764601117713642849817736931300799449911396788936100664567197610e-58
1.35455407114768899580519628443966052417168401225850194950000456169475827751823277994490698894212456582050668442910102779e-58
4.92167271215452150990779714678297385719278545585126701494353961847579896016493890845341095526183426755151863288432171990e-59
1.79453718523829004853030813189534967858846283517350734484895542391192050728541946350480400365881615593061696490859188964e-59
6.56590358703060773642101452347519617438300291255234981657248107923149402105535612191675653134421583810203448848410553356e-60
2.41056203720079945164095902396869685023043916063347992044509795809125296542989816774345415854156929158717956092964186029e-60
8.87981358436019234735597232311407858722612702691800817911524932622496996993033718900861832391212655895123285605542907017e-61
3.28194676667080595980344591341874162078315093595892582292185677090069817099564684010690387731507712260224969573467816297e-61
1.21697664431064040162433906338636033543519665305250425056938172734005258094779054550860485110348942872062151607241720778e-61
4.52727943914504461412764741503272467066744054102198301738502951527242688918275783606822657585957950794658665011039761643e-62
1.68957880266784341270270319029244955740759040596319555514302189099346586836946833079107580817765278701041594695710491163e-62
6.32539796114680663653880060648389820984991096289670315086190566786158740403754323854291750373710362245037992622214944806e-63
2.37546187713690075876108508303501892268576139876048678124225978537488196779981611249877992828979136783669286135863925376e-63
8.94833075669554795744485713579270899488300022650314963392102566700938983662117500876556016882534318490032760776286884988e-64
3.38106144457769843276952923435983435348766422229950688093405093496331669303331234873418614427980836559015163903089512941e-64
1.28134137718492612020548186731526149940169588416043592961746862981849100707381313000098519732743420645013695464445481797e-64
4.87036402917746182480535396802068028175892511378565578501794666897895810776502970866850990123472474830572373879799432961e-65
1.85663765667088290771450113097022596434717999581244678829313703704497597989996426353463584446891501164641723246252449974e-65
7.09817576333872903699773459819098254621596211715773160912074412115546316900743750871356784322000247365064186634752916566e-66
2.72148052658590447310184636981276479407994653892035860090534209798116484673833555090675188542976167959226688122521370937e-66
1.04637640134656301835666924477825894392862194647804628711498620683796007240484764684547958530533703775614683537841919570e-66
4.03441437982519677434782164050882818142594866620764025288135629208032387589847748842623824633230342965754166154117834688e-67
1.55979980413313009539415403580254248502040086347508100136691805595688439008202595454037086024570670485712988051102697042e-67
6.04698967405950995526377312861298269065063118138433649564533071983572030329254719987838024939915568302901985668520182462e-68
2.35059653413795967017475645174714092954744421129823141398460335437414768199094306521117962818328146698526752222847155359e-68
9.16161875128409010955965825372241866566988869543593245427675051684453559420835630270040014435448316441587936951954024121e-69
3.58021097551391846779078170067794561239246561209382093820036396896273957602597642176590809455157316031194572960947016480e-69
1.40273159674209011338968835736823288772201477403590036114132111650861750383340094350655765215237490922021570470172137654e-69
5.51007635480852693440446668683153099189862914081279988954997466943467735477428524275264396521054625298908562270267006243e-70
2.16992884698157299248244871909571838000818336378143771759805497992382689623315579305425416805027574073828882836043335561e-70
8.56694943336870849555446394523573367655827622508012197948856277388888126338081049536977439827265378677457918207636015182e-71
3.39068909340932198275294902071469334958971529990597991901045203814925471637072040527037577259751807244813074647655405220e-71
1.34530028343497994993194932110451882903818708446111924168981697911335628942537702609792653879955389183128551221527422878e-71
5.35067600744957305595559310010717923708255578942915619346999724599596546747263117702183770604475543488303269699978669981e-72
2.13326642898418131917766948037167286087893654781490111164850690214141128494857775928075150863208721937606240117894194639e-72
8.52545640933926681976742614694052206107975806172789988563154452299053376674100272436685891526904039178915710592370882508e-73
3.41519528238963864566603896600233011382394482581487146987576838470070235408269322907685955053979463139266229020660159668e-73
1.37128672943727612991974990519798253065331961706631566224612654416751228122929313287753587510787395504216999316633288565e-73
5.51881052272038237240268854385486611673633744993488661510820747669341546917660194967687392048943946049760187260791517424e-74
2.22616324884979021808612553674639551318433810703054292030403709401408330432254349434234924086159310779238493882039242632e-74
9.00021456191477138307068059017548464596349813989462037077591491877740792824490498063288138775208494549957922180434907976e-75
3.64689479671084663781849420859480791589470899341297850149643251560470009714726415198205501840891823821983255758283578077e-75
1.48101168444166614477078008243488487324976540828373185280084423375176956613122714502671786618034818374621799772005628191e-75
6.02766541423824213641089594597341899106114889355767371106249607803771090757621880469375807413792295452117059359548589009e-76
2.45858869289456939084228688080949320566912781302501387849898597935329253458785156048370716903088560518681414804610807000e-76
1.00498495030143610205289623060272832615157046336519536400415388330284001753004208448174109864336740895009048367832120088e-76
4.11681329945359823106498771444032969272657759064491810372162368649794752946328697800862002484308949444250224808618258296e-77
1.68998119146679283890080224145700184992978435901772029470082918554168997497370831574060918358600546146945528732433815620e-77
6.95205106512273722274211438602603944866159604862200083733981192494525308838902761680438367551003926038279843859554400052e-78
2.86579987626450742240029357010392166926083078534155570366201259303776363979445534831590967845513769276645376791980890418e-78
1.18378319511869664679693198357430648154523232776655714732747666519690347107972451778535082769248611945607308523816783389e-78
4.89985923947643829693298029507405083974100249994529583805700277749428424974228198525814599375267495538242683596906929965e-79
2.03222603986452541955108878624998552235548358795990441361120898319215165208674861829025623032737978592575851519832758931e-79
8.44557798217093178102046354197248600301437191146503499248122364207221909117404686037548040990307199368030741720517368840e-80
3.51680110635805900312585578753471940144165504558390689039548177326452215831990738360599332620999020654352843154527940811e-80
1.46730210232402051758001507430702404105640718250324428784286114022177046757534529849721562164900387582515159054851201556e-80
6.13390337450624205824895207561262282290199628842785832183612735325065747922555909082398295380722358082954487698272843422e-81
2.56916771119942754820572767544430821588847383037883885921945338437830959319755218448061776460554739399732451027783264036e-81
1.07814880795000561302131070639794318603057738488004133225190475248080897640494110238042559628241265783984222994449838948e-81
4.53302790536836291271984432675620139317299174358066849061190113090371595114476858357766934034629199816250487088742311743e-82
1.90947655410580123379295371130121600365056371879422259707189630741068458969735117549505357956883835780865990677203597658e-82
8.05841162163723541552383995467192976464298006345222216856249941840205582321571614709098373569264814202606488904965109348e-83
3.40711488732259007745170523683717632948702564320058173192552275569365847099983293601269619333295928240000682281970419865e-83
1.44317654365502874427949678854485976325174411047077304099547673404550936638890793974315897235601784641569286613778743082e-83
6.12407835217474259665186270036875840310337048391053417957298108189293469088021668007808501808255970125541877556518152827e-84
2.60341828061708703890009069335659724040333002057435698741509869848581780205430486301885974147176984493041126771553589477e-84
1.10872166854556866786678799692337563902799357514021101865248605160869459439941819917650292111103599617770112126305696922e-84
4.73009680956981939628353465923327027933115268888966778894387667573018321377737702327133515951259660157115195507644093200e-85
2.02152939714451756147430003893545023290862499710951937075789777280761203570084538987385486319516369351906682557255629270e-85
8.65458707562498278188675146969933382390454239277059812292872412833488173348927494849768920074070032808857336083857990885e-86
3.71161321414858551174588225902721411159347132652183030428098312157293240807417464789965572498189220518557457417199178528e-86
1.59449456005195253732380812687449534900255711316392306470859992756499358972667786674799753074495521932430729431272522116e-86
6.86153569026129118901613693324967106776404717217107717708898935110715385087687013626891182720462094431797970658915811679e-87
2.95768308191915146768686678684626257624029079078314043537053635790870975088890519554350933731805724380585828621709587539e-87
1.27705066345493145559293078733025559173184039112325652833148978685854525769040540279756650427870595441960970840513040204e-87
5.52312702243588818565620866891613692155440005074903736539202584828340253006635583422252099029386000128076861962955428758e-88
2.39263617664177501873594178444642625460546673017376153707342615727465049923751546583907086459284274889446384120076870941e-88
1.03819138542690481114563389963536939339937944440736363174248753026727104859996374321352408355740122280408918353653208295e-88
4.51213171651565588268547549016919008804658358763023883321462609507205662163782744315485070561558136860583589921630950828e-89
1.96419342929802278144574419886846923504580919141399349926532621645069708099604703950092973652963316980598040626523268252e-89
8.56405592030056905611764330984946301381081941298898593840139452405673596171998807737199183763845378634273994305522640754e-90
3.73991887258246002828821036067036183297008263359703391259597238278355655965636090237334882350533328309720547463774668690e-90
1.63578822234139157505251869830616838456776185286055717109669577048746148456859035456900123511106116294383721183010339661e-90
7.16587144653259684797861060741724579289172468769407446591408658343217521753043292548193854814627521938813539281580159701e-91
3.14400255326320166214363301040940702123694546863784017138719679482820334474219701713837486347832009893196975614725856736e-91
1.38154068310396991414395987419245066882489666745644857291287947162109125409003913384479074547795652729873512792006388935e-91
6.08003969355114490672526698843093852098650352266064456749962427413536756464747055279231104042013637260449597272709431025e-92
2.67982353837103922966108155396494405184451755912520730039917255153591433512448428828158072137566137690966569749423587982e-92
1.18292762120115447204865005897345695049926578718836618872023211061708254447987560393530221147630456555452152096766640577e-92
5.22946785903477823211827576902735339320732294347202616424316768043839992594646482080722336219217368187891452181576158728e-93
2.31525743362806862176549867202514627927217759040277511207280291237415634992391782362595302361643810317736340284718466912e-93
1.02654634521861244390425613401246642922608554388100904603082863029554546135817630400444518605581302604608667627608955855e-93
4.55816818861395458663808685909089870726704941286747486164626760279558241693990398464645522731306044875530962467210408644e-94
2.02689042476483240240457448292366900826943137371978288045706416467838462590546963419079392982201863287784810796815510740e-94
9.02602113424430188642953794920195370116036826397314985549491789432921333074974288556457164013838059853237780747385398586e-95
4.02524894955678746596695307866925094940902981832718170313344543316428117703989498333818305078384031825908567493040876666e-95
1.79777551795521381712920781442094462530752735982949310669621701536379550080076847069797001023174869651258742732792572585e-95
8.04183794845419864123037216645872857351557833567301009919607376413852655627986265058847812348814187714750659213496400155e-96
3.60314744934095593196557041735633885176738331000243442519345463902813305309315498879525275334441087960124613971754234010e-96
1.61684988605079869989245811959639040770626273133145052920135016387500666740208750786684473007621474701405756653086204299e-96
7.26092141167772546749792923437551911327620543711786116623317410965707008945180139242332464426174210950928992374621340535e-97
3.25551388592654312491316385841698144712947160082101127397115778479965161939053589910665488796091483575048750330393999474e-97
1.44938043667990922094767564939146650896045845036692879438516130956209721832320059591678249982514706357858529140027916357e-97
6.34555109678470081205246151996736926923628100540042362992615215519975091735161846293339066744444708689792019825899700897e-98
2.70164940468318159318986023593398474127401540951031655469822665074078677571395197263392755143241143139530820570719556040e-98
1.12659718781581117630373926186593400128509848940575092521861366537270981369898218973492613850346846327724239904925440803e-98
5.07182481805170232335597710376306992443438295828761619911203027264693353542195144060009122790338053530066101002009529374e-99
3.18399844406486996724784595163044985376571570151222463920203102540362172159013743879436594282649016276315551753695528669e-99
3.00579781765584573310496635285842986257044765487921489019232280390924264127682058454606130398479242876032618118466452669e-99
3.20152167750229835271314412767311140572786966841504237492102468813845785488804948084239398618820317133548823469802618508e-99