0.276388207144526525492990184838965176504756251290324513815591603774950264983342427013948140715158558657539946328683291238
0.198151030732968369324681736741825683909003831598880597611227096154682413185318992432797136960244331809091645551042664174
0.0890349915782695393599996792677263709559067804882471316261704685788742575488852436074386301486993047218879896547204782752
0.0324686846217014318387386658809836001890932461298030254407259125027446234520131955013657560424628182311507427461144291019
0.0105658861587708694217863626182828985066351801748295332942331544128929682783840361492485233082066541237968520039832366322
0.00321316035291994468031126589826810263764913907949038307485229742419680976558191636412460992330023433781863513878898812733
0.000937023855942722854512495772568212674336780361945633691220347368937902113353412569456398431784699874621230754148007342523
0.000266179811370590298748401293267079873155789853681629947213849143946166972185936241669995492722669086121178416368565286601
7.44031156941961428584933912411341636303683538292007044985971697881621119041820645345384019126567451433492437913440161627e-5
2.06033191948435950501671762973783683494641679914225709648766015549234384400726131228256926130598807118023869772124841210e-5
5.67860667237298010942122960387380150732960070210388429008179525236483707250735557706544812657042911318694387360194443173e-6
1.56291902557242542606742926408188684603604201594624385118438164477519877503653975401705890457120198679573407316692209404e-6
4.30574298005386765873689458644108294192037023301111892992175082049823726143772222655413657880249654098617948100883017611e-7
1.18938273108078846503239885501554732326952176859174052132710866467530746411345909643960780328845081416940683592787175658e-7
3.29838486483911849036360911506735549473398637836384751594773902676503191967102052478776739091563322375392258711718651280e-8
9.19149041007932725224728326381295915804292843121968983702503239739602707536573673988785682222724404552345434712943592833e-9
2.57553245052842894780441648308757225499178789395180674253722872042895948919879339455140268071045491975343503368330511129e-9
7.26032784879096767829994803718306382621538331099804389944625874176617337282384303483342964996897089675806348849574381366e-10
2.05970460912515495536464554814540344572787755774701825807274101336497229050109358146909164587644700369514017591960198020e-10
5.88191451617439932388835038749965072095514419983485592584975514722673897317049998129150257984555706495670838772137259117e-11
1.69109492743279097282477700785302904295740749190162661561014193861401664276809239662838053619762910136932676353299476027e-11
4.89549020820121238958182766082048992215283943147231880165605963147258651249506687262407253206249105574791720577793362592e-12
1.42700600854040195737067624513652670366754878981331307848532336888894413420785523583874263679651593773918912057366881707e-12
4.18854427425275433723162949376607765016783613467030477893366710035057480205296218442409685326121563515437829487097496536e-13
1.23794628775285301068337228579902768865576023870821123298528648227631466926565189791686773084900099099726577974449401414e-13
3.68405244543572245780741543903419120449182446903511392801874500814339496345120043670301722992340173984099084553439590819e-14
1.10385364833831404085866223986003595650498357591838200841323876508365292869201427028139528331467473525021834892615567618e-14
3.32988670063566549212990394085074684724954845373031103765225728986837268374352617937442811047648681613837903866574126550e-15
1.01122042224875065485820845979206365219504742033393927434571660597843920836355956492097579884753193868225250889390133670e-15
3.09117391931840265365117804124330811373637381268309884622517668584775168910590552241480497955222135812250562041976736870e-16
9.51092248971858172457889242681498779854466387255473682504349139901291912842084724458674427034285983815242577736527862067e-17
2.94511348735871129127160204157405145532509593486664922630356262090778217953650356887101891883389527462517787986996515265e-17
9.17738623035378851102215781651856936792911236007706553381554516731715323109366537370272941698446990281311434930250491131e-18
2.87759850676779796238907831478670498488302471015037335801655101976034254048637470978109865059473486404829787542625472437e-18
9.07803462871179501732960569049713671299530501216272875329265361682919131853636232629454422127283387105262630849059761143e-19
2.88111125554701179898943341277036673800360670552773734758503985211734808881315806055020412672979178621328648905963836978e-19
9.19794915830517294625482052970736250096153081896313823489369492050502125432697601610574025512289817226384715150217501271e-20
2.95352924733639147954197382089972526371225236440532191092112805982792972850283276728530848479033437792104245750345207732e-20
9.53822999565854085217931761702030280012100386248047713224932409601492346508218988246148120195754543938948928612070861164e-21
3.09761930438757914870323956325907077414293398043216736742567469436075289929045389253439135101913341922077321609469462419e-21
1.01153323813639083359895875502002879196730611035451420351331296889337777668574524687739545013342686293952220999580002021e-21
3.32110773268410609068723447736402923073782211272372659546174955742048379419081719496958231343687136334789557529138431035e-22
1.09621574488381559137039045843542390040034623472472999978870471458556576522638727872421345650917327031293318075866621631e-22
3.63730512319919878928255194691368036827815196559573111071408140609206047863757234290747101654371249928811878709651965086e-23
1.21309617185933525796488944597591709509802955566160681288127540384417328019090801840199360188846017549426245952302670209e-23
4.06634786181999958625105065117072261495731208572722916947232301562973006759096108238282061626628863972130488791992674798e-24
1.36984193449640410236897776572540654291656156408798421007609961485656224822955391167484740737981825290999472639477711492e-24
4.63720922714512355872598931808466264134865848499056950828371883727763011833002991097939391038014163990875702958359663492e-25
1.57734880318679388366788661836173855008985559083103841472526506183987626903515654868074862700802047483276266164742621064e-25
5.39074692974918464434399046713061774293117844160512336902949837473372701078927054426835858659523838839574856855455552858e-26
1.85091494828730482042487335205147775267542989633520346586199645049677310617180247102955563100875026766960041654527521368e-26
6.38421150931389675475712928873108096747290433665933675676214816174734774780097544078163255640207124768678530618512955885e-27
2.21196943831519291833849849046416542994540133424623411695220878667200960423163153414745814726914549078103229926402737971e-27
7.69787007108703696200887866926079284985868281870502763848615719270831063444237632026571500183709021403687152957903110276e-28
2.69061117671634012405825692503911787767915687407584915618115797085308092603043978450748000092508601269119477041352832923e-28
9.44474590285293092492314150723767112950467234757955625122507386344819105832346113485913235251965726457421288846628339790e-29
3.32934941144872448341165683671586359472150184404053417479673821280466305649548461121535796643448885463067712306472234832e-29
1.17850041110615230079412491372302801872878863132437019666342232514742156804605821292805934049161475454454849927146732764e-29
4.18864507119388420000091410487808754148861623633487789168427386300311404230870361673555401464383999794010344355638092159e-30
1.49473333041017404839022411463744548683249535988264081917400357129690915119254877149230258340403152849626150567390642774e-30
5.35517590112596594107549209988381750184033060481831914657953261877083253288760284432569754593424114206283618392940906501e-31
1.92609541566478349549588504015823352293630353000648705726224609217032310563838449709691070493563710836342147412826628278e-31
6.95425612682319109800515215262690262679951625263086960978512316963703687633611146291978776681980553997995331548742235615e-32
2.52039024417311104564108065809037277385748809988550522656169971413233132826091555431047178689837614811730853023756483578e-32
9.16864389718136064851237987178568089769089152242432975270817266321532519266576868863769942925719022656921082244798022497e-33
3.34764334161122116183723752392133451127461286760879463455035116391547976215903269934087101866554702487697961545758824991e-33
1.22672474805894942552427822828614685310863521121960290575862801877201974255294288324713142470209982386097786946286940585e-33
4.51135065169128393725468637545743518650787610974192608063750528990406030844726429622717285331816919484165766780823407016e-34
1.66492901362882659973326962336313337479521630855572044286027333591434254670597052262337386507791357543732975195195818275e-34
6.16585362083389423097256550925484093869464287283588631284073935454356694588526092836390134705513678516095949470239292591e-35
2.29128026645385640348645002871550958723811709059405035386086828633254027488461875607494224207076824947482144607665727144e-35
8.54339283616666115927672590107478498447822548157330364539606282269623983966971646508399373807194529619965374652114470161e-36
3.19616946890587394609208069625370351020661826405251876775893154066316699344254665198619061439492559641640074642697014354e-36
1.19965684217163053999449045573335284720567926673417332868939101075909267481421947466702020117523839050774508745350947355e-36
4.51744710244705893770160728477260363341144606016914198620520470700318764981002980201758361623591709949423256579257556906e-37
1.70655124144284002520823681783542798782228165789393402363547096549393309898552501996614182469715075150891336098311412964e-37
6.46721994056172795825021182204762503062128844877712808799613125372005388555055716591836004943208003908600882914132952772e-38
2.45849988475053933927921106176335243293020856476874627516065466184651490002359821738138315442607697653685866665897898885e-38
9.37474854144034635311433333267262633271102336823325388329318584975529550684896329416904068609609391742190869787918506763e-39
3.58565848661147143444952924317172196040890708443849800486802921923819350224198009458484884106584602158861894523125103238e-39
1.37556599482628770756096700060195131929651488205536016699461772991754957146478110548019395468251633074294614691167207335e-39
5.29274363245257696916745869697221891893105910706146347485928322286142459016029209180577867355945321083751731501474837659e-40
2.04244916587379456254204132750970227294178330862799790805934421183183638110938514201425852575317550912134291567497714116e-40
7.90454746117159919769742357096925792329932174767793194024272796597612797828163748389999833752985208164262268833663917704e-41
3.06791155939379884436398696868815129120354326549600886007399460207576281798664057517232567368371225535907850941040505933e-41
1.19408091634697779321839561750798110878571650793754448668133207362185417824603016703844152399852452657693776299385180459e-41
4.66052790256751144773122923555010055290217468710158352825057648432789938542603173268182072139161944415453354252189220971e-42
1.82403234368732483249182786276671187644429550557880570572230064156287411563659387639751931747088123602856751105911315249e-42
7.15833386818930020809868563234132166172901789485579559052699669994603302458061365554376373475547939592274084605202691627e-43
2.81682305038476528602787156051924574938614608696534612884641557136613124664646128768557638246944205533941472215525900287e-43
1.11137817680014737277162883845843827071120442538792224104761677168109235103501407359797765829054499891446760872978954293e-43
4.39648500443467857152658214684344894191054125533625317810623733375527293293669299734159998272471854951847422927181242257e-44
1.74372410239181176450464577965402142071200555700959800536323962298476620195587108821710287782955429841597596158074086265e-44
6.93370963849886796899493152169834241481459052479988789119783708347878421254045362834280239811904506259296434991151682496e-45
2.76411906503947687931722553197516333895561799209569682397209779669717428890872479099623005035169774598396209684926701641e-45
1.10468588919898573239764341372003333226124876989002690296852943921440389003299397062490820646937192289647740015989372799e-45
4.42588182618477074836214384301734937020855715551096634675470269873896511457440805166213166447467258140683528285630117695e-46
1.77757518216848767166131786825311053431221767669342378751369584310633357151045904288764538163677833503438436975059698065e-46
7.15668217778233855456489286408233024288750865179802412990230440185128219893376284166508018905318099182335751626498266734e-47
2.88828283459744086952346908967044043789170064906067898485018557666282530642349052606191109647663016617752892319450692759e-47
1.16842489000762829132947679206716810017965767020438495801853386937306928772013820457235430723001374868760249684175864109e-47
4.73787975781987345704683263892690830995698841298124997244934167119267717688886611433461150222947286202717753073984918508e-48
1.92565590064272174117587076853056256279224707137577932749321304522065861410624822320558393117016810961337344646710638317e-48
7.84466145576497028712661706329399650834870322611165358548862451521315260014838037099140376579486978623149461432398170369e-49
3.20302437206456905912305274759830455397325955553005220882543588289596399789030340685887529443224298349189309166398308930e-49
1.31077040382514240747173095394167042631139117077887889123352361594717441112251092172300974009122623338018523242002152720e-49
5.37605083567927039535493611661198607383543408476440719443926792665265394208080694278410685853431452711621603354826011048e-50
2.20983907735533124958023390344589848829949834023657923360311476349190159413888435547485811545136085568024890682636239231e-50
9.10350911363507874072593030388078705672605650729882015283353181000382556859347585731838943841735543966516201234657989261e-51
3.75836052720470760433577798537600329547412129949914961578268080979513650910183416053232684154359136276283045691172124802e-51
1.55496335163096502729659815927935921048005233888996157549059466366275306046995887946785989139322249097629006056462831569e-51
6.44710639451648800714506452629220515650581920112082006894817645152769023990120077624714649232836492509272547329213137543e-52
2.67869631148585850244147666637448963424686474709179417980386261402815070148571538399426307803731062147815944547630986842e-52
1.11528853965609233612810069517363583997061681826162886245908879658637675292616125305868091990955161628252541144544326602e-52
4.65315393296749892727795548920305061397120128325401429281001879827957674639375588236508296932430937147455209199066304879e-53
1.94533978232247821666731686009616716139923341417714803902114203048418809799477373263243512334884478022149293421145735684e-53
8.14935006341940670182943232087043130103005522213295385634470998242798163434543053808934608527278359464697772102607778483e-54
3.42075258322865278647371553797115976778042665874363786212409289023319330402068060440269699932105676481249664156063209205e-54
1.43874358380174613357641358420775815391888390093022784307721598811680462491402819424264216856702762237722176360288025482e-54
6.06317602173406639665102032169929812453016106382802449325336965451738759691463539420089657840322611350232251419994669695e-55
2.56014236558788266950354952152672343844746861617462653126521461068489002865842591784785223491677469745621321418202935092e-55
1.08309728780442657838403263476112085653787410816167791415239576474989449690750433637820284853739342658060899819155353319e-55
4.59095043528586945632156478918604094109402719273524343948247396164366122439985723230400453314628344138208108102919281517e-56
1.94967407092805810695349095805875059408296932071295936038047359668470460003418974766135586386180357818406702604327646195e-56
8.29541874995683903853554128959616679967071823110770391137643649374990824957813942000256502443669127508937441504666874153e-57
3.53609743409997384965637950353072450018660760757127513279802344375349310851277086870726688834571057053419290996014698118e-57
1.51012390040934137323229793056237203904861708783931265573119808256818209593162022327392129014590721572107564053956297824e-57
6.46094933934049480157514339763661836632919365008513294928707301910017528250090300486168062323084752593016824911887234270e-58
2.76929067012457869658985502834647230636925175226640371622177468117537840464331947009371790167811861288008112627136344940e-58
1.18911090659711602760058206033555643099769313860395105168663586869917336549210329111490370452387950639607172870122276723e-58
5.11506385657002933478750569613247077695755183150743920789883457612461707843676292780492339988579833107564273727551788940e-59
2.20418478206850193933507632811529422269266123225727971467311617884097923094503991626526070159693650423898486799264450616e-59
9.51495296946812001318963657719097757016941208768785817257333322858309281678712103520548814773513735299739449664403020233e-60
4.11453309283144692515154701472704973710625997668383727317274769415190791802355462739211952120125302800637711741385023499e-60
1.78231062552120654012007652644339809189625607611407525002410353073007757133256810528878700362727558733712372613807251105e-60
7.73372818522209784119100575279203539260887246696121865601472638310503657030582866073131906888001056520766758759530594628e-61
3.36148302325733906129514267017822927112827082337933586581381407620983658286059945185026353434333417982123955735792165244e-61
1.46353589735695532104545761338216465227052252793025267423520994362825834570625179575225658678129258104802136030877464264e-61
6.38263912841442517002076960234765516127623167882294786346970007077366631668734323005390731473832003462623867021309160387e-62
2.78814757150653501215595663792813704997068850152473447053038221845257698972191464888157409772477515896570704540321754761e-62
1.21995542378803698940427832026331585153516872575677881630432396405912084403286960775289999847594539598220951261160166022e-62
5.34661822165071587708240606839575452682899779573718581648564470293250980251416372431676354038387928975224720807593206266e-63
2.34701431988304514183415314757650637159833337826118529128942897539498114459629501147846555632266084335862091919388894027e-63
1.03192488025299734743006545741264760722987793794842088358912069716294996888070615196901249451547375232456499534263893045e-63
4.54433887967354331513310249997867518394990471663460637904607453756809159476175128442364745685864889160576451018278183007e-64
2.00437140056297430716552750638007360858108357427490590189873907895460075134249119278143180049389030304016639113932011885e-64
8.85452357720916318622272307430807279759889169173423982102206685876835586653610307151673740573725749046820357830874990484e-65
3.91765727113545392779336356863021885797667792313898053524588654761579634119794684384264228044733730503034894226265287631e-65
1.73602797097794493684200812586849734945223758230183452757626366241436328665659549838816087979632231703908884133479372606e-65
7.70461427847337038323544196650474989015229409553756065116679377765910447213435930547125486896464930984474135960426192393e-66