0.496674428858203469314125890545257350900182038050227956500828991011927359452804627068024671396223912771787822039029565320
0.000196313319905403082052948257626514670263907027458681746605222429267119037418141995625976931271024056555894959872426577887
0.000752263669884226662484691818094888082618479215384056495841981951952248938280463541822823775794969198921798668027382859809
3.70594476229696474180900880146323862927565821047194769959336106189922860089104133588400590297807092573619953613622233169e-6
8.89812011771858566378851307508353296021755848133962383813131991227799184203635799210987233145764564616534758745845803000e-6
8.14088922953185694846212514570090401237390951837297865160919133723622489267462233771314171182876394176213030247713628312e-8
1.58745525288314651851807387977515114856069112210265949659319915986719379037377149373301667923734379883882844833451296352e-7
2.05158627104787496055952743444036208091696467185439914863837968007063583522842221419627293531436569554231983594468500586e-9
3.55142886495553442436463106450069353876122629407568497530943135282827063589278973582767845475561242766450449373497361318e-9
5.80364538338244559980299044772483503189065892041832506320987615212576140671686037184251872039775213272087340629710808357e-11
9.29814650171905134446180836999325416210426645511379948864329528762344500327523060641312160391965718659848461378276213282e-11
1.81093216329837422468797972025788503200837638913139930974285758260003450133691723063096461136935583397422150054786085671e-12
2.74758920481326285314482213898016562372991768244659439908440774580445197656677679148019023235220197551372138295180333951e-12
6.14908695133936239704785520909701958984373817928779632266757705370644298555952653644813882091602114911860654877181692564e-14
8.95993272416624729372143823093534432120555662335631081022643028845932330853915805567141353367639180575638943730582993576e-14
2.24814039657941483464863029286940214335155874726337295571464229342032284637266573734117140486180299992698930576059639347e-15
3.17510874590756189139486651173166706115841017146838013797802041003531064893393077529095830131743700045121123897896361212e-15
8.77549824891385084770972043031891659087086079496933043090513132889196874118213220411406317482217771232145809558662252257e-17
1.20896510058143034327270432422056994369503235965881859787196325911034014839936297709893302704590232921947038350292449082e-16
3.63226056770916077285737821629729552237737566890290356369242533124353407805642298329219063658998183955349840540852975784e-18
4.90365566403747484931309449448344343201810183028394660049739251457879296773652720533643799031535201850002079032953555675e-18
1.58518580425840802702196914061464855760744626001588561395975175537149760779563283939284237955896345009281053026621507090e-19
2.10431045256272387695506791053819364811147215032976797185019181428219156877268205677949007456045936664499143470823530058e-19
7.25975119941445513131672621606818839123468759281687369680313483698548079859294586060564817271475602311303806534894346227e-21
9.50112072321577442618731349554220401878046043748499445164461812364421322607855885428664868285802596728992281488871655942e-21
3.47499731992870984667389835506648327935105862742830368804020384102900813112384604473441193879240921610140029342713459178e-22
4.49283454534860326659307777648754006970256018379172143370350684586811436834618442964437053032325851840622419093312173324e-22
1.73252525273454288537987348038027991211055629314201987421356744980958230575018533900074863936864036113360588237935873017e-23
2.21649835798953736298293158694921040239847090109289702286100171780210233914559595538326742298980401949458694576252929438e-23
8.97012839774457493337737972444871388595755573205841708937973602745422167268525612177381577548366962630137368336473731293e-25
1.13705854612721994171577922992170199502683708623271322143822934948949545408943218371214448471347758114049026331363483098e-24
4.81035591244634962127942773292135238498608900432793273574027981659515311608175659168112560153306126384381023700670740133e-26
6.04824869828846746958293431830626314315099530781199594430943762592564133251216491187026880619829820031447675480736475551e-26
2.66573038181628961163386105469647964954688632168514920808561713466171275854831436138088625774141414972837743090314542357e-27
3.32758692773839604016009424756175954815228417202346304566725309417861528395465335723310963422875058696613633750224111066e-27
1.52345610011732230598484351645621320613874719120705767570084083553189436846784330795548640365600889058379673446218781718e-28
1.88944327170220888004350732835358989590012313264782331500850239340035574176955367558155387858349562139746994043983999297e-28
8.96247941156090623324203789755331757065409657785098812184346406937005765778721849205030623359569081056128538966677469619e-30
1.10510332842899778646921346288598327111065522469766742029680832163355627651152448530060505358751704875854376323955881734e-29
5.41878577356481633825632304890500460938032901107634427625412058268216907102271715973933733459937027256534616617298089229e-31
6.64641236393201987888897581863780599453962487249164778677954969584052946336931574559430720384002498945537215350515758439e-31
3.36211176952482183669159938830334314137356062070197605768647823511443236923489609523436969810302075258408049440469568687e-32
4.10407143658214170343005877838265143324805804724853391816328974146108886251013500659377936578139450942930043457447470769e-32
2.13786169213953389983173944721530532031199138312228995223828237248735753746677906266515139882231926580616689637252949727e-33
2.59824188489357970727215182020145342379694438203450184689740342398719104318236751325216826906691907080054520439350275431e-33
1.39148195426131189812223533264627333437127583905652345737113203154015191376956820685785634462473513624205341876984358260e-34
1.68434841309097571854257095857490450736123918339286896195383448579319851877324976671365595127742601567977865025611233659e-34
9.26029846609341954929637673242103944768150904630927239321320686595764302373677075769746953214367182444663159518216992203e-36
1.11679111000509396909974922484694681954113702634261363060440417100186747157815814996204779045955564331623170490556020476e-35
6.29478496689067566021954284663564532366392247583237890545883138955019081927344279615258876292452517849316002371772393211e-37
7.56558820679994474094094884148247542894381269836069344421609175699725111880783295151145910313876625283381948787394023517e-37
4.36656433507921552385399665450418118929450566288140109473752588639428056384586749031495962298351994520330896370854540215e-38
5.23148646731661687041443915368244957032107045732832794382896963925434631044926357343044475569983147451927678574344424192e-38
3.08835977165731302768399399575969903363561993190009727011144374920409021124987592656823306634607230661529413285105020772e-39
3.68921118180284798092535733327640675155385782795481319606235619511694375838686101499850144191594824066459889280733412775e-39
2.22535355534660374137212236749185665829174752502193343824261353889673080028502599872684049974701864578548884727884282353e-40
2.65101346547403763313513495141387113083095386100022726539027499012398734835088807803729433808336648420504946594188347460e-40
1.63242185065323168267479371428352179274798593579412224829559936574214363731937159900442399767990526727945312953242449116e-41
1.93968316161430605074452558085643900649821696996457303828874162799061780004661043239111359645800201959808718048981345765e-41
1.21823112364980657028431773533929952067199140226562418949631165665208052784569071694066344889237661767239714073053619584e-42
1.44405653204289567941026662694141189098465981890347363287807126716228210917696718897012709098915326412740657494631558555e-42
9.24299802723718325962561144983015116004075007686767307481603462662643413906953331959552310654583591524481515936264046086e-44
1.09316942696471099552640116012960404265748721446534697472645598409859463040118349906623637753901735751604850371159493180e-43
7.12561294924246289477651005478545414812145331089588034141868134728088224147203201924877152150515203941284861557055833269e-45
8.40959624401107065419549396931797815761749647224468438138371152720916534148791818094931983759452920183072185428443128118e-45
5.57846561829299280966117120725533640601216571794755259765505509647213658927915709516817525894667358891684617989274167469e-46
6.57050931634889110520115129749653199989012919884088657117721919541028867862929881728655062503561204351875072485377941782e-46
4.43264101789865081991743136985301970600913324223582210893352608664113284634712763461154342842278584446609485441043464557e-47
5.21106763638867444813391161386105258317824871512895259093963126405892593511310791525992204664667885536153270745008926996e-47
3.57315239528403001536104097998371142293354769068819913421930113558609760628875885903978449098880715513128950219450114200e-48
4.19314657490368867927484505713265770423447670453919776751016628469723177008630841352709517718731316864936722088171048577e-48
2.92065479964193435542338406596594964374304090840078038864422585918271618753198534169705225725346420801239902611302812492e-49
3.42163730306621071666340944035189372698885887542419228346492064408387315331451648798445464095419087619290948902627227015e-49
2.41968446109863414008896079511682748135426363971392611115872738363031763256674270983595747170691937157501990282694127407e-50
2.83018861708812066203175737183391276237168732862675340283013453895598520926825357124321454229832842783670057300123753096e-50
2.03099002509842344126171973437050846425113040537294506829012708089435423291789077879482795636517872531152747444957399554e-51
2.37193133661583553031839271537840036263839880097431674140693205024041791199935783738938083918286707621699946403709562445e-51
1.72646553784585145557032327227759365092368149214650318477977314149059647524247374032495412189038540505673655074653470684e-52
2.01336303777841301929324067300323109247551654081204057164485970760327478157347131187223681692809689567043164554160982267e-52
1.48575997205892214141822627448418682666427644287498759761064987890439617067624700594990315990430961518227560671116044735e-53
1.73026458657793273914940855739905645284354051309092333473520017812853110585388654659992322325609447360854029986372190712e-53
1.29398101750047738777481172104742083246986347168351938462130278035418294005475399835298894484205744175711680891087379543e-54
1.50493994476181028774181473901008169637668047296621743017033351443973811068639957870055770638609450505976577256857170622e-54
1.14012191442084751106461628537084325451342126518667869276429181204549081824713392978367914807911138076660670937998653476e-55
1.32432855663903281608081839794739774466078420502766757879068251099524561744661114115530123189234037884973053700244820551e-55
1.01597171088464237651889060235277990422299546077780247832824556429397482480785936375750068201050859865625136958326269678e-56
1.17870001963918840171325166030500383995986550855501804423504435619295600824889790108504532176386744811776462329957318034e-56
9.15352427231099487869366158602569563446487338185570671594785978758299009540100162760520235407201569004341632124951977841e-58
1.06074179863988569060464028504960239807714450392869147899288110260176579831648161375447137241702514958573486097993401133e-57
8.33579752225482838078755215755717414905220362703105707747271854071937960820695394090107269205855103417917549774788236108e-59
9.64915227047358275908306501124641308437334001368472621065688120149615291795613107811542315856589507212446968311403642976e-59
7.67078552562414647886022108056696773372400010003136640087910166376609978131240620314672788016730528030739128121768995373e-60
8.86996964806237794928617593255973234009949573103958028174236112056786245193469243891695035359370800600689528652066291314e-60
7.13110125275527483352727519157101978123372345152705780445194774589391353172013185590529197350826585127536251935580813912e-61
8.23753625929065075062378803304980472388542454748208774869949612098911305268490199227286995322876068003731538632575474644e-61
6.69615122147179469182931470400541064917758813922848602617026537467603207999404454565976688845026339470449377259845305015e-62
7.72749385949341813590228106520876488557929405974286737650946242015142558442177220839670078375690170866640046691148004276e-62
6.35509679558067823108912886201552313696855182884438010064763346081803963480442716520044433549756516998716287153441148321e-63
7.32642080011403561695920556342583204801752955400123323988585193604973732204438399850318309866953737051395793928405436987e-63
6.15036640829293855890030621650501195157091183279127804504441575700179364998670050656447315664712226727208509501059492270e-64
7.07787331321848729704335871012607557215298166938338299509240707064691955002327340111679165884778685258491061139337433413e-64