0.496167195457974722423423871446589186021298466587947174468151867617201854856472874403690339738120885849558557102484686057
0
0.00379083066558188429050595154603461308999178599138947773121665056104457638844466678444826795842491496120539465590246714886
0
4.13400633483643055068093182267552865207149596113486379958643681356870445934510158372289825656818160054320449144638614208e-5
0
6.21824891544171621822675554220525060078932972054426840130244645414800979883070575922083715565059353259334831337756871529e-7
0
1.17194313830461860534109507865369187198976572439429927102978683289058273331696555373266603634720924978620728798599299290e-8
0
2.61873966228569413449769548776894686382717829569552822711516984437031095471971097601066886158133730891364479176288663411e-10
0
6.70021175928748823528812108540126293123269104500203453956442518864719146898025217528108263685622273161206136902728326056e-12
0
1.91682676263579284850276393573916239435491662357598430116440144555977305141788834209548558994602424567802651978185179251e-13
0
6.02757722033647276538047629561769005774702508510023777450097945323879679104233161331196652137915755335783912598194025938e-15
0
2.05674385772092686960737704085115945325210890719249064341881783664742777897859022198491757803067390660508053636681581868e-16
0
7.53970416711581168861600886251609202572055081930502939468684103182438641466217115697039086460146410947008575470171257409e-18
0
2.94580755062353209791830986999018765061449822353526905462996758480705968122269882462481193237288759033963135647665825137e-19
0
1.21874392659994700379421299648994476782481819202586337191367890856036771733929275380848339173659471302538756651642325391e-20
0
5.31059852662098147731430727148260907193021488810713202113828407031046054570819587757598003502703700543143308893657960683e-22
0
2.42623907954492609487475522844906514270894832717155338527991774058988912065862041653556637142194384262089708478030598186e-23
0
1.15773818831211042959712561396113285913835586639545631989796277259253454170298119390507332152082419880770290920297580014e-24
0
5.75087327046218223271304190084805336324763410027511482232881725853736975158599601774319578997482521648295200691258758081e-26
0
2.96518833703573816347423704741048598891451839598121387248124789774802934096584313987456006235384578852698235002193746121e-27
0
1.58295569069397865123700565206509416730925746352477707540745926459300601099054841310771067760890755404629914246327668320e-28
0
8.73000477627282771325502942882262211408123481700374484007705861823788030331373024722363145659761663581813536835823973282e-30
0
4.96396063373053185930011304672505122569877992262132692424680225648561935181961252442831430343479887593185525265790548640e-31
0
2.90496074321637453824698169669961285892410776906442577656295746627781721609898720921495610957069710981210662733095197476e-32
0
1.74685961620292076234290446134321810677104856158422777796045450117391591674174755157982131347468007138911650450247985150e-33
0
1.07784444685824006737456248350976087674488547539438585946310905952415603909139075313531452047921311986568997517915930707e-34
0
6.81501681871506271565822637630869230575398239353711102394261741680876157122196356290800063852087275532233954082659775068e-36
0
4.41035302396623615065519733641863149209775453309115804068786465992964730233587151296665513522792933699421721572402116707e-37
0
2.91811451031898608148512258176886760495913476636273632588775120743192329683031339864224738030728731690026840564411373501e-38
0
1.97205819167123107695337698455996848759789820651462375029475050413788660585548013351484748253765240063849649934639763170e-39
0
1.35995901359568273933877365616105403422554890098191055744683869979583892029194573949542238929767776722249243314240089545e-40
0
9.56206036738759707293511180185108156312799711488170920686148352359333061934667099525856827615939560140212410947065364289e-42
0
6.84943716854764224878020316109488125331609426978172283692946142278536616010515845439188909997806095079151734515618710403e-43
0
4.99480663876362375921243334106349950307511144914320929994633762443603405708747942071139357804989406368749117592597860403e-44
0
3.70550595769677054372497270856203599594566567309783972547122075870816965626734132653151099513147188683081475982538042576e-45
0
2.79489762317230751088062662044774705853772485884852516790635039307541531806172327199697786129359922192556815463049812769e-46
0
2.14198455764431624359871687564874649656110127002554297731818245205979810666971308951913103330427185414629940639698865652e-47
0
1.66708453777944918775058336387623687132081514881462312380114491251750236897760173526806425957481376825301748312918037117e-48
0
1.31693229041438889774857158114645594551681753405513108768206466151462420699816294322198778913983466400825444502541738820e-49
0
1.05540963272911564086715929794499266304745142365204586418018566554377263334649346718047513373529477877679816909682145567e-50
0
8.57689543151856294145533466100149233750641805815858337465622443825437379461626223678357957486137644524529974783139436441e-52
0
7.06482969152838559599507213323978703488313036137344920644153728439778657516686087237584585762246901145888850507331918232e-53
0
5.89599821265548537006262588207948599877122551740910366837167746173416056104328616670659821526580634380406906754441901716e-54
0
4.98342875696369441563219709497657273561634256072703163896107795910153678284696019806489152833683834194512853850131559929e-55
0
4.26436671725623907889684897383025589683969986447766020202645214576327137800964027482688826092466012703982333775051021950e-56
0
3.69304483832638176942583780522564549405882876069143303964343485497113674192224725274572097803382680250460663371273095069e-57
0
3.23574560016628414995368518576121999934047665067052776958006156280919921891795575132713856250490745090071916014187724930e-58
0
2.86739166273175022726023654865388574589002902740564268965884445817391105477106888496865687380624030465581314954152924617e-59
0
2.56916640983616815650558262282192723593349417567236732725976793779200833301531526941399404381203204029080673219066672738e-60
0
2.32683655531769719546227399565189318835185244317429964215625365818123303483921538542193949788512651203738272802652727500e-61
0
2.12955833350850763676190344837008625661437446267673265210216054840550541804430565170073408733349253190730834230709943919e-62
0
1.96902022963075014982908644879570433521628011495822719337285550446598262999736230859711376747632153892081221717504665180e-63
0
1.83882228762247906718212406990547780425847955190504911524531095003878170472692753800522012878844108149122123514717560511e-64
0
1.73402339118160417554463853760038174466121333016182198497173540710626231519528115610335564604289945678236585795493340197e-65
0
1.65080901357014843025118678535537560573971362783725876600852249483592810328562703022648645856737765940320098724700316279e-66
0
1.58624627178200495893990558996850918310897759046386927730172659933099214945395865768302373193337798090286278818471711421e-67
0
1.53810296446827182198511955837419115802066044464171171417323201742700334973436096767714410033003793106427880344368118635e-68
0
1.50471409971003835260133525400331961392232369326477526765912378119513678716360292648702416488612743657068983146069710876e-69
0
1.48488420475674809657795301240145802778251959051603428778108091138769208693621909015969070312381663150839532490180136792e-70
0
1.47781710635655298107949440283788856732197499475991521747342879240906958131403241768804114847360063367781494786430664123e-71
0
1.48306731618830650550556184308278660068290288346285225967045089693812904320032706486038102207920311371457470806703188756e-72
0
1.50050895053143139127012352158232174310505920738396223403471487014992554075617636603743619892736799908693039627388764894e-73
0
1.53031946381708764050530320072586791924433150792322813120869543669631522416137447433759867662553480659476846965848906249e-74
0
1.57297652811808928695990078423069490016627216516558070877667637003403008164007757189550023751619760395112170825752536734e-75
0
1.62926725063880359491506712219321916225808729258211121952117568499744972680961647212540430743164414272360347524145157660e-76
0
1.70030966832089762569346930972464365865381362371043687349766975584379144775916331885351685176091122478219713291888092320e-77
0
1.78758715589294167226823586232543760686251204280826157708268523166729564914519827904414764475265634426212498669531298311e-78
0
1.89299708500087831889170297318980081131631095853451442047248654213952549968816640243712584303931619069751362874240525933e-79
0
2.01891582780599576480711575824901667500151888802118139686284765034582278316974769051552914967636883015239622941810426577e-80
0
2.16828306008603080665644100579279263096944239064796904963055304525415816576807081034611444679184509877332050095413289129e-81
0
2.34470934341940403033356058713071452706197024841154625780305876747078999627098168598954392877296562953969171076995171657e-82
0
2.55261222062171195085910685417660195094361301921729560680231839627589487579443516367731855931099926412688609882517835668e-83
0
2.79738762580748926679156385995710848506050681179205141178333600531726694447178979743774424829258926931851143849837669584e-84
0
3.08562539466825155642973254347417819743621222106428644087813118045826618578124171975496001408203021626049512981728687548e-85
0
3.42538019614540700036475597707169095924851288590623469047410499952055691748765517130395520164216566250595649212945450857e-86
0
3.82651246851419709790360356130128226231734390062163416628052855088002582005622789465725053897880931336560576849099225121e-87
0
4.30111816034248171485342652013089065758192501882870927596194070576227480853786403826127537574666773457147938776045932170e-88
0
4.86407155228477765598758520286747680011268508778739749900744848494469208631735306266501724217487147633404003492310698633e-89
0
5.53371256967769772292577953024940525801229732543154057659956330983390321651109381866522241595835107601389029694967269048e-90
0
6.33271932049741681471354043196756038363848778878960168348976837062822111627626249569235307859009536402545838387679684308e-91
0
7.28921881753719393935901290660105317582947497646505812849460622214207889678178713810487251797969802674505447372063971901e-92
0
8.43820491538421779823597901943804964015684152413727214482442834403287907349834058826812194742559095754732053538573221129e-93
0
9.82335368195178883650444998260000387543796487949933037552168127907825245828353832313250693806458799608580857252506637502e-94
0
1.14993544373814423711100018140555497299655875546452959419279077646279224258142727762786008544906117662088035742960746488e-94
0
1.35349118287690907642961010832725024684457902085988515997267157713712257617271483256157704064529320680471623446543831721e-95
0
1.60166236718671566207617957988015699418476976773982516758472156601571783964612531019942186578665024465788347159674593985e-96
0
1.90540050840764523936121126197153397337434221440752707935379488978217199913854806649171025287036125261539185139478964181e-97
0
2.27860173624765423561378758389777439773932829169932876969377019063657123289831352885020398358664166878788750209208572841e-98
0
2.73895778912276522143313019964505611764994806266577310198605147410831841920592462669070315500497270662423707478223739096e-99
0
3.30906856882133672967890981610771038399936174346987285998322104763965491957074523431694683368917393412056699440747733713e-100
0
4.01790105112787761852565603289223658435943323627114297715670544860138610491977928359387938804915537160374641694718138905e-101
0
4.90270816091717807527986917673951524395777180150576111544421265105470293896692254502075983963563449360356562787989291845e-102
0
6.01156025359238167407249437896971331426939292872675229361468528752595428763974959364930806387530201746581548895293634478e-103
0
7.40669485945664727492631419017205376541567303611856237630422042461597083040582682966200184496701104174152968296336604464e-104
0
9.16896254491831498859707850507720370269020347372589905267569444357071533434951021666089364777792481746880667962114637627e-105
0
1.14037453288480199769317339107886797803431742865158713772298639220368970899574239139029710919411543034987043151357768477e-105
0
1.42488590684263104194588379467926949380604899318737901278826099312912983400690035193674900349821542553942773940617745195e-106
0
1.78851365240553486995050043189300928299112262382451451605201301417023924056421473612561696130572840415929852563167500259e-107
0
2.25506428651916077851899074679577095883989363899727709904930302889553844837010445805835988669070639804758852551748950361e-108
0
2.85598273844000623878490692509704021925013722244642660296991658108327986069221210196510977555311629179904322758858711718e-109
0
3.63294022917990222295156240664974497338083178486599884480717147949267938052690019582654701257564373833955099442348378524e-110
0
4.64134153057607226262897642768602845522715721719169833896556842031675269267116977293278936790111457727068727702275588842e-111
0
5.95509229550988149669803624849577018291012712647721886967720488595930415683698711017212126954549442119580119263008376097e-112