1.82638846025373248265209268147688699595970728055034189359289788759483160707423616833322078781784890929853963016074252564e-16
7.69794760740536826173569355671518593398270947641160136885311573319699393894573033292605994406573754155651107570137416646e-15
1.32046965181349507253549294787744382540802450959800474149431187907784417626715298472152994691093036781222308905404065450e-13
8.52811807171281626158066735777475118582316647202129985874113250564683796657558732059260148888274563697628786970041995497e-13
-8.70096878436630271164369932549203487152397748880789613692056111574884668216631666408583195886212987310185655002013663761e-12
-2.81992058982362194856272998528989060598298638151425205119470374208583643550595108068695312881822890924049042998221884052e-10
-3.77599918085286000707190821041137846222387552825453242154224802122162474824362810348789854954776031500602344890838946492e-9
-3.44669100325948979481563038193334693586532330882610071124574511927678259872032480374873800674677560451724266313081347312e-8
-2.40645308911093331831108323945601741246141501799992901796427766406241246387119049282500123786539959677059917312898441924e-7
-1.35307817726046207416023420560319405942828511055292677555011148088803649492101726533339430155940518412935919892450937146e-6
-6.32097650399667981925017919085582418828624734355241712519582597734665497577939498474897889559547703685566850762489463370e-6
-2.51505401281788115510566041890223536908130609959951988165039290635356596418316346819438331021115252999686144959862746098e-5
-8.74871759118892299177891246366011574461481682121288215736379175714456407664151455936612928673089122358590112779935172644e-5
-0.000274192081397217569838638728707657662069141738679319835593874984978164415909588593670067918580527736672332985248310744203
-0.000792954275876163852831697692609830916338599479017873091889006293317686943966547077600004397636943792548130367060959097293
-0.00208482639647289206325609408648947293074978334648971683075521796095275969438409316405850561588138953615245728706926729790
-0.00445735843138816910672402108609850680930057902429033761565285287786339908640521869584630492984322715259152895197248177085
-0.00468624668519184323079992050551424400164432922799829813026190592539676007869637265660959345599031156472893532425390668086
0.0164321058424925226743299265251673795682516548910699916384320023219183607986344994181172623988310594811292666538448377256
0.113870477650137751492142112730999712994715068190705395820880811444903844963861639971311271218807784309854277958723931734
0.341287647107536611544770251084225094824783037350797825406848128914393944198186299204681779182698063932901145613657197950
0.438193205139150603952313824229596279980212298613652647247782855825827678328857334337400957053994051021119152333138986456
-1.01220501150325090936721261807671297442584730373521078193817959941502457490799057812194313309933782914835210693073771514
-7.29433231589768704441764618869186034358993256758954117516027450278329135425307917466628460835567287314397477572831963156
-20.8180671817289525489864257615517816246668047219534765121166188936679372801542305524571079814298529277794887671086225322
-31.8881556503066554156598828365581471729650765144849280843314893083627516280915066254926978732362581584091496426050498986
-3.01727836220300950170584164505104205312166558728150290797907626303120907837231948776475466479093717932237492786641794433
120.209529933611229371309675362917564408629550230860949964324866755342602016174484793821844777601699319387273458229250540
324.486965636514951966142324955006700022972522671436004342520665246608353203330722090074517845197447914121998868898676836
395.374386497372479727974823002600041296185014283125627149899858442286546305092489521921895415446535348692137118539252858
-58.2119847981400897121854015432244850663993290345282786535076434938738726866494520823727105078533342249781485837634082945
-1156.32281648629523721875825040205128682812498408176915861333474080985166045300065702509431335530043005752890341556337771
-2072.56376364522071977180686899436822249229952200226269806210558005730889548200027493625744930707923269234550649786688234
-1147.38571443169817962895660550610154455318700166772920103132585636771567622436081243512125368707725660347532090794294253
2307.10606657796158886710861297389051150625104307703075258977156543580431970478764609518886862053530377563613801185083907
5772.21904516570931186338084755648910904062164405490578439034487626295806355401460502476211193264964716249877475525360398
4429.83587578018529058056580590264370316131525865728808627961179655399924983882036501342258156806697606982755124129662728
-3303.32005667636300186755025985270149867268407994152156016663394816712102653053444035433574746808110969931197279927182878
-11036.5642552189814914456029493888457587555000556506737254713515018263832709460114418185919868051715981718553895081421454
-8827.94661512116684499505043963676237067067183447618846046235199332331761675709212716907551646467267048408074081550159886
4482.20350232014655141020080998488282510159633090058701212117616403796020535436550011195276812535077250652755322915512099
15923.2687087198550410147048838698978315899360480935879835798673031450174564113304931832761487381720714416500064707457637
11226.3737709247744066102704251643783017071798794907349551936664661583515527169183468108311888542754906083557835280283163
-6528.14953220180271538035807437235945113687212382473022002716369102355942572383728226120336077152078479927493553236150153
-17687.7402171536813115535065345692926907701106284387003060125856828746299361818662022058699044484868709209373764414594695
-9221.93217124068508861869196074470101515450918749421544863798952245528420453358832896487753682679988838365413180077982136
8527.23601829521176724406963799856097616086601064683594245031207103385295249098493193948322100901162689807297426007825154
14756.6733740837525256743624142041537333404274195617985098602666477091881377253481817960749049444461948120154669333898893
4180.97870737843063059934174623297946621511255721610829446751636157617517185234075949786986280129278122668101216722448510
-8368.41855331729756487959247180685390331681154968368285907202806398134852793886144391834221246467386305003602816133471977
-8760.40279715535336275960313678345755566753209059203612989277740343988370274359899279417180061422157848166512218585027312
53.0480076837301143865614362106584444667146804097405281782352855754141214819561716806916012831421922512770821666416056865
5722.94477729843280849787804666385346507610728521100789574751048254465238138698926335544817412351661542683685787447607471
3345.89341417436494424643910346724891428500446553893619385052448669759779269763830001101741545183572022403394191985282010
-1439.83826024726539246257596902278017254284439016471785812915099451903813040235773606793061507713185109886414599784538043
-2609.77418426850045930681273987073816844403981191745690195109086206390660827050220402826762727048092474684407133211017690
-587.776633134730299805326663928425611136772126891901214807247506449478199260195153069114066144875180175641935013294094145
995.502478997761787687818086872884962078839347936778916150416784931014294053661388578085154944312774534190690643487094764
737.270778889249682155180836891457489125299857379269562526249076238889402815638839710291929679021568016483406109543491580
-110.023142387445366869635224043396913439589289294542085928616206783573256033603213887159645307608016975943993047129763604
-353.742140087246793593956277747056743484301051988366041780602025682034830551784779274153450049107546166896679059172585317
-100.168298823529484354164931369542111517303388463931156130080240613333379597200413264229975921895489964557764858555758121
93.0874765230945404815104262589982778357815603477476256386702298849262806790650744145313880884261707632822161137911615412
69.8119460981144780936052259630905108633438318138463228230563290918976302110387684988702829320480221541318075657618094043
-6.37853526110365326802245983239518799588828778743283615581177797176196210320183886284797051995877723051936670074698516610
-24.2060856534417270436394136619111511719898730325826527408784341765615993949763577127807118647437888181074819403425542774
-5.91600888860075062273226447769005055590314567813911053100275725901348170751565569132825159886998068965571271518106388729
5.01200584648392720484464279303348320776709789028675240107123053382394454975316659395896345937960572975063999550647439400
3.06000729924329691045952916813543165370732080009988526059877038132287202808758140448860693173746025648113913220826384408
-0.402150587628965978729713803793187960205634279096208332976143940835869566445500229494652092414962119004662044903977107939
-0.838707585196058981765799784868270914861096060823929157045336790318526644302703617001238922253259471930364308920434518618
-0.125603368289991925208222272746982812704826453930257588303367129351766986095330960470145235785639346026842738423721820833
0.147603442931186865470361680171482493772332288743358404049969882632021224424373742032459947054635558888775647477251230315
0.0600198092274691337432784865634202371620881797762316736447406878396514011572276988627866943869138503459448981765375739534
-0.0144773299529100173157882360420849420222922827479599662738742775326530132232683411601142262002988033669760954699383517995
-0.0138519765842444579828766155208570406845048018775247417037510810822507561694225879610267728142443023703336901529872065382
-0.000407602961202565315092407952542765150224682197237066524086607725933911759800880406203231302271296607031481621924639753169
0.00212083446701685415823933661543117356058415941440514560712219975195634494596855699840461748223450788885803547639900893010
0.000459179738873083079332035452818486488864182491595615098723507641931647475492128583927477151918907115429798029156617262541
-0.000216291607050497022869617253387893935207332261655713362139920551291088786348638238658742468806390070889169991139530068207
-9.78582968540273487951020386862097350105511438787577700592466885885123250424957068798686363376266706610903269506547226224e-5
1.09170918522448710601342651164498248634230015786446210538289187926583185427261502901825111465814225333929520288194951202e-5
1.31432647300108086937263129546566407037648385816971924585283478547205019713812251555423549715764829875171875854882614334e-5
7.60768829628144899230720637593353097835883324251644912802072704816185353650563143435522862013731496908253666270938941771e-7
-1.24356643061154721339859196246706694320153069963521445347643395847978786375287649001737045275219733286952920867200081916e-6
-2.41890180442848447707639809640773339072908455394586901247983598642686024333544266994014045273913223547511009585889016351e-7
8.08485372170013104685654487728736088113078013271770567034219594195200116173029569314378607227323513554502125351610672084e-8
3.03475554027659721925750937118452455179210964526493801380150495590918822941374128547684211342989017036723158369261500726e-8
-2.80194987780453035943963038467106848626230416765211569590912477324933596739938982823556190694143297376273188545380539318e-9
-2.54110248679348647957266286911299157780255545069315231950416088215524330090495338334232834995701784547560276924046400321e-9
-7.86208529036491726115820186808171239020433665858598561527605177008092279402061883537768685259054230199136783687548877303e-11
1.53735920086082679977492873672009805602772540821386373766065623355802117310546929679079694632090122665995388672681329837e-10
1.94323274334503721179942412816041635844837782420080969995577915233037407590099071219739766361214034667285089908939411995e-11
-6.65468848046925247917898906555682561195891335788058256928262574435157942481193309905584035190054086734291873001916971998e-12
-1.56404128434222961192095893698800895729193620760255451225788439135460796567601504074986031323355059792506712392128192533e-12
1.83739665165719318908410262677442935966679125672162157016116269656637471324482540535189361511527227131227738656100299712e-13
8.20896587663246344749704087878728800841720333215808447380813989947115799253333251884278869238606626888368296645808292688e-14
-1.26787290323497671705233655320120904249216092210228527316388808431883392971144212562408066281267146589684808978154349957e-15
-3.09830484793983512097543658611820362986293443371760472831865776294968724369015395251610192649754796310825993517855362723e-15
-1.61982640364514898710683024918336344744535620215993759544204345711201088108808938545326041924984695685493085318164477946e-16
8.51443022963536061270843294003060138538857772399624111567835189917038087082668020638676663223939113245932339945632172139e-17
9.54509150518240240328831418645869867469016997347302107627537976432403009462208452484173338285791615134818273935846360350e-18
-1.64254809078906332215928417404412491514616328336877375618585807198760851308908642395198201549671368495602753833211924688e-18
-3.05998126075614327662833549908099181210055669228124967767543130967131453746675814889733119966040568934415036723849694464e-19
1.93494983638807686233455730449481024103407052371095371334065701102861476686579539024559386280630336193097639051694566929e-20
6.63157440913619232957702202356722577170686808010920642898168835655530095189968636891881885932233540354083567257054515376e-21
-4.22219802037802055393088033194774651237541655717332645996454451205618428652963613591654449781538049801021687992072236819e-23
-1.01209202141548741475954345669990366318365958316153493537780052672447879573023506273402323464393739206079955056215490570e-22
-3.18981473866599318110730445352746977122990328918946020244122912391102961975075380177496879578225160131577851271707603437e-24
1.07920229095471766558525311507483890235229311335003163948013531333239761930183516215221829926325018491581661331412559055e-24
6.71495749111685631890638692513473122583789211764703688960563128944445752907593807955414978529433166067541884500122328091e-26
-7.70245146158214695935729790809282930895543774414206567275232467026573215987026293232296370119981383582189206786454496097e-27
-7.26019586481510213000016712822974742807713256890850790637584741198442066358316080168848754799423260824803251546457453196e-28
3.31133923813602946726095195858349538064686936475954899680998729693246758730353882208057976569647243131154600076375149229e-29
4.79387389137617909859722339099163475037743682856120166291019934115563552682294732910884961566829728810941850509703379440e-30
-5.83775904016473544070365092426074238630205756111619385545432058114907335188008238530298286908714176315313165238757202943e-32
-1.94350225309722437074582951251979898081179381856620835278158477960575132075931908810242681580997460535865652047217084452e-32
-1.27604699722260362198903016037681731292026149134930911852504661936543620905142703297851576214986161661436305520551182321e-34
4.57468267923377302569987086132270665455823496816299185506346072371837139461240135261425033394511000319961970142214420548e-35
7.86129520873110062951488090520906320795129851319661955861413350047004022139194376378469895476791968246307348897969661006e-37
-5.56335094628059541062502470963615612096626487757677865429362142040380483025873757722568901472718224789292781367989909775e-38
-1.23021934337374096225874255905540699162569975962794135840519671160913204277097038755192759756333776842027718117879062169e-39
2.78535614289232530337845400484953870345671472903195555891605157496972370310525018401481412115684968945762206666560682960e-41
6.03882956444164969446900322996677136233753394784606825772384778934979994442051929144564251838938408797783002090820133230e-43
-3.34335443419116232135282950560321750060333863882992808844177563821668859957421749722084680340022751384470536660700583254e-45
-4.26829831602542569900395322288467944039216665595418811724709385678073909497821606955112266531090453921571996080805650647e-47