0.000564615128748182329260394842258117875228462842439107897591928442754664712254159512550115923638621704260744032451020496008
-0.00264896784328474833102084572077323051307235276559616770638800800743617485965411474306160874955358402630562074285053370193
-0.364794907975382030230756731521577696931514240491425525398750653530599802681886569623047806443582165243186852546069255680
0.595183149624192113228946772269103942741180395031906739787225662304301666967532940770246512354776081488299127627413589970
37.5375604537627640586822943107794158610027867268721387484730486663308514354349697716304326036639847912997712297689796624
-41.2930200125887202388915896396694630219731590571364513778927218879477916770698327846403587935009009433799620310161236913
-1474.19411790547316920581113171087318478207796153628373127040959317013984903108302542230664897899820462847591313980921841
1369.50148524578455772955362624431400232843516575372173764312712660014423179706648428254808829135044717200981338987825896
29534.3125568870228594431996019378049810124030210436729528900535058441081829089223604045642997707554279942886459949370884
-25945.0355886483345311638559974578739571175874068776361749397934370022726483361349206937033455270195771690674139033447454
-349704.232440179518589074336540454753548997204149080413848592228123252576417316402476167067215786047818223385348211069722
309241.123486185999235499872299432458870821248202407217523157828350007951285647836914743520738322060795911079328358964892
2673100.51239433228721035851689202359990885921608732479455921720311854793763528175830235105742766278077091387778600413889
-2468296.99914218075788836140846620861651895164770108387097538161594452694066176841415510274346203042460237415893916476191
-13974299.3046170127263437450017028858636497897590031960058073925619677189640348749877189077766994815799899038615546064345
13797475.0242829653801528416434412856346337891288441654464095137629256195857966959817900878407535342429264435249197719117
51959594.2525402485230345800101656361852894293458062402271144526160927296176766409567901989048577695598407919139082734618
-55878695.6356658240616312445237651998626408893714266257697664573163030542420820172657963092613930261556196578678366317487
-141069633.061563230032057813393691092112436238968213039252070117954047122526597208633393143763598335465451456371384330619
168352753.359701526479547376118159058685568203892645281679311873832012407694118400255741225777397747409375231213554341968
284020798.204115520126321760625279573222948209190410146127319337882680510253729880092976957882565438258039874458813638560
-385263592.082182349469797409795980160412447089042047103861664684304863496048939408772302745378828234151537037301784183899
-425574111.984004740164947351100676326549692183721896787852251518388002251340182291837852603067380980589945891611727724771
680683428.024793904687751069678267363508603762164071468263033299280039411736672052624692362812188760193923842447620067064
467347347.944348539238542663569118985267871311139994238286750429387916767370177075291169787898328012628842928195003886572
-940182253.668781031245457660994564805101584544049312045293232100458121096554622563558979061978285765168289146238876943096
-353346525.660213062591889236576413359400090773869970676103223436676076035980889017721393801087911033099801694480946946941
1024391443.14981828890149579129727842606532274694860118229546899173644437738960463860839706987412550352703886643224093511
138189034.747818281051477473693611624724645523831311108881012529909364583644969047314025738165058403553242758737214294765
-885208120.046043773088147018188759632468072240412269751304654504089386967942097077891139212049249855750182075332857188254
55310088.4660714316242977938800802588447708518583500680829581617174486534722206548323617357430529912228268908121405494269
607298590.767642724767828502617280853832164930103147223001309432016324865951737524839327347473082287340791775298752676716
-144101770.815486948376378608359544340805848055734466028405022686635722502143189426818877218442018290558726906862763389713
-329028599.447698378576136064947402197940936541875611533137784520074694522198977507910605678077805593183867905875801753918
135206940.911236449505899265821420551764786849303190256107886140785166891810273466051909785914459157814385307839284371208
138418898.252548987666968570854804687592170674898357405610316718265067957997831044676612576303489403156251528342610308919
-85226948.6240257256965744844135504722815723270658565950516006271266801327392599375655158151436354271193870557916482708547
-43235906.1449234103873133172879637332063165145995386514285113904939310566089161625242485269588156759037236127178812495753
40186289.8205635063498257507970466579772686499773030293643710909116212258098120790201129003302506724684950574145062720938
8669782.61570037531070596844187132318278370900531872773290622182471905526025993459361801973199016737016724662285628609451
-14680793.2541650653477697335202646837939962310082609514417817427402923254416817251022328765780384648470031943479440069660
-242134.923210437398177013019302667193997507831274614707892326905629011594453217686103097830886264013117690861510456224631
4192279.72902497879351686438809053118002783063563518361153364323806893422373710326667944524445010571813583978094103285956
-606248.682954715424992925942513565774298180691985768630828163072525781258707344922474366544639854160878901660637926823159
-926055.126292204232600326748862170964964707881470963111639732630071842786707339859045941135990410326836388463511533186324
281478.161785627235473863514159787626876461251324143417584737890189646159380547941179130259978465141754489044906380180797
151790.314630615818847638529414460557137293453907397453570768673856781327094735385452491680044399948800051401144243124564
-78167.4316885545491960653217786958741388554459770598014629014330863541033665400876620136242267965818569000294457390784404
-16018.7561358869619971191776449405317043913218621746297641640142816646738304939390015393405811047695496261362761215665347
15650.3016564643256474386821212045219639206031306136642432439046181580257108425775365042641513231964640996134227820985034
266.184853688732210671488896129250411202837052097298937921882444770727662698865797592893042516431436248001200654952961747
-2351.37485750808833395211743151424854095276728442545786898483229197510126658579125633768851524662900144642622659269928420
294.731322126158385122259919823625551173057267443337964295923276066858934918927283206702525463082155775232709264594786024
261.770497151721511239284325166086624348193893997977769712194914088738034392637521890103179396049560752705395783896787386
-71.2058315640646548332999945167128413237416237813347520679270730517410019540130117362360820378916706585640138891332848288
-19.8079733008698093455500469790898820843557279768854064929299731219680777465741164412584867596488531226925324047208242687
10.0916710291619834616305645343517654926468747465028300073997820531024161248864660740957735797146961110263937887121924758
0.627011231384635266156078126190483561600091146392168344492029788633104996653038543720378879266268620942133558973948002380
-1.00500939609477638264125076733972560889699818232922129184294513138436357483180390938139047366120152103880508821728147045
0.0729258281890816290113552290106329886406172347656398377308995258529266929458727182637814773139299601822623912680163234255
0.0714634270670785091646799613108792061201063972756758087743816485690077628024773526153185282209636988717215235157878957107
-0.0141630615857321853862648885855557811445729865784131690423235444801679604533694109947776638507631969446011338076867423239
-0.00331146707713901457768832120307644136799135924177933735656344185218051529577559394457057534467841326821081203071491743525
0.00131701428675479106699624375671775206712477102220742550985484347931715697954842374953975695838498497956152046116569646454
5.08989266509923636479451710786343456661483359969242741060337398218067033939859094504807349840885581059436701462958695774e-5
-8.12369246229031904634839391196427716445649212473827463660471433998515544280387164555205141806960192566102139788354054595e-5
6.30697184537921174259140656129035489823791201302881609616655315742194918565513000734027038277240451688648176759424082002e-6
3.38280027520779434624586080913991100076950309230057692700424610098912238228627634816117439738327233491998074915704690887e-6
-6.57628563113252842129441577421556585056222102104014535485700427465231345265354152927067919998318276186211028974127771712e-7
-7.91524304603467971772787212168695722545118332485847760468553571818939228752495382397156990120848756851214606360649207734e-8
3.50712033247216838634099894263443883130706356657640900287947082243906952850413488460239691826916709876966573088442884731e-8
-5.08113924569165759643816765314182647997678119461445118281317756628977010191517084749527865229384695560330170477534150392e-10
-1.20350662317528699979330073171169855871029705814185057190835957763872710869576291617586486186615006017944850323984484543e-9
1.33402719706512446159660460592884072149037600444983451109447921259389597861504638902958863577096014605716048374942334640e-10
2.48833543073454499531703741462969824817001124068719326367353819171217642540777892075499299854496774762976898958861658069e-11
-6.18795843800603951484477364775801491284815270608719032628344631894130347360300674268381625822322805930529719904684063992e-12
-1.14457477245704216060692067543165165284622593136660348571965908231546348234449270442197771059618298823471862272928684620e-13
1.66807052644895936754876311148597964991536918047023673274786621290789509424422814453855247246572482229784790708288644234e-13
-1.17538462675951536849574889552035343629426441654130778153042962726374514817455240427369530534450838155478471407690038694e-14
-2.67225162592387223983715989749539579245619675053867651388323899549916373483934166226832493379627099879183784594222806983e-15
4.61553589644537151701149678606344142268438537079507001028358715968210307159765500244543272713148357136834114166930883324e-16
1.36571934077995635063652538532538889105436507982434961814486679347307313709783242104337318318143867811228128252091613970e-17
-9.25164977635314366021485672607422624343797119403477880998518727533045044288177418904084491074907911316803590661034531777e-18
4.85464904192290479777803143688670817271877407663653588213364960942573226707506631321662084000009233789456299455997974684e-19
1.05095278127927104060557614156865875040345413332179085256390692974772492270931382668795778633335472768660083471976399508e-19
-1.45443319637547243359158131511355597796109112705057496694969581295299720733581043293128062850237334083196800636363098548e-20
-3.49749668288765089333887231431141812133986174933266003674990607318935439054399616712888656659511808267731730160369685151e-22
2.01213237000073031248263352382728425280253656966493261601375713261640612805323784463979411456401404775242523695578876323e-22
-9.56280340164963677350096177948363361716442294114263411122464779608547320309297015675176839986101904353202889488642287081e-24
-1.47096051384681376825372358431996339747377410410786557054190252624452726798706496014595037062804005745639699135960572171e-24
1.84982368489152554799877054925228706998005590487846601813935174322232365847287582777671548152119966679758989137878848344e-25
1.67074229774553206538199269660584025098017135422126698057497157484463185804799522574452118651752673322047827621293789506e-27
-1.60790845115641512101396266083444998324169105391514953830863648871923123193481964626842036417493597407027552564050906703e-27
8.01581585997117166435044666591505517325216989534507507172327225010671292174288560246612749542647011112176175357807188476e-29
6.59355869327283689197300062783229224804199138775934932178459074949460249454043864179008518196614126702957902237031913782e-30
-8.60940233773559782990577543334634097804535178746703263667908972139378668032696106411101883117180665260757466808431681390e-31
6.79270444762061485418416906554567383921419139014086797957756258654578074820925067331877531005544228005920559053750233260e-33
4.19234875901610214911820261262789666038668031794325552667533693006066217591422027930238539737341749168475974689192982223e-33
-2.35430297820244854574054417225624679111541614549101757340631611415583237749216750301477789633910385239262180659478124757e-34
-7.32040634683872361707349372700776634768828907473875306552821744030508386074249460204822997406756554666840176022097429824e-36
1.25839150583493274764377783156800749681646877047554924620023300508162473330599489792537911350086593167641874386243095541e-36
-2.78396073246944997747650009714730541111763810774307144153452691939301024173472218546577194178635992788958442209170924516e-38
-2.91292000429674435360048081250051143804434781504836176711030383998109373108096318698074789795156028381247935952682702503e-39
1.95242534666758452544115762119635438391998927443643870102279604823635263228994802829987599171728709087343195129562385759e-40
2.35221733188863836293695160359707482249909723345578745163946303622803083790037828465299811888095113516017913498350775336e-43
-4.60849639033060106309132071946839306683480275933737580566693903134381737762376728868970504476096547797030224426951291056e-43
1.51752102781470586643740309867091510795231568447204470202771192801397243397897994759531524720513828821088014313071543750e-44
3.50805599962044119777929758792723906986701334853679733757288401864291229774842446716403507794536428250959839389489066260e-46
-3.50190400840416131717518149787818973270524883685178451683324108543269396738086105973538650810422747225062526871150856060e-47
5.12821384210961253236379991094282483830573703203933171150289716881496809896870781331129277629155769482791694963702527808e-49
2.89125004680466798138290523010741168785060278502050629137082828307743205161293401585147661698238608722858882376966785813e-50
-1.26954343884987599394708654815814195348995723968196453081233079485491412475296362265232532106610167549929627722009818866e-51
3.73941460566159001001795884421380737536421186587575315456459699269531470223058683432603711691349501673874340990029801090e-54
8.90163011562091620056847583458811466194458482868640996508947518129953208312563799865205509719003102928606489544147615682e-55
-2.02521633578938488996683474167154995730705588369153959722332783274364364152072406826363991925357856356216644941031085169e-56
-1.02002330857521340517973726522320768529370219507554064518506962417655031211155934221894331871047429434671418601223761620e-58
1.04886971816182445631504398572516213694875131614997095491863184306904699911723889603612897371688871970895555337498141376e-59
-1.21314734438328925548181797654475141194339252280898311802182928892150991005928805556979994628383255254012155447869559535e-61
-1.24991782794936006518047208784573820688101983443490711118480157777658207024734446951927139242223560549910547077623471504e-63
3.96665587235127511293863553894834749166939398398249254268694119672198495083851802913999720521669006123085973753703604816e-65
-2.02198354620891813936992751928366196625121274280685909631439579700626769016511086484807920141286270157049719589123867299e-67
-2.57080384944967850929392814136630842835325704914369397149848662377871266759570352678147400433181262731966478686318128979e-69
3.10191135776520379777495354849901469625780149843055852361686850370273320088600268418870080471958853570297702745128867097e-71
-4.72171580432588695076838287047246121370435789051166618393205274833578420677832633703420163479174008631298999504942644511e-74
-4.69258899921608669716037777763050263866364645964979289147965393856160940729109322610805281754431459477094286047871623196e-76
1.07743755243810709507112157390093727601590671465187956147364845880129358820942771320241769351381968918721465439238579901e-78