0.0792323748858894059897089805487641055359530743691578453361857381952697018597600213168965647540206340810061918374402114577
0.0889635969874843683091133341916898583681451794325148245791381708159168799459421236670340940941692631064439949733347511775
0.0822254014806303453071088553059205954140110718146969950316587256553823987572145292847041951715845737535565444876692266723
0.0700243810256195161960708895697995497459359739662374417583823614236723279376349441962565187569375299058149818055318788378
0.0567190670883862872588954909862915812180053608773669693958278068441827258258769890905411588487121305251484351547227043096
0.0442507708677577167677746415081412769758170679884379481031059895437678098440620963060280035697113766898617071471249221791
0.0334301739167411589790723227775216719494899450890839589485614783354328557757957226272844842009992630455881355529485193276
0.0244910255175125507214153466496922570309108266179315500464159842343974329561086861145878630413778418882199638501300495728
0.0173718954947638635410454502059901600738658772902202187481702377620930110600178947082431458220634755977761715643830607819
0.0118712465213191638213622269137358146737800315386384747701772327949135481539714329036545003837699169231599817834552217134
0.00773491517728457755831163423584289210806290665156067055770226136102573594447164961145433902639623304892974907282778279920
0.00470465432083186757794454711860406516029292753666152338475264981505037571417403043230867064855507348250361572772319083215
0.00254341814978182422273899575134732532202299223836168089075408403936838146790798312273073509509143390222531749428019146348
0.00104667249275354642280807168998605191815463632794471707501254634755068357711375409576230841163119152757168992995912046762
4.54781093230521677844715454933945071396476234733742733533246146901170125679157728004341455953365132987377828615126772495e-5
-0.000595025276176817498325636166854941597885305236213407357804864028890287934009751069885322352062511225073907687453915177339
-0.000979448586218456281674240380615938623129687914316336316385583475898254520564745648833472671046848820122590784655162273487
-0.00118688643639226545177883380378845504175698924124347990246228316979455868176778637439833374888594716285194363208467378577
-0.00127572032175712510009786480226479549626289885013872522346697424763483971797416312880687023321210655578703636518041448122
-0.00128803660981575930115835919149742149714531450386996219428578335411819253168743174085463175004028276087239727715159991550
-0.00125344652270089891755806157547744423160440272867918644149345986966489906293338760555834021197580423353164810612245796433
-0.00119224516399811290728325613402470413586126637119632083052657843550981304329162317094043066409436992837346678259893377961
-0.00111793370950519385033458280650694318980247793481887865066349590661705868470290693265710356786029429932115180417388656206
-0.00103917424874035126210592909968145966940554417295757581305350110549055431993973187027982747644880333092480030361782132831
-0.000961265379774870659952539774922982214922813967513318707054163585910636127041450838059967970196828874686628621069908904894
-0.000887228980492114038414166345593441807728100271525318880416020670441040184963136163315605917006282326596780898806820703943
-0.000818591762516158272926328599932134039957221369036760601942059192466111313267086650329420899600912979714896933254377107508
-0.000755934003162280733799593876287848947528910042224248844675070872495553288766874560125099702046473750434289084871204273675
-0.000699265247843992070225594717130599143010491809534946638614901641379096691053332600404492203554742508700380706634526380040
-0.000648274555864856326088611223354268226198276685963191227535830261647426809496790104446235315864916811804835041077774759464
-0.000602491965290520947433382999331767142347666887709590023005604743673037575567954170227477315034222669574888147428307128730
-0.000561388669824656573835390955648486598742113259774763557338084384684148054716532577773371347822365666129751278401346782798
-0.000524435987699529303057382785684032361924153376566560461189522254703547399544509171513727699442689039053183400199473345851
-0.000491137425124259951163970303269570224676555456495333290475615999066837006790487567986488167088709397572313227274335434930
-0.000461043769320322618064331188927150799439239602602292964668993780865970391300690048998785857461683833587551612479665769500
-0.000433757934889161449569101381441472650255915021509476568030787155850314306536890821289689151678724135091619944418069685118
-0.000408933987321744652137590150052158573734101587782383790646311456437468669677700652396460488244368357354945529399119613387
-0.000386273162187727394870957160602030800468657682899862222830413948598556911416607786136277416965830185496332821636610445251
-0.000365518607189994303705866743873869164714237155146795859574243562331340914753703042224997319979405608654260677435847224587
-0.000346449852709250528453563825804196046102784213978542581506101194195529785844109664511701736230118467373130348033231424132
-0.000328877553938804926793066818679147432149876380171765602644510779626564310569752766104230643496518202918168352646806282732
-0.000312638761820955350928312588804998931024278405118395012564871449448110171788592343649173599743915217883765946026640489374
-0.000297592811222837350909280705322650899195179148790828461984492508359008097152108330666623474094952443247392850028734730275
-0.000283617821330525656788788115887149999989429010204157412897588780108778018244467972614773145405526747676714769047949312965
-0.000270607756544836272955667883813105555029230078103746562620372730789417433513491473020657801095543177099607561249969604410
-0.000258469977279575788853340359640247037411884313165248913993966419886854992302833653846218976665776932163563493080875722109
-0.000247123206793668472716123273337624980713624420093831284000083537412510114495019086029006985543301299341362183249725064743
-0.000236495844946734332063846104486659196218181045280740221098638591508103250212089781664983847130271027422001664969044364839
-0.000226524568028185144140531126031411317666693724115700308399959568515901189120659567213022985321313641871845583621837940226
-0.000217153163016124899543754121896224223323217111210007248903935082561136416058628120759647722673443421052222813889629648795
-0.000208331553440483084986021747642828181370321416346705531093482371932104880866553588323294130195806011085116703715478146338
-0.000200014981850137783322961889937395917530628358665206086162793907102635245754036307169737391528848644788010642371520886684
-0.000192163320523954806481267096289242958356464053216292277656586365128870142055080948849529227155847066198996300113816328583
-0.000184740487544643365691400005333980612813505465629872131542884948420132580565564422474831525435629914808152880648483354438
-0.000177713949795878954144966479888803225970823985270858687544132925056766476044723050475888200943613544059408612962666697162
-0.000171054298005150597279529424054290754421096583149110260796068593389666272263838395441164521831423509375793145738906554257
-0.000164734881794834760180975455867083330671778655262528877056685176708494024007774114600258403919619127943294203358003872835
-0.000158731494963435204378645400714773989498464868830846186172596737026672506185440857017174360894719895195306163422038718761
-0.000153022103017298063031835650380520140123089710770102378296575158727715675273597989764677706087143063885648225480055856814
-0.000147586606407940170472759348590298924520677318377377021830953072838824068121701953070385980737008572216318773195614523366
-0.000142406634079195399657074970308875813372903208453113495714257785322771242779989872700669547953944992403230419769670450978
-0.000137465362852849674034729701311895580489156837442716395899022098708534481219942089338857876156618974596476071352736358412
-0.000132747358929005471105019756826488914238594338470840931154180775401097599584621782146708418235623388775573826148687631987
-0.000128238438385161327625419288591959093590903428099837213527731666958795883947623285638280143597725445932460913511098146679
-0.000123925544054702672089350104226162801342261456951337113725613900927189805494326552397929597341464588340351089936495438812
-0.000119796636573580394043284960768153075226177863269286007232304864831435050734322618914943130884320784600620652655969925073
-0.000115840597720896639421756799687867006699692836969611285577059425179373517569829766571520035799215172006497324303935755806
-0.000112047144458646994450184252437657503672745817651250884415400110187739988705979233939690620089471531106497829374725889006
-0.000108406752308807653055145452536559294545738652292167834631376621084374495165152824412283377055911663325572521134572674004
-0.000104910586900889164815302568778314967303782446720207877986804612558929409934012769922659070474679521548534057344497571567
-0.000101550442686851528574040999040010110748543348648980315774471017342675565712072420312439025057984805122431400771254739489
-9.83186879583802387081249533968954986981289925742849773794087216537613827538297666103937687622093715791016019604456149799e-5
-9.52082154183876954395891119758413177467629289771964136273404665605291972046286836962904023341253971707292545305910983935e-5
-9.22123976578182500673023209880734221589995742747271385899309871615151934189554050068009351216251623848862110032381461052e-5
-8.93250469733208773502669846675525514509228425246338967876536151215854485497633365283051425408832381268769918427374176567e-5
-8.65403790335018192290795166542653136683190169160875272216389910446664146971993834536518419703065840338486580929099707265e-5
-8.38529799632441039293313291517021861310945660953614504158050412778175231619294715795981706173894055572077992370253009881e-5
-8.12577764686003495365348438278767892735013517143191818324908639057521997787007915463537128398658655363475637793048068094e-5
-7.87500086703686354124293736780866286188239545298109947874455146226627589313253647382263060169277155532566135791931061344e-5
-7.63252053537591720945993226366157018633590715206341639061468937146536945740371211899442091228968185560297536374690070471e-5
-7.39791613754756066715528907192842719293638826857320506305424770134131480802443855943352711226926085448509265327143192036e-5
-7.17079169988383848615696958920552315604601199817964349324985872870770533841630622765034383280140647408596539769488336877e-5
-6.95077389529100115542346560057639547587620918212863839094543240600534308056836011840792495503218495891947574034818561809e-5
-6.73751030334777772102274748909370251706101538595178792957163500271590604850000366273818979758884505785983162579586291663e-5
-6.53066780826529615894575165604581246126557395185384575098229784038953239595265404510943942904599272988374405752168346652e-5
-6.32993112001244029433555990512394527706062914772038554460435212428476253808635945943443920578809811413291109061513283690e-5
-6.13500140530600900589442281280080959031732452878628139590926045042347853353140981900751018304048650951005598608270365755e-5
-5.94559501635262432855425108362806810727250408288815842776058409429988063807114670601100393879628564449790188954347425477e-5
-5.76144230622797387007037877512975393670905419443706350951029852390952804078675876043060048203197818898921998467195043863e-5
-5.58228652060282404697644815488671443291589969232057714016006623705825195673951441442190871788159175002212297427431856284e-5
-5.40788275618371132778278617102126435717547929427426684421523718704953261939082492210813201284048164426030092624086974610e-5
-5.23799697673389982735085021485354392110713852754569235033882863402345744551543672212804345627860576976748926504614067791e-5
-5.07240507787653765742204605889746826171699667280996304181961488739274258120604579880391993857782175034715928568519967757e-5
-4.91089199205063770907609869524561211967806956799541582190508865297397020901230488885529867317767252193255398758580194275e-5
-4.75325082497845466228767979938704286316636165168045395074169072898344517127937425440804344474946579244335294843791056351e-5
-4.59928201478861883628622003015366510553241728649954689776494275677008418491395016602376154457451410241787606046079252265e-5
-4.44879250449106220455369662555660483329854138851791440428108510631861782925187357032311693105087353512135097253294443462e-5
-4.30159491777161660409470887861649868005718095990094822343904025233033423885364698934257438556519639810203662724201821465e-5
-4.15750672700209805522232350929180163591144874702396421945407263631993157391376596037615671456045525395040414991361089702e-5
-4.01634940085664811400212784912291090392241727737266037437712868882712929562946624995192239857711877785526893368380265489e-5
-3.87794751686345563322444075421705305810234532650016930223956190324776770457000411831609080878985990537868517227115437164e-5
-3.74212782143056422037994357880147573395383028698381115729129260575054901016479208191407745031851364933082830664115187656e-5
-3.60871821612395547295136997181256098187988828320885800905482790734781364263962768722964906524471797237165893550359677544e-5
-3.47754664390418912754128259531483054851010869794757847326914454250763906889549955725097280462702309375783456935420330704e-5
-3.34843984215663944719528452770800164184964725660318613030012716116473935129655877178101638322932362917837921467097025200e-5
-3.22122191997342146295407923159069869843953339396224498113769831540070408320480875776031602165237363238952192952983988780e-5
-3.09571270422537159600614727220085314360987447323886809351691881931293116713110241414413093108619205972064609333686286882e-5
-2.97172578095333455403607841683536553681897258026384482671666421198035756433548711315921887112070274702827423730177825521e-5
-2.84906613316292288247121004074262328864489427729972764060279094745673970745381272972126979193998338640777683533935842877e-5
-2.72752723959711316927672427947890832685222870515785701206985014406793332908758413708472151697852245798958438261219460261e-5
-2.60688744575602888610176857307159952925905741848622595164825895138670038663574313567773816570762552312356911401397109127e-5
-2.48690533907071418628509446006955028659817332762942057891776177335078091198234492427618221216476864804195282336583580775e-5
-2.36731373935491772915684982312325452045838275645663674144613425118580028524499306673047001868908540083157666690961871895e-5
-2.24781172722821804493506798283106619410008138809913996389319219069624160579379448792686273773986751495602898778118371206e-5
-2.12805383086928593673542394459739691862366115872706577859187172993630262667153183189120068784221244500657860558524921956e-5
-2.00763499057795117766746921207971037988242188328398128910824592643969873916395073781658856686090824815554226309953408186e-5
-1.88606905964315776657843675521753616223832735564387323549366154516640222985247621977064620551174222335399117399612706996e-5
-1.76275705514871084270923997863428126426067482647539312306830338661479957945377670111575202698318682354861682879316710733e-5
-1.63693845651580751566034339349457487316371273427970304370283742986682408477679605067027184286629874206518631120049942931e-5
-1.50761300213403941441910365645653035903782971951573781645538799387380134837543662602045162425260525771802245445711596697e-5
-1.37340780571445262886301042756847551738260668995519047560530428088911787992213851150764337633191347327698939197693371649e-5
-1.23233468281246570837983563612324622812525899621144816834708181316234165717363591122370089998682077086973874410415557125e-5
-1.08130254239884406894519589370291889552114362562520030726431909817666742067663931100956092989368018585896584712696305848e-5
-9.14997463631968575844559727648951648366595627544545104994791837885120161907230188070157836245186507397547701017518287987e-6
-7.22731337467536049114599127997583592896235597487281721765477577470835157496754884434626155383836609805172769393554597055e-6
-4.75772551188451976427930044663066927390639308554843186498411789462056863720517324740210565172281825060183709530293545257e-6