0.00680422409311803209137221815917889556676304615173315271172223583784462847322785762767314935480224391723583342155232709473
0.0105814669798717880325724474813492084303653917246916477342429659117128460949233770318629125316858699698806251759957935868
0.0138103403565669419009589867973521732606968545949428789925523400967556362185528054974554053212578680724778374873370688011
0.0170154075131682845528108072530085474373348860973689094124157685939894652080288962760397616014022937621175957756334715477
0.0205971082485529386967463176244229167284550122624126271773758084083146330805945995073698592160584248280834779557354094316
0.0250741640513140118443223930382253518091090063401783038174217684581777145710520020283140592185325278185660461278060710847
0.0311391439364397611303413587128150408658014830784422475343317621104831098019275928861806543223247209163685335041938825046
0.0395461052932677110672597936885321592275316437991060265103556750471237753286039348730001858373520160204450659813717585713
0.0508067202385715309621602416606199893873845046472303679748656731332401885983918156689462130889148319909351349953591784935
0.0647740097818184764448003159871934285602334567680253522858934378653270020001712457851692674805830943605297990903921291909
0.0803163380848992060594758506374735276384166277693703663813017438208998236004890275268186517845331440642296659010895477839
0.0953148662855960264987567134984083732375034376433213585992204619789991648027630287230872284284405435343945673227321685000
0.107094979611658122999553540526451201147517432521366110477605174163999056719454790626907989187950969637401275379332310306
0.113178885638180393349077270013291512439527764315843927085889570318825542268466466905615527847073621761355784631540726584
0.112060223012853017109121630570572857857156736599301464367005056063782448608211451162009057776411300494675063255214046420
0.103673327696660903494053520121550057778595164518146787073423171528230426889399318690938661304493955674882328095594368391
0.0893758134362207717754055308170544825947857656666417799376716829456417257973969608424851327562376494522183622384284513860
0.0714894140769623616436216705067742135666596447035618685784085619482717557339624431498799500703925743730656113334467684165
0.0526204828085693837158849885723898630180713865952913876618724795950274963323921683957314871152877585980899440756509881450
0.0350279299108731859553539147029471729349758571798148560136340997982731468053157619752541686331575518783639054279711923226
0.0202287899308034800742673106373210130965390651977101548318398866351711340033878575095625169588246175208271687083362592907
0.00889733059910996212541497057069785440663233865231149036718162737745689129117164709967148181484393630495003072450308262960
0.000997708611740077037113279996088295308033990948445214901128434111113786391022766454323192000157207328604240207974600104245
-0.00396520140436709523730004439073442681347192321224925391147225194124858985730239801603043916369120978428194568474455549289
-0.00668669046922548745297837119403013044665412468000019555186869694207284696181537083666413091980674905717163477889203002606
-0.00786401058969425552373626033445231672340390073452423541403426892642466465743440106481666368204057662522100409962898733591
-0.00808190879916944272531376121503074774785453137226162099874719472528186536199268946877210982198923983989526589579015819092
-0.00777157973093075154479963223244328257303657735966495024650652044864043449237552305585997473071995039450774289644068868937
-0.00721803125256470059156636063811508320012931759106332281973564661351618803676811762767513059268582874293433726256499444642
-0.00659059768290570391017792057247424210876934799217205162373034761268196899757109615108730672905832179759824479564987281686
-0.00597836360708948386602940159017476765184081872517173267779018796261953857553664304727603476953382912456948853521226026143
-0.00542062858487294330907268006307376885444389983200663524901543071840815537396477282454218466695272316265753387260055660195
-0.00492903019127488547082035338614235235086567384205314584632090361029381182910441297578008864934323406824556334512640280771
-0.00450170674441751084934811655473203413547893238590783571475607511342170863126142105588535335328104906476904704286815370425
-0.00413140681549899944570417977976172385550283863831484374652725353545530819341648139177287646454307956703823405471110230824
-0.00380962428739073582966680169745816801815787104557412670961774330339241229938009931306998350544320288919371020777812756886
-0.00352841527909386151080278872358350928224007453983992883817435094606692163813159225415231667154302783980857284958852531231
-0.00328100709800887256882490663099220822351722185972794664151542502421093197242905651237052144602255422390825648887842992406
-0.00306185389279820788635006528858051858598412980341168539844828878216298815198831568016049347237942392703338703940799690674
-0.00286648354603928974832442248770069487812987731550805792418723408028799803538293786595752697797066784411191211332389578587
-0.00269129654486960278690621745799839677986461809793490254210718574420124212835952185320591474236446256216437710387465234746
-0.00253338064235860466341195599958030738448834953274905894701379780238435035370402805085105453628659685522827797322859545533
-0.00239035965176906298427437125436644665907566532130843925363221481861001397550185467582115637566790058305670908800770069898
-0.00226027626818599643438199090452346419327810593680400670179406237161599532553584506801461018135127105096171695592749237128
-0.00214150300502593561679401060999352221893360731960862044020691262156606198037559584541639785965867872639773694017265743026
-0.00203267468378615215112821981916676150113248623009609767803242236205892766022632941398109897460149483250052336300633710888
-0.00193263695566069758943052414520942300702545796139089620653085762680988154588995619597840376147131771073620821734199624809
-0.00184040665455063558595820496345392687185959543775365997784502098179819835948537252945218112138538306980515444240393791521
-0.00175514091487704579743210973224301890961389754547056843257628540565757186073866784064872266989340138155755761052776359170
-0.00167611284453151050557868892943375334605627766632658378699871543037134450243786100451102323845098336202288276851189959101
-0.00160269215833952762929770986330536681614669164222174222483876044121243871753276659483608124916856759011422263553921519641
-0.00153432961101495296831821955216517304555677143143202567147569900039662292797745444455554337911303126025763133211583920841
-0.00147054437408728278426578226677874085413502011392651598866854536157512821586861735364878656914334008448388098712620494187
-0.00141091371830378316687375894346710126191651160857269900030861089044550177662019170714382572835925637491661384474196883253
-0.00135506451905237878849244304639314771196371608235671168024544826056736256643944517640509373191294455831858229370037560019
-0.00130266621605192011402347699705373975785363617550864787848647726198073058361697915189258202058100051022771356729211918870
-0.00125342494249132703980213954499261257387109420725771833035236865145832282402898202951290255396315693473275246199010670909
-0.00120707860152046877194755002407708904551392450657787149811742019711285211847665535735816204349275283869436076363753591171
-0.00116339271539134385451451054470464642126929600915688286596525312282765249709652731304444281416286155425158650623200711486
-0.00112215690872930808854811091743744680561235547300233801950271062676491683203047724402162974511598347802737659434654725064
-0.00108318191529207622918331197200420293365211846651431363398518699148513048110169765930002250439322785742354117465770921961
-0.00104629701923824508364922453490005628053018158134599936065409607182402509876412239606282650162454872711927972176036031321
-0.00101134785889492352562012498618707693175380177288407301592614917050124346789747351549104362568421657902422605906766927007
-0.000978194534400721634898203840048237176315893164960214769300376624660101162817039429868933911606369408627844411669020464917
-0.000946709971233395145722385270634774568154346795848998882485302987356568218157454991211212176061300369047088649247435150679
-0.000916778500130851636107963925863280327629368184100302938734215841152582320974526066964544950288433489142475827809302885945
-0.000888294620748530735684350036376013561309247900895253426983957477040093585899047043184279651069193916448247116240428249651
-0.000861161921922298774282864773029501188701481496596310447930153881453518807338049228864009986400053896331585343359854486707
-0.000835292135897899512812749603588843251161617326781612244086936983641805142766087412007431833644960931231057370220607825595
-0.000810604307557419064811479633640544402579408059816209023019469756153469753905039275961110624156054369469515183133014352100
-0.000787024062684894084334497664596760795237402497871697324379888888982663369285174309886289449131611942769399931048817143448
-0.000764482961796083647874619727540852746919566668395665581544807323157609448769911771439290525646102842162799646502754313788
-0.000742917928113089416111893259873578609196948183496715041428010528517372099515649790090596255857087148566594332950419227527
-0.000722270739973355099939989991628799136121242271933141760787777602544874176802977505291938658537354073780582418792207699967
-0.000702487579388608169878141648648160865251304351981758330238896629146543804072564236151474545532614150636535674524242812910
-0.000683518629663722986049307439244096445983682710199129724115299417566051135772055712400258865471098104697954949932172230118
-0.000665317715989435926587664694246822479274847130234747025183167508236851866669337513596520293106333216004362650615137969109
-0.000647841983769554372217148531666728645919043185801026480627939795367275657499109358795278661037649336080062821995535640589
-0.000631051610159713911309142465818613467294521553150643491234726228388705688184677901599996077698825899422905380244865632392
-0.000614909544902788529385146058397814136610465461114866808439719381539064851616941497517697009078107138556484509207594460141
-0.000599381277063679259562650278729478298680173458792012345894024573803255842168148524705417593107417599429002500699958478632
-0.000584434624708112549604330089409173860493096992798558899483398917975621942660963388122263031524899379195525999961892460202
-0.000570039544948388882251958176584981863330850684945769088271122336970260609001468836079135644310936381178071392915143019276
-0.000556167962103750117695242405807884679686712657022829551050192375303412851278685658134780086039824516594868213359633586255
-0.000542793612002485376789055765921921664418311240887871262599002024199095735951385144301804234608354720238591691152944495008
-0.000529891900693978838954252573558646771162371207855656949006404623349884659030468559437333818643576649215732231731119721202
-0.000517439776047383988011418158681944828208972758301725344208828415879357401741238484994991508684901822081070784265994921932
-0.000505415610894313314088114676220768654766346665190534205273870394069077446768104640930042817919637856081331112476297974732
-0.000493799096529911177118798744965275219819332015333380729776724911782021354153144591457838133869636839280393097580190493048
-0.000482571145523340492355216471625620109903594541529528558407823988980008050090048112601610223956924759639600970011081250816
-0.000471713802907939438403983069954370559662294483548300463090019530132293078136351208536377999763856429700692309240334833668
-0.000461210164925528403971467316380979648557919645810199607128844313720652618724663806342824881462487700016701681704209050823
-0.000451044304590636567405004545090372908455405368505800798481596259095667739978463817279188078203051158488661775711246814450
-0.000441201203420529589151050226142673209491601543466758227326918129334698994201133742723647900463595218073904391289521756583
-0.000431666688747353433504884391950582164883474796280680896607408239537816306662389023091383728386729375319859840483106664701
-0.000422427376090744828738770001166854398989409387228945724082909059653607000570182225891505229160188903729368511091758861279
-0.000413470616123992964442695776348989436032206680614310476499683643979646030579974761795139451465441682225963999553441861002
-0.000404784445815210925231000408328318852535034331877602142313092782685651414022895708258911022299453244495505020923380066317
-0.000396357543367798587808659741626162536502757212922233547880960853487706317838092706206407119376451700708073735447180828413
-0.000388179186622448936199626152293313756752984125053287824249536071763962015602774499262800035013342043101757083830033618066
-0.000380239214616669454213886840366061027226062572642888269437478797360408037644044353048086440487464749937111878792976094880
-0.000372527992027780710948479478587123404700712495450690452037487298001548241880554630542712193852143692593187474519210587306
-0.000365036376252067332240879440699899239689989844614746708195580811137399635877878718686155768828045796216878517952011079591
-0.000357755686896584667268899115622455391008835000886043281635134033888507940536925483771421765719421465026435600869574707728
-0.000350677677481409013209252183318280500692458037224350608262222792959657325546469127845179612145813924400211806717396916276
-0.000343794509169157778910642350467094530344561588503604818119688574255866993732141307421099382172171154766032869919500298476
-0.000337098726355658182663072574313413468146411882466431944640980559411274914393329322740323746861146233339925458948808924072
-0.000330583233970936100948874673292517814630263019264478094567744793898610522714199665857346952034954764811287787412925396151
-0.000324241276353429422039411317114621767941533461618387708156561679447640558690290630780209609703368378534470702275232258049
-0.000318066417572677189561975735495437991150237017170871444234812875350244642809958838657524266206165635343399519030274427562
-0.000312052523086850231698606153003614104858008058062016832339903187801842156458621953675893026243429599142669207471315310854
-0.000306193742631505727932458532274241399341192820277330519717152358916618382713836350843417401233386573735453373502551105409
-0.000300484494244986101271269718758731361313588001740168843301775938313516257226995796601740217062089324821351259990293696371
-0.000294919449344046596263238542871702923588184696291754396385613645206300779324718195280761585537978771811115521157168697160
-0.000289493518770678563814293708831042009325182772120207120143805643553932600974863596597396625601603325467378045756908226724
-0.000284201839737778801920900010890684108703413599256182829433833677790429262052593319395010652466473678278521614365155861013
-0.000279039763607371929041811848445068506287211689337661185438636389351196405424356725662705926546346709928200695065034041553
-0.000274002844440587128354983772004704654727263495747932227773806485103218071014502811186432690269376024920508759744264720446
-0.000269086828263579931183822677328073483196526815907361465168144505283207271692862027430578447196972066775195841277379768808
-0.000264287642998124908917842506175471419860460638654462139424692311563492541867929687793384473941259061998837043873115859611
-0.000259601389009731540785231711058972855463398989437250837031300971787658955445876847505416493942765488381769662868599780725
-0.000255024330229893528315969762085907960346982255972633404669474539005093874285439203824893869342477119581534297916886534328
-0.000250552885812507502687061386263950604028392114364371781915385387941665967166796465404779364666830483561471887001712628577
-0.000246183622287622646054198329503052742946793585016440321674946478337566771494372154648866027159105959635338821344887249212
-0.000241913246178537052155897143685810230951416653829665282069538602126151976722004950361046088094018511763359273235839576507
-0.000237738597050865503156845588158302827451879808640890307408683461768011848202375879016051755923358743481598805680030944372
-0.000233656640964589884991247139807492643882723309530380745758560458864514450241686692749772665399096186675782421961063921786
-0.000229664464302288474730221663104071274506376882919981542844215226085092093788336654604684903524648412025578821519832479245
-0.000225759267948742471960422489173492134500641854420346675351832321097098036866796301813942713857445953792018794814790091155
-0.000221938361798954193399944033888641959135755667576982927579261186154395677013676256201935686411840998118386298507417187046
-0.000218199159573296412164137340672768143715303660381431125523320547426954023831340347992309521140933820482634654139076188726
-0.000214539173920060011439356279984653915944672042316341808597048013867634965695595928721143887613884318920667377588090919419
-0.000210956011787089712673061072327168189315125056131701369547687524871360734725101228545416929511827284459408687711218590599
-0.000207447370045506212540942436655682056010236505076269332316920731151980773139197823168794336303714563581091588112171452974
-0.000204011031349717633921845738536634775564701229213977686425616286745721339396209304311314568329119467868513146701692765193
-0.000200644860219032819298659437720400624743664520255702837892217212394506669959690831836592288840035647580431068627406236650
-0.000197346799327211866943521171784085933678232350903582566592946726859893538900173933273523599569230401330370671516819678456
-0.000194114865987232856429022016086256266079983765189406430562819159615231456337088461565321769261440346350234953365899241735
-0.000190947148819424663053577118579153959897456479923512863677489724257140970745564909920605140645947431838716708647110485226
-0.000187841804591920230088171740587551955368712889239598657504083063296440812128705954419647609594662631861338677778200994754
-0.000184797055223128201674693383053105830695167576615652669452735289586738199839690758258120220002403858106214611309204942746
-0.000181811184936608460458282853531425934905410772016407113561503714318436856722026619512010289018732509199587019747971689774
-0.000178882537559373449307903371625426348245610913036559223580170935862407012327526954018318798169693897216091124203772959312
-0.000176009513955226360764450094989151886210076702106971495494787197824496477452269006587848601388841394833484135375847721282
-0.000173190569585293154144476925658804649374621189339170701533858055573281416929108831017764479550138047760311373513643412108
-0.000170424212188411375071314878236932518215304530227433105670838098836488128840348729726280493031847507162736212261020082041
-0.000167708999574508067608169961133379068375774053428761303068526040123410851365347309365966594554011851927551203898384578720
-0.000165043537524534571207728138517909223682045869248590340652789545510780554459904857496827957183692817712076434649009270029
-0.000162426477790930319226655462583231387591349011216756148816776998493280311557463054105125632038080094062112715276221001154
-0.000159856516192963311519191796973321969450150484731853398386128190716711689006660187092612093242990647887661435525501209257
-0.000157332390801643923018263128056046918351694966588265664937264082952640076774560581645564619016853526911177571069310675506
-0.000154852880209233147987400109182267751508140800899198569461484186355882446883673395488491658005053568870984261593973238387
-0.000152416801878668109724917488334568703123952702260474001741209223518168814324863033745733125575476476312237145113820438955
-0.000150023010568508376220964660654465952329577815405526554085570456246503477692599175398802751284647425990674493944422762111
-0.000147670396829267859925952064286842235461673495062236487325947946606368982440806710599170284261754816200106007093538194695
-0.000145357885567240261040087721354458335634286588559689261006838312376828452675680612195347514476086516065267173414727568859
-0.000143084434672152436672355011431977783476307982946807859698861966346133806776751633086975687027237045656118772918852588396
-0.000140849033705190932383921957478549681873268984759345965218066185568470900279103507687162602134236793690016283796920728538
-0.000138650702644143288030155932207703554843429268174783339186177732113721711616869517037113625834150321098663628920956872593
-0.000136488490682578625035432570749731156186051754367481562143351982940142048508180325247935876095056976901555636746746239772
-0.000134361475080162351753186903902006400193747715498432951733255599799835761996338019567493108149604194123134580757426289173
-0.000132268760061358424309524112266594539664920513378899985621773982154585752626408626803686046541991153571174773855466171294
-0.000130209475759920237567456071487545471518758177330135766295025078637362733124638718730159433766980183420101686598308995807
-0.000128182777206708593442108838252473434063734752419835115762007095318001183366877392925280906158882458910559344980170359975
-0.000126187843358502938888077895114175909721593193124916449871664011186172625711184285546191718689079548777617564771277616993
-0.000124223876165590763043472127528675850845185086349627033481277993434696202642612854130569904106334785925341559442481263539
-0.000122290099676030217908810838066411100115261903940968363590198839663288591970255693732798853484197523910616804420948201905
-0.000120385759174583154482736866511289155735663487997637077744515448198711603097495639587257442861621032973917562648332613420
-0.000118510120354410273383183628457816993396635904526580766245681049459960895308795545107863387948655773947861850571498188772
-0.000116662468519707356856065050493508650833157461749510813877581192227721144512475725133483960569540911839267303859321061835
-0.000114842107817541915085787771969374173521607088204281171053680105862933875292406049814629153763561534826225647352728766618
-0.000113048360497223338873479414493274797129848222709001652610856757377911567969898055769962683449856400906571287976135521341
-0.000111280566195607056711139544963972878003711240740293875667844539137947188249382224738933150309036021293363345618381268977
-0.000109538081246794460011131529909048814677502775740231814191274504620268229296486554693112212845146186055444590763454054236
-0.000107820278014745658169970505497143543543952768622430076618732398526900590980958885282187446962847008653440745414597376509
-0.000106126544247371586843302606574122116919021821043402929796287717152899545670580545975182868434089603430217216573097317901
-0.000104456282450715708258020681841471222890983434582901983243913043420735067815802216404981575094807490155368832074104958550
-0.000102808909281873558614831500300144528491956409977348106322561371777837739443113548758303441278575604521162129029721606571
-0.000101183854959330716799218721195098958568022593216075122290984945692029806333390993217597315618372841212978526155304163995
-9.95805626894263454255213805113667378745874317060349191928460954263344131941369890722737370845202713860834049315007848683e-5
-9.79984881076701936051662525031019022989890491591939128262744203810267635783202535277439419053816004587479861704239707654e-5
-9.64370987336556997008288712684324133446394980420836538172466731053620352089098147143233545866630147071050179910237816904e-5
-9.48958734383203805121966367834188300889184794673877176298415171949866016061724466018634459229485710308005999606781643026e-5
-9.33743019223067632118625040586896245156735588117095214685625522200093136805041336110565083870350254455399076954240711116e-5
-9.18718842041723562364982920168167263312715156842430464049124925442644799137090252488389935780159472424130127284890244285e-5
-9.03881301171851303449726711781698937029433494172583279874363033630229503155355164858876152852080360490903584517494637423e-5
-8.89225588134211620739291778676714275246816912853832102222844700400557223195443370595532517101248598678480314233481010313e-5
-8.74746982738528423711527097273302483982875297292307241999936627004627755516291007894959819326453426004801603238190361559e-5
-8.60440848230786136759002445401146706008224780973550265447404021350007070815512745760027328791267874264588012098941054840e-5
-8.46302626472976676251322291144203629849807536019709640633822984497700309324438087165029342852454832325903791508680655709e-5
-8.32327833140743469420997525215136483644049798942352319545447375747633999310245184188234784494120849079336019975023268312e-5
-8.18512052923658915655855700786005109869784763397105005900308000710626351396876673770955449033973583063812577409509261172e-5
-8.04850934712021696430080336641550326795620115142769610387031813909662974772746640014345051511198372682108395866146528361e-5
-7.91340186753053950182106092405672166152353815088528519713507931149271395255896449792846277052039225555728770623940681521e-5
-7.77975571758195013491637732761933425069723579669326487548172725497680633832044858673594346570895392945117083899283586708e-5
-7.64752901941804002781683153510840134559199868267734688529162404489947288237098278569209225553174434482783837464987037236e-5
-7.51668033969969443683905447252774521152822748044365262901260656204702467128553789783109098439901458927626197587614839598e-5
-7.38716863796246750976223159716869134430258087425975290558752820744509398200825350166840651719789795275014093645321897745e-5
-7.25895321358963745445858429384291741405810030038245316442832331346964606597275205237982733112830576933099977639106670614e-5
-7.13199365112203280548050742486066224424723592649335200592110486900213329491556127592656838888605537012687707943751264313e-5
-7.00624976359634238876056263746975962723274354209464289114939084390637832670853295286679614189605188690558848911024330132e-5
-6.88168153356950671738139796504754492936997871936489524623245426389637489640946887677354700991132905537196017947478660571e-5
-6.75824905144713660439999528954509906522987810419801923229920637239487168643814751332754874996171555603144782285817518138e-5
-6.63591245068775648486968451377063036847425508942827365409290809869015010447432192468824403043930983552676250297541133560e-5
-6.51463183940087188155887438734161326195106772080347594735614137117531658303734505551148901836703937442781141169255344880e-5
-6.39436722779402108332179548154638810537806946161695266888898028755103407109607079520186546945378285360331981649331059814e-5
-6.27507845085040561680685851774765616066109531898903629872909715235058795086807161040218447973470931982720119256517674867e-5
-6.15672508553235493879328588418933812141040761722432051920825770525535149372120920378446159010051867888106214504265453610e-5
-6.03926636170426979122300268267261348143767264432740978229837620414250175661413261204561376537028425142278864593533759359e-5
-5.92266106584874527501464929421188541728921716997683252812814197997174440554333373004329393535387452393548312948981487866e-5
-5.80686743650753306526869734506252336356364688675136197603362471496143482480378920002738011037968867628460529593934653713e-5
-5.69184305021020758287587126648509450573530204195344913181775104323806376724499647996879849948374522971024746713673092088e-5
-5.57754469645207249194069118842830572341742071066419923333066802854914584933810369967841339276627470272567204278711106723e-5
-5.46392824004176622024284722487012823340505740538615361652175199822603629800519840192051330220940391210674998493763404393e-5
-5.35094846884914508786998973192955834288684438162091641687116280460466251508014245361199147103987997163644702590545558600e-5
-5.23855892463391822451657399444926390791516549725140231512832038153199817132468329300820164647109014587402062236158366205e-5
-5.12671171421068590557439818705011144629523746287037618267387524002695785133017121982678040246849887154838534559956694721e-5
-5.01535729768798778167380232295281947493741756276211402542118322594831530749295196601778578599702948175469488803284245653e-5
-4.90444424988392277309316956121191508368538561568922945361200515775512453111469926433110937082232978803989486627384528335e-5
-4.79391899023809889373808089584943742062622103392759672987295294779766257892987939231992359859025480295471054248837268621e-5
-4.68372547556903136478252903901760923928132404453727251054384333621087999564882000596925136270615963757758411911821371836e-5
-4.57380484881501559845228951887553397585445996824441453580622002022052541057203331149826695589160344693239934482272522628e-5
-4.46409503537532620659618163477692811658836311446182226355841665078689692357859376293297372220170943745536375041169865495e-5
-4.35453027674439522879720967341429454382770394914990152969592160300282637558104542933055366749237370088345809303250644501e-5
-4.24504058867922716557321196730468683007704336953256317412649323109840240325174412039480908146753273540700131543385117561e-5
-4.13555112798948889653368377364546800854150841497394895114340605780982010001958930019622443951752992515198191542755597298e-5
-4.02598144795658175752825777643208536578097653131168727220372645273113129665657180758404617390796142990070403937498992522e-5
-3.91624461704764369587470753232541466011426089266310027705719159684515216522778357607335132377715124426710847659594981944e-5
-3.80624616853609768910011772395583056192752582702844102478619145488257721859571654649474746290346049516945772726242263327e-5
-3.69588283922178688257285237777713597218666040051903738293758739220976140034308602651474655250115338822032562209077711602e-5
-3.58504104272233233178531881162350118973660086182222455667569688316582516866820427233072067149128404208221897534469383367e-5
-3.47359500540813283635500711899551175691913783504633381573001734835839015911573482725718613518159734345620254855969515818e-5
-3.36140446892939725944978312860326501846544443512818804131539840594276097099741402174817608132840085905982138093051889700e-5
-3.24831182933332364224395410923203275741795032729245298592908706644665797909329080115609832214629697897833028867452295408e-5
-3.13413853420288397407654779015374014774959020118536226693598065216592623560296615380686244208935323626239140828104607115e-5
-3.01868048850954893505248785536530977684265277497772179381443643866679260595194555420784036855943927441505593719407230896e-5
-2.90170211476050341848248836361614175915256644111762795975312019521711952799519049918429827639236154976154576596572589825e-5
-2.78292855332154257857602059810246830270103359089767907335816918213987260131828695052552771675339767733015991780818626230e-5
-2.66203524003291803705663255942978953293677337183131287472337008538898426315365698946428715645642494252508501039719461805e-5
-2.53863369966254695056552603535562184738616631740511796360651339968505389289031804603226565876411933705925099885208183441e-5
-2.41225173431580394385069880442047950809292102916809523898781300323760569607003000781001302169964337828054766070881773683e-5
-2.28230505390516362417091189534441470985946831368499594160739954077317282469730187082398822124244303014779976210686772141e-5
-2.14805536724352751785950640623053197542139879318817419574066738572143996689777733092848109414760309776099110829795719815e-5
-2.00854612855369356703364644689202412116879646417960895296305386769545288616001200388513214510819791831134994326773368989e-5
-1.86249947590785382002558440947103706255819508364731742063404083699579760092644652862323134076521291474392000398068500864e-5
-1.70814138013051780625780991318282619044598008465192246662303544740988116951708976802365842469246269665959487114440367858e-5
-1.54288292505258040393002141936978602315905093425349210728300302741762767276905346620385574494828844713725192354947504546e-5
-1.36268123189291811269111802917705446557704157643198680745320304176089429906087298534688993275729927128254246580950532027e-5
-1.16057493437797283293639520139515205350710246440463966783528411611665113209461222256892420115629164038259762865765486028e-5
-9.22572812442874387067185447514385165008404723011972623574192653378197741936660041086518970484986646141623343921474244031e-6
-6.11165103263410489604341186930049067120100864462729326388330668600650924976561243320995052960320934550438305192603284440e-6