0.00640635063465070498452268878373766525172281524477361069061242191659219045576979019755610833562267237111623568232509259959
0.0210109797711757553965356972529195984956286577968271020236138260259423931867239690806428267878321469709319354963511814181
0.0422802195391933353580067746949904450577194910532298403820871071881885131374293983896516911052804636711914953546256940550
0.0680914712331460980368903294974193325923663322902758025388172578153719254360056438847128341174824539276655141577631929146
0.0957040145063249109810024350884374454548338143731469870959848540426863058656526415171356909939205348040083367666037381113
0.122279386997969805469108756194727464050050373463416149357081455213547466143794818685651825532426401987629404814879647558
0.144299743943263940639282878164418837867064356693045923938766006335857689505511434317946886034287189415117394787626694616
0.159666192435119490554260487855069223977050908679939197255651898151372632257455745624846539097420370118310054938297587744
0.164551278471540594768209326963207897524074909309286607076873606905813585623480769881545144329331005545036581029696406711
0.159653028097529351344831879605520824123958349806436214112264770946865195553965170020126420861831114395188249698820394630
0.141096197430275588288969910421140933417611545634141839568880614828135789270052672959690607789914295703259478741432594266
0.114346484359118177706165332921172838337702457314488537931834741358227112189116789716226240287861479580875589303497275493
0.0756346099715661953143542480914561632387248212534860574250690632977694879389658853943563554158958682561171993657888408984
0.0355832322254858231289950861721922834757704236749299703177439746309562901263795017827339040158801791314303275240209614934
-0.00907389823762815259096337314153562105574397644395161322609098539909994681321712404204299097977154799086203700649176011315
-0.0455644636617862282387032236289911469494425428259940442004396028856280861724726518455783711827101659592289331283673378804
-0.0756764204774147997467332441536751775252852477904911452794644200805739846922282209404081795520393650322785307323866072130
-0.0912806321750770117636926594945307903654912317994898691506933651825738382350696063568913944087249724938121150186380644045
-0.0913503422240825708000654152952768025326566196509624731070010733361848239164794649474246980230907069537374680107566345432
-0.0796534074570162878776932738746056774820015659750799684843023615732003080151852463572931909285460313274603858118495619533
-0.0517812437897527876238135512229942175469145743639105364042907178498579770858656720668865323659693230287110417063399874241
-0.0241669165478219185748284405089593396693803554010452227704859125625191319182722693829975459844079274195172973976287870840
0.00933933005278926960586209001285906122623224557862725347180747260845637957882957640724284202566932071874317043456670080791
0.0302338274278097986594705363097254361287366479375869615339294185875198125856016180705329716285687917566523012494739104757
0.0426072684415390843663566076793874274663395474018167910450027346110518336723856903727988121622459292223927958272551916509
0.0418693401848404667250385209041272650610015490975077033194008271865437049256494557071924752907494031062242939571772743641
0.0269682337521156076025285731680677249226596012143860570186850707411717833094925754266141620887437060623492752530662217866
0.0117893037592570522690718222938140565654638634895119784530651824642227157395735763072701157722447489875399399391425275270
-0.00848799020401147538727754860967654693485498296102722100929300356886455500019631149562138565667528854522104938658660712167
-0.0177955276157931042086603272681206579678899125403964727521603726093717057803743874434138828973021788457080952558293773517
-0.0193291486148944074165833894157568211790161852280369590065761790601376406198796830041165803187283344104308919174895590708
-0.0145158752160447690490563075413664849016594880128439998547843272480926479009373156110897186282924181107127834943321654277
-0.00170348187009079106904132934351744828877296434413210132067049933559540046396393843708761008936662995882995063698625640773
0.00529904102298841590282873223720204278107556816458422608370413465760598442464951426461077142928141033954286223025234633101
0.00960725281029563976882849718501786130609183876217514516128960951942005837793709855593990330211430555541821470735280634278
0.00820400044812950218035709130191586255439703633135989185343482768255901954690078782193564951731434291088039686739960678568
0.000900200853961349250184676599098895358251562801350169651971454699659320430217843141354283301103210031207704053961444885691
-0.00268781233967804797575854161985809508587126549542007426553690010312849700780577038425422260971752835283032131317628830533
-0.00456346335057396550058697028463179796149589763821648086505574677733984530035203520777949949489778463221854411268924446456
-0.00338095413831370117972474549842670335306931727676972288396072589731803788487436428215975205954530298444206471948508713966
0.00107952244267212769275536318555570343442326599405753958716741624667907573450346714768104924657094821423962670111295498061
0.00229717770192823141871920484230134965815884083172883102310930081972746218325142873019634354739097074487081626193253805189
0.00134132563979113158721707633774798522767592730991384018336157269966014737565494282802299027759815209063788667632351949598
0.000321696859178407127201818231058975085896172497871408281248079087671717020863481852621617499587787153951355269914924926766
-0.00130322399991628201981672155290262032268258183345498404112075453275094546648659896507731943242351030993857535279325991084
-0.00113526725637727851103534760267968511601306853760751644014346249821022099151180430530644212751062726876149713800388311105
0.000607318116045160732078626307330258826441289276921204902869461999453897290073532140123251153096337622497604377306023349574
0.000788378523641686660743975594278027153905868813773970191392051610474619068067093845433339012204699775490167588285865051577
-0.000183274381853443098524373065294992815961993838007972602628522521678622715579086160771866249688747515109713566222611839151
-0.000343641318204126340711011091859002940616473644017937706715567345718808990599452919053296792744258210987028334864151856870
3.71387196878563076060712747523248740034902457554520289729636707687955712621900207531622989964170007134872289110159247123e-5
0.000111097775182456808713341908224380069543349089044099906832992225716257722266551315169993361837261374185141328412150892570
-4.22754887494611585765443859917099629309033960116210148398206042027555041515167371460241154408217312845798608796001311337e-6
-2.84934058937231481214070856767305992647376062583135244813051531681957812754130456404728212021535746113574767394557765409e-5
-2.04086330513579458496687547621020548510544151122178399048062516342403959841506449750245121444051376899125744461581516619e-7
6.01389517350615024018817236603199173242543274650626064730085975975783817091485177152690455972892978533127039938472585274e-6
2.32318818241134523672579361442029654327721033394017655514159230448915330807355442004396939210397383905415403562636970045e-7
-1.06925422463118180953329999450163374370661221924172824939718554520716402839514298018530108824930435974776596317173160255e-6
-6.58129939004101239051202397218737413382792662169560509657645042734963374135848728645591619531502287240809639352293532737e-8
1.62780348944806364058867310357367883782707082446191628156427849449240220490100911332337056066859778392541343071803560142e-7
1.28168448071175043675597445495563852004728796700729080701613929122847555188670918598700458843569525560474103090707073794e-8
-2.14771848719199569502561705317373263128685786689647861132784221997436679079939799085455010380559471394822559479286509513e-8
-1.97303628207927743683788010424330906981041040817003268068942322178007248043729965581213887857177812209732258216492405309e-9
2.47903644468012046801442426847300878182765157756552589008677258467709317077873524642721328077630238230684832749427544677e-9
2.52883827197550088950245580560373395078080339221164443638621619341908822260387893617454917439739086655929636203395080452e-10
-2.52219479428329341794886070095112220770386030546870030016313694577168090948025676717989884561365358995156726362179372441e-10
-2.77147519733289218640905902765484847391856728433389403922885091290540474441269616009912971421046842435466641837526685110e-11
2.27580221288699704520204111237067284996086293957221071748335782298440617771317760009794326241751481084152542214465903237e-11
2.63980244352756001998486339424607464677389539613179148137158829974625031537646415315551909583508738064410610094392124361e-12
-1.83053365229839454586321570249219506741153836921146086980691416493987437843248287690527674499476938276266520832367515216e-12
-2.20957464304842401208189881018217251858917095716551278116705098815081622273004077153671436942804745707645888372805136514e-13
1.31823440207172392568861552329629151414645187663743496820744799388934372002728999151675737952758560165826574329224578082e-13
1.63845421448384273095467096038814339410941204132627915016400494605146403322666310264292171267796944631982523633206115902e-14
-8.53083818343384318629509191130508080069545206891262825846223765887364830846989450064611866312638840839428104132613897983e-15
-1.08303951705435217938914167484594484990282496297339615198040292913084850967107997094164529785677035380473429154792884405e-15
4.97699032147087256266791178150378722385436064219040674820891534461951267735596195755087840156082056577546689317065595775e-16
6.41332082977399824547923434996082711955701002799427624076768159700645072210876475309409587582945176662293448641749656635e-17
-2.62499016387678918039942433533868256152369639747025352313329233148852307832041629208451982478127737482636424615060215768e-17
-3.41586151990703015905409157718649629234382659170371206806241402457353919674301203961287609920473373082234649543919671108e-18
1.25467502714472112961553424814426623973637971473479839984804134288929509327840662498492970066212310836211650450730144901e-18
1.64191838066808948329366477835611924823478525602022167729719970989013869903112125258504757952235641754835583458119093774e-19
-5.44633373045547141471492900711028752516683653213519357537189660869962955061171012517480426305802499351755670998078353320e-20
-7.14273033785508470349237281715137542045591727945035669822778681801521861973682389600977996285997660189653850395417905679e-21
2.15110257098959418574671249294786657830874340355745269972891685204201648537368278586335081354107648165059508902577595532e-21
2.81892717377871951764627089868215143108359534476656888921507889983145623346414943970899441992929270582994705631368576474e-22
-7.74316126667532960633969975288384816725577428945454655991950740724206701952948227282481411498399699302765327393006216872e-23
-1.01136341882113617311405451363457299844604500492730849135987794790487336938550837310001744994939643558432850965424167161e-23
2.54393347739044025796147451350919044410695919711333714523231031521554037194501003538344704905885750029833225249813937817e-24
3.30451025838435287887474432162856775167016791284229744195265257940433562814113658810993007500474159948953263366390100454e-25
-7.63794069034712445873214819467296881376831215288393212615770834399046322584804553251131858119963701263681106489469520244e-26
-9.84805480884423078562973308880953615833115317294458490733446641228684493091405782004614724680951760783341119278352028463e-27
2.09803770226508001402546114915052218173698784900068831169308029450442294593951018738427110373932556622564159837818415029e-27
2.68048176660038613149094597331072152518414402244871259888042623705384327374446552133758966282901720795913141811573165755e-28
-5.27760725153301380247864357966617157995285415577640414310546623359646626757106884605608922089732579456386167444459889679e-29
-6.67097842793448606242702777817984200472918629652398003175090672416843063697675858776945355115504387486405199837614263256e-30
1.21677442599168069048709796767039306274866139252455542348234929245738748825310624180701774018776088382273898905837884983e-30
1.51951222509852274245125729787916265989558133441958340551338151062479950384225316983843757035592929608959702869942260144e-31
-2.57300876369936668882535213178545602080963047436417889135509027422172935719299100462163891445343919372287812462154945692e-32
-3.17041455199644187095441288710989448717276674403173158253470785785832769429562586447127963944360933614458302511735944503e-33
4.99332369432833560993951986472935229190703072678392697355516525916219832861906663767898129509797600741084816777376903870e-34
6.06352901800059309919567707024539401887036592342114082740380962919634302787341573492429575240356932144663179109562476904e-35
-8.89749202551041220360938363192899971929365275926019271520192841084647402313302663938060136067354095838458522015093416951e-36
-1.06360039207673369415873220791491794744533633822674882468643976632848235519056782981966359347222775856601163832637634365e-36
1.45627244853829438544128858002235645425607229303648513068774954825646592857303392394760977825962300422543410644170316516e-37
1.71186920419659545711834715214924081465196232532628029449720795799980620752916615114065618009178707671373329514799863833e-38
-2.18997934447128638307485856522145291913297474545021244212053764074763874560879097628370705252107071059343026027516057533e-39
-2.52900381779235112051522867190862505179553065362321608706302240137590420600160780977706540677584742185998198345451329357e-40
3.02652364511778827666986640293070447805987798133125140499207564108573181930858794721844916118464819229636831439273224007e-41
3.43018543438812395566964941229545976893293391153044300016703914950065524443972878901391128144023727584667540805820173105e-42
-3.84414172119123515618699236409763292786308465843027912868912983554830900332938584199433247700237418137989106708112962945e-43
-4.27202471437455158795219202147921756984477623663967232134578397683911292817409243404269741967284090526598179282634407448e-44
4.48757525122860872184507026615346354798624346003356743815485774772665206982439884888882999912119893084335585951338793134e-45
4.88556268760980331514786143164602338117765235597286414698575495601939164931011437145888742363365104402561236081309639520e-46
-4.81447173819137456859505788840077200655896313812269060565390580102525976735096520766213781611296865462793576610015391710e-47
-5.13021387021927819300396756891350458843827066036120341504260478596950842515350428145816406714932158835714471214191224354e-48
4.74612985842472897357106068698458751844844093194546716051118423935299849288208219499242879339752372624374160970515170392e-49
4.94573778051432821591107082692738126056921700951376101078969358174986617775441890992117224909331438710038843313031803649e-50
-4.29809726744482800806378010574337404298329470351340129384348063600255374739873677533873555074230772464184581129016981420e-51
-4.37618509741678043925571185014454466630995864238013602396679631044302125416911752916309653949707125335297698212696451920e-52
3.57447166119924997393374954980246407158822122292433299899127993412969886859030338705858430283098976699172729567370524729e-53
3.55289989810728383455816522115335412945341801536925423617502218479482422224601087371227480304028382456101441848684645916e-54
-2.72873320161996546208578257000143264468770097723089269389181693913216144980011474423798429278272837871055053859783429615e-55
-2.64548760704736450455794681193204347559967879277696213955839088994351946946257783473451085971642428261822311135720718515e-56
1.91116837738856675849024106165956779288557865046030815891419739745705627941242605145367593856197846553734398302917189171e-57
1.80565632197376904581626690136078892887434126261538382715004706562521443008400234096875082356978670362977347395601695040e-58
-1.22732598795250763935813688607624029184960220050932736703259643159188155781863111711502864083316058693750527552915594819e-59
-1.12901446390089561361773679735463223931729774246869918673913633328261979939235626538018815550517284155694058014626089558e-60
7.22165063429130798362908645566096540624108596095967863662900880524735139171829604210952875209351879238713993749960293533e-62
6.46224440588267926602113523513197299272052802047004741718903140553151462230316786766031268364366450873903482774768643099e-63
-3.89024882733942468579902751966491327471715936434373162442478154016137984012966342040181012206828967134428636956455101313e-64
-3.38318209549678007033786083555659027337398356026333435615721312050133329678596763106280448176629349417633596603854907791e-65
1.91683955174717917529765156954430286249509092274816061072837763957503249896528625630664651440377378704208800805240883187e-66
1.61851348266294803462149844621571171942924367786090559013473014990142822703052770189049030784190494326733697284602244584e-67
-8.63011653441167474601987063259774349674746911265212212890724709134727927073764934656838131990976899842391355396945147445e-69
-7.06800327071161327738797722305126569889394031644423223639442423605259523593743873950822271537890128322363003654435798427e-70
3.54628996501205422636774013112411910958442233267173009140048104404428956126523957524880852287061902920943037442011595098e-71
2.81419319154864557255296324448967094529566230889424921171781485820651473554724062054319084100546217556396154156129465837e-72
-1.32833784226393244400371178897375068647045440791083933449997301498546536538689862024219063462468278733224454485993719914e-73
-1.02027774746820015438057336654664928196574048883604205774620072454860879016124896747773467845738941587146966774115418345e-74
4.52909765386019272869401141852446279303101490208982268746692496063746913859943110890537203020843943798835642656723671421e-76
3.36325795774532834791446608817944515333027519046704780822232564868592705419496071621787928145499355902445625667895678092e-77
-1.40350346082591288143747239187693489278208790175331800134319830317439560684448558590908340623518768330361658627870964984e-78
-1.00643050793710506314661738322778983649851634327255134882405532778310269672032923483206118766032670787309407689551538294e-79
3.94617577428548451666833146866758870978826072083575644047976041498943815838359209421206037260875390739453920995076324250e-81
2.72912319250761753878710873940157745737544456750081083585575591913761029561260592361573611499809555704059564126347423420e-82
-1.00482344610744549610657795589904492857062719167673094650241420210531016976814125286777276484745543827358656787880558524e-83
-6.69322053040780869611580426992791590166266033893181615317781086081062889573317793268558558522206886117756001040580213046e-85
2.31239889375887434884623395403656994843741805283652125200526854874502581915643653020760451309382043839677535392525538979e-86
1.48146861596886223850943239850598243224632395726390950320510509808715367156598041748555594588845382230504306758632064198e-87
-4.79862471729869771678388011401672113286776122427726021238111874125528341692767410661949529740401620567677162745075351016e-89
-2.95239921184935051556464232996162875111411684571631464637214173932584731330183794210000576080017646239794982795958760984e-90
8.95728056976711484396557389004467432807803484943971645332406351590775341235098848824153115391496554942003152796026995933e-92
5.28397057444628113504307562035844812861315924410046170182126309796794632341130218706580960947848696610210829352167015988e-93
-1.49988317486429942068147130023278006870252167118862218365577879329310644827933049882239369298325063727952059371848495140e-94
-8.46859883878894070290257389955684986976823352629164027057806540356169222399613912514274876849979136854624547220783892132e-96
2.24624242627286672532929034240277975044409197021517702079383155502019576206976752036439310796963898989199292952175816959e-97
1.21161287030246731366793882557758591114180494508626128267613921798455336421352289788067733486047257117636860888614859799e-98
-2.99871007797412768446033466552596149096115825510391800428072856940299398514186689544878065399614137575913553997071344680e-100
-1.54208573251206601147544748671179490607049942607129000127413461580892317986332196360749970411283814150353626465750057669e-101
3.55548331336342617624453084457601954177387591919206807991948501075470006365106981187575593688152934628991329289107692343e-103
1.73929481366699658401108516569569813401902748428544296122688406580110722598285557750197603007392687641581855950220081186e-104
-3.72891506769998963991329009561062601240834209755516973420117534935797985884606157542638695357319459509969997167070741387e-106
-1.73100746883746167179401846324523338866973489129337909409948379151316455416646945906967165425008872489306903389088804721e-107
3.44365421358721997271989426952867567748664831396508142364208405826334383616868613454176388386075934461008022358219023054e-109
1.51290585092750537313600004007679858312667245938785372428570911504481718902881021527758083522375691285467010810692955933e-110
-2.78620037700440982987195646136165043425835417701354218633519334505397710566748130897443872771082990464543680577488512874e-112
-1.15501866839180606080017206397596762365268925216275677887574333168369279853384981754496915150206759568595283568815035670e-113
1.96378694356233999306180957804766279041052631439621254640558165564029604509278678648265397326593037300180315092120920179e-115
7.65623883616821080855304563109144625206948260863977468244028074053844751086436651310476146761781286258051621478911002126e-117
-1.19807100113652328126711723677589210546066144401586699846230209502368466337339979603966019915039677260828539113027862740e-118
-4.37654966282116073573397017527241678505054806203435087712610086135484668293073362661913564741689858223606388637576865813e-120
6.28084232911854754075386591493675590833159041826780069034291344805913345367555689562250347549175338818313661399584697691e-122
2.14075547911365395395268311240770411160361748310730126635454472209041324899054024486489534692048023421716496839570776471e-123
-2.80601287337245457771995328899081920487398400761128526716902208279165926976694355569857774679892959707075844687633247969e-125
-8.88080681759559918883571232813898802368339117389584538851527593105795924096042388793103509219392380710485563796377469135e-127
1.05812646323182971724634264723248022575883679046785934241908780343186773449346261495754204159672523518176574428714585271e-128
3.09250019856684561179432079437437589691922484089003550861688843202296272720389334205849208416002486113355157922137131606e-130
-3.33060423089856564906047303111214312693100028822522448186792249165666631066150471235520359723413894389201541104633510249e-132
-8.93104942998926138194168865265440052658538575656906524694805052266461263974877365177988490917696677665608221787696004004e-134
8.63686698285306273915603408312040313565806437786158174103503699910523840910808715875967301353175792521918131627119628340e-136
2.10879268711228030406177445813427240704760577876439641636626658942342282973168041432350337212061508707360134390892502235e-137
-1.81659723497076764030803211628417842760244257284479729723960536053558971914523381660230062047057768882374328803415663103e-139
-4.00189302565466468453692913991746586577019684988810286864443187102614845147541311252757336518341530805853885848651968135e-141
3.04107605844600292805933262321094253583222899011921140614656025083287091739679605908741375479905037003031090913712488487e-143
5.97741271829681336251591773602399786889415719583852580693582916620924423497314696979015961232898801215524333895088753498e-145
-3.95862333456698766664488933939788128307900695150531429338476311611714651959967681155440493075209406431551115073712381380e-147
-6.84614370132199731704678785487960667061647476971709649079004806900407425161089087017811607008783014499268174905326946389e-149
3.89072217391471598650060358761503902288238428674657277513328640497057170238341974221067335342595505524933992682553339791e-151
5.81497850053721898897019520232670711519234239377785757791070313253487975270311048197392772368873216092060294546256837830e-153
-2.77875922431436127685514152891466348999954807070963977297690097774761577590178339710667021075227605030229826638416964581e-155
-3.50407366513844738644422234346347192954657625676014527337410231098953447175439505316598337885966802337289749790500393490e-157
1.36923210697016526801447139316719595477543498260331335807468584319833189018100070786178347733335135094260484030610157759e-159
1.40862711318989289257974553438629350811138500489559495657874575914253210763343483593022564718967806610196149982069470499e-161
-4.32201174169249751173436973828707695412007853260157341637639464775631864210516158885130437421099940918357617759871972825e-164
-3.44825698828288018194351412669794796205561170176396845474847804134433459091493063921228889842468338936152553042986481042e-166
7.79036179397011546001522188466127289703344045394336051009547186334010057945507995310383773239783633371369110884245404481e-169
4.42665186532255198105556989447727269894917055430787145985165934091010547289403462945462163299740095784929078373930252365e-171
-6.54721861853897284121370361762129052393517736320074405815162084958301150370167632672339994280428205813037288839512039864e-174
-2.22562180997494956628156750337566124714886051419497489253441394657884407676482846672585116401867901346968142603930420076e-176
1.61667491462676438776191336846980376538833757622453653762493661991718136206453708682059030309242468877530138644963798339e-179
1.82648220314989724063289684339208320552011338663534038405354057327157981736969684724479527511317281428701720141575162701e-182