0.00354681472043045703934711986814685960830195480611109549811338159681349092650919887132843146631124861734583016962527929582
0.0130146205248545782689289597920312226522986045810059038772884141525450461415338428931887279989149464639060591825455000069
0.0287854930941645233672526931305790067278973575914408685340995162612635905027632605120190201298240597476183135712511364686
0.0490274856300299951563351261309597734631637267889087520890286977971799535519851434001406984836207543799234455864232480068
0.0701319863070911731323375150546325394919174393104312411569629281869778806920908560905836415815484704427031273063387294714
0.0876738937059236236968210171745167918738163576472743627810015608478720859428566090887496916498242612502519263604163609496
0.0976064452338890664174718323631089416062656569748040693068973179233342302399438417339778010728695138962013426229331377392
0.0973428839171820806426739628201610324858831763583875806121940007897428187112714918373124945874486643639689818540597938207
0.0864242801536258539231966621893775643710054199442793822512783617516700469388384146290362267550038318383875544162190368201
0.0666070573768521185037572169532665828348419022561116554488884995729181199725689345566623812253987108786552790448659463422
0.0413790374140721130719016389037199703629197372197429963859023636721406369341577324013244844396096410973146219779293863915
0.0150730629710674108306838302399847745920352609202845089221545352634906034691922691716268537264757927797078666723194202137
-0.00815482431305883475628163182401824507199487921155001007710934975561386046947294806285018031748638173290564651633133803118
-0.0252040225600806147276654079051867914890146587543191124121302926006450357499336596408304562923311590264907142747716407728
-0.0345557177812159769470040309940504968097969639856505379151253079891728718258401248653433640508678557144505609815176516643
-0.0363587921427587249924480187566594807611993273292212749768494977368664839866982639556159739548452045223842084726785090134
-0.0321173322267231297649595686176105344933640290857970573358762988572685275283775327793822244183937949687146095864624651973
-0.0241214885972594197025502876418027911315674270482093522154086971765366480247736092440943557349585733842970189027996845582
-0.0148078226445225163810141195952948850868267142814782466650424553895569529862385132565068205331419401102330622191020427056
-0.00622018147787558060447321253299721556583400289891382629408117557710822336549070654244141352778851951157068441202091728134
0.000317721155572133824377348183302675627071099637731994254649429698562242140188095068228416753743512684066161536673155123175
0.00428567205867992370055134250384818135483207655855791264119932589000271088917511707581947859470778339621302221932047605369
0.00584499655663921757988200912150515501919971575881399872857637494818983127873536230220025924335930084085129935569540726629
0.00559428721315202560420871542533979021324444290880566372573363992799771364691672491984880403517172340372256747219890291204
0.00429655980956979163015326477346427224695999975746391017248983054731712410888971519899416018666566508399917290947348980806
0.00265364916111958194409166791457497763369087550441950668557687213122550438239265732161126247338546751580612166365809198580
0.00116955807888374273321385262267182906755664437002293969356140381042409510310404016428078878457317165938128596532311423055
0.000108438408754287715226888978032286182879239301344987246772666849578308199129002219662369693763435613459791600877763248345
-0.000474035957134776307714336958525606299450348269620064725103487824355214268585909214188124654142029807128255947848748630610
-0.000659754929134374685540701753663389712601114275565801764065342412036721684904042269380296483720188896503616442358121952049
-0.000590565908906464971672152877094019046211253418925110055878394842091655540762902504449199407240810548680742373548160413481
-0.000406868799056215169256083785560070680306025386166671138573007520019298595770935174236970568627930290147830365374081483109
-0.000212333486651862899659732238963857608884305273324004476716131005346203494138997396984535141137662278713926842687712023609
-6.35817152458842646377757777464797522513820571968790250073877371303961614260234190257634927548915839040236614711822037792e-5
2.28716554429924049451652592804827748090106351562996773706664191775635601593294570284140467565371774836024760512017244671e-5
5.58512081507574751152386044874169340573079493467682635944235065710292203787639839134691282501251684998822810198337811642e-5
5.46023568515591071969882816579654379515296988853969351114205532727331649805439327486764267982499202320403945296180563422e-5
3.80797405578678953129405362601100352963318605343877675722608299804106517089882690346167540517092136158458941240232823696e-5
1.95925123766600562343154557000845494181344016832667308944324500099838278692148453225915715881074973292273899594217363062e-5
5.81423837230617770506639911868339764383496776426785670539382521425048415023844729219965698862022320010350968715826725415e-6
-1.69744890222177556932326663725914932783548594569483598897115940625952395683135315566119493137951280675300892905813435324e-6
-4.20507731574444997717868965313445263687401728529884297690570379632249733752561024772440612594907235921598602520421268255e-6
-3.83794981510413194389275941830462029030652363094093056354568881465393310944987173085025003334663661809791430823217125725e-6
-2.42368132534277432151863621191393670404591838605900784204623361480737919097748101396130337709626707473161127794876175326e-6
-1.06344157448895218048511239922563921513854903508425611318443204877670232561160460952174836281565664344882189123325469108e-6
-1.85915394849263891364040763728907235016315221880465514364016380312569001740431246536376528262068518217312195390488603371e-7
2.03300021306202880950430096868226242907266187046504683126933724947984542335888181133618816673144130413944213799883037875e-7
2.71937777014478513140464456531092278329436214140109395300763838756377058938039703990818661390547515910589890210448363138e-7
1.97726524640334461133307884241301400928803804635236960473342412959456228212122408107620299191473173346311893558766948277e-7
9.88527735114500808021374595316458008352925050195703299387553682942890405003868343155696843293185145436696974934156796883e-8
2.78673538925126365141159816348765446641754108618164701525636280997542452896945891035567834067827262448991234100766890231e-8
-6.64720388792165889187337650631838165913409335170415432033216968577462986924833879568521740089702801755253029416054870309e-9
-1.54689961746314076933791695722450864575035170664339110158708889175776034180424065178085332433610536611278151574728625004e-8
-1.22359233797192154283286121205809626988780110223675200953657069150700887263954363671048055741702400719652147291336994255e-8
-6.31231059316529224371718810448222451090023958070653260067913445011293840992571645565141940911722688013785314473478872565e-9
-1.89835938393910123058848839973614578779854061439715381322427030106202443433741876699059217679705616007035164335096587308e-9
2.37274054857831174906197770084567969253077611265277433818577675829600505426897469773301161346787532811914575858522485286e-10
7.80360027197787983266392661198115767824067833750643516427558554289757221715107557734459659695771758764840555830568253717e-10
6.09315749593279492463187883272246800880869991874366976463850324359802458809938375714804856312069005769952968330714371749e-10
2.97311232075951593732914272809956892689559451202398411912994587992965285765941963884506183642290951399922530055339715768e-10
7.87401279370176170847158384475831802893677606528721768174453774176708579002698523207560843592191762520247282421511211884e-11
-1.71060149230650030343813922702752132497420606631179168271457832757827609253158695525019950440563764937892294600596235051e-11
-3.56604358310173391018750512638424423800174488555036577945533866316151121918520244108008089443223884143682102355648009159e-11
-2.44172180719131758741995325258339446774906905092173535255561669395641945422295307745455972643869734557958684428295708366e-11
-1.01972880649463336598676518406742142061738060335584908006680069497815991259819819989155547603738228486738275321293607291e-11
-1.75889293372166654173340683576015581313094379000195135022932915686543757766033483307925135483892847737223783886991070080e-12
1.21278973513983490061094070347263854338814076385588919556315598037782154389594721782029604103775730532058316905583354301e-12
1.37085394986829078175732668505106454567066422953182416410036877865274127350193946705177349134563351863480747390235707630e-12
7.44482688799894606607094799790187155046024055427389598967931144162726609373578239974790206086495417435213776061623073834e-13
2.29089981344613353225032866599567039254052759658751794236081899271183280253539365704112629902100405058725703388753911925e-13
-5.66542251070203170949753170940703930185622910265491196210432653469371817847735101589751395269391312478461380737314092329e-15
-5.68163353314879053910424593996126958401065409322683990971995011588932844583963036794944547362705907936301255845674093991e-14
-3.94433949328421939223074395495358951923703865061768136876048451895572154312410966366942772437889667748771418456292796304e-14
-1.53000588434698266780424082133782664977536537138785718310444347101419850324068789393616027499649737630840827242818003547e-14
-2.10219780948978876895175276506409625497999333631086535487644393646903619362371858695525457897441533262837977709416751200e-15
1.80807707903262961367484919937421763306614411273867829595178221710907301421839801561700586901498613206820921745522691278e-15
1.65957660633269377303981664545704024978188816150019456023858424755496490365345823049806276365818543253564601830101803255e-15
7.36105964342618926305886167390023806077948390760106275771273683098682993882229880497965085694335813811835541351567183948e-16
1.51069725368543930169793867778337780374073047652147156805794379565103755265296173906428660511360393461685756396616313456e-16
-4.65481528808686100537205203240460705325410598433579301611788058307832596745301392354075679423680679113338966395961900098e-17
-5.85864578067793938585614870206855156889106959427835728690692525211662067383174316752388610685764661941253728616789465453e-17
-2.79554861105150417418267176943353977494933164961766088396954149721403328753619718736618840262472433201888725178068704192e-17
-6.46444953122816996910655347009282956477019593884093534467456837629620928513938014136788018307658070965852715401374301907e-18
1.11018000880891149868354222370386540258667032976677364748484389593512575918722215468934602791468081375853873085550207816e-18
1.80332370636232149476985058765960338852112161250658894404167655347411425439180642395718129006865941670279091155747403152e-18
8.69065418417332870246647412806405338056923406878195982774224045091064280446644584242679485553119525671643241801184240938e-19
1.98406443955020909063355972344848137641172041431943523471993487234473046272602946120909803436978539862170564939985151918e-19
-3.06533640882250950291825653442797209274089116141469724538411198368507032911055816411785552830286130930306157480536776586e-20
-4.92560493229908864022837771992576888707769898983388187074841678839348649192685362008154911172037273890154434243060063836e-20
-2.22938995901704604102089141593466897427915119090577389738502137061415472184666363216233587929993394915683281796663324077e-20
-4.46211388055756523443718475881330304129453494345197316563181517657929798610438077782168250168126780912121956363034519618e-21
9.94527999149994722895050552062487978234819061853941053181465952085574330479363655753548137652949569613574113729701970879e-22
1.18094322227660703048454634317903692643053263788386449273883391430330952774641563075691385386862006538033955027711091485e-21
4.64434825825710875383446987111702502621309199038153304345138697332712658292058299038146462428340067828138288413029989654e-22
6.82527907032434921298327025713270262042419715997551755024507695141406455202601446558638763478207566265580942782396431737e-23
-3.01568617962168892856635444258472803283289216186055611790357559760295331817896728019308363235821100572961514879048554218e-23
-2.39402604959733294579598897035289595157180328336010572691206633391051231168832054141803917296218158057275558493355326657e-23
-7.52121003110530404029233149106446281163838481533827882002120952054133670944632752667356183612980712484964671490207577393e-24
-4.67695982329217196864539749541568985410747136540939137871560778329878703333636726119972774524320366770503306950195909297e-25
7.27600046795022502873878862673289505271107932625493752605980578909356018381029463746822707399928313388310985940981895537e-25
3.88023063454821736599323703044092672937283828790445301746088099549669822942418239565511968197188594084777261635970208204e-25
8.61420569170338542113972191543966618320015788432922124168633811332737454534669322831309185359319647011110218624461829643e-26
-7.53290218067718454343377487486481824953259883539059779567631510637843945097271065421615777810991758343782876999081582743e-27
-1.30342669987246050302143164906594694183565298111802429722510230159357555238938648809393794787331243981655796687504243384e-26
-4.65827945236686977962168885148684606658425857395887494341155129725908420259425298170550008506642526777712044382475468853e-27
-5.16613569255356752430519663865852455887399515141415642719604808067833756557992730735833878242182435918939587448229595546e-28
2.81334256387775486098176791159968017406738893480167775275190915335012185677849481365813149693377588232763658742180802686e-28
1.64830895564822863447909612601255830052418854841941108320230193737945306214950482671285691015296935677989789887385211518e-28
3.60830168266467630295907864675681645584406940561677043406580905465304910513787033399779105724662514247503958895373263309e-29
-2.27060899353771548639198931714190059635796090357545336495803626523181506026832639524683454372558602918731493519713648315e-30
-4.26808210775328086200330989565726174242821711649031088159165353269507227666961832448722537069118021557528327031439993008e-30
-1.35414735166881588391691854239134792371570849163027604267922046588065814761961467601103602624924271903010091596553977671e-30
-1.02942112731235414833086016106081618455209062044852920750786179693032469579663876787454884487602955557013618301143413524e-31
8.19699614395655147656979348396205264556832859320977398689941720918920371701447244532674045814132869323896675366190251859e-32
3.69094981523483862538115528229544301212921820484159672935436008059304450913500083172963931227882746018550572733137497776e-32
5.66063736579767538385554837329009291277392675790962523438825364439428617012504216701181910582451309185435423712545895947e-33
-1.09253855839158000834831162511299670798832745947099083764526555944418797431008219024738263286248238734971995322438941558e-33
-7.91924459072076656855676692547852505719551078169243031446386069180479832905789493024051595402743678727889472111059868283e-34
-1.66783087467097701598458778304351294426923380615543084823445458680335301448988802369174385800793931101615786480895742753e-34
6.70893408151816123397382808213761670913730743668624025155265752847223237753953526251860016737019433703147804919529582685e-36
1.38742393631142890580409530634333974560009722681541257673748891637223047021847904201468929746293307667629016734577715333e-35
3.61424124526005156768194659589668127976211816658923606191708503753803701889551886429277923671973781261567297691247191932e-36
1.10111688692853038279848052157733684412611621164975347441162763261420377784444711722154786763977375923712871543474833667e-37
-2.03201730097028523719367419307621952663404949388573620724744631354845696622866938748319248450617888174979981342420713616e-37
-6.25095318873264320995192266318175159193533037025600720678045828802175736327532218968972657687090592734759866171573565340e-38
-4.35213664262539289053444173382692052011720585970637394181679481749688381906653919352774734467253090388047557399214389470e-39
2.54031915902939885136029083545379399613155316435539166949809806443625019697007284521416954822152736499528573620736456903e-39
8.93158248884527872530175953419152647861202329396148237938119478336739363212504299765900535182720862187752925737328101011e-40
8.16941717127485500395412399687497446108623799634723148615643008260347931851832584766629504209428821872201102026586055868e-41
-2.77268241620132907389530611724194929344746436706710826833563177041039392593863202610003132957137904679124243866509136597e-41
-1.07233613234172628246690337474183994585554984899144108827151336689217703243603558501886118724624472532492299670041885455e-41
-1.08561859212699257745952706142794938980955574226233336673967368097029339436632264392685932065720797593524354888872946191e-42
2.70495337360396455009263415305188762407989676555874974265335049415558908841643202721394271631519317646228752198594738695e-43
1.08959738439394314435821582632267020078239238515690808680982399596620456440911891389322293504592027964126933489876602140e-43
1.10377476769190231979624632653893680841934748666725816454510505951476763572182840469306216202506470740537732708423933988e-44
-2.39812285487674487243413394835796896617820415398632925979980817350659442189330540462148454701793875616889798612878690804e-45
-9.36634535253434110760490939003758516347464158435960500688088269377215534942306519658047300295446378008928956675278044366e-46
-8.72323095465410419198804291125829752349057344773620213082437302949382390797461772033267255219973155082616299740815375806e-47
1.92982581634915500970687664319009627411200164014753416078635380877166494352949178528309720393633083854595721642164006607e-47
6.76234536754348006050100199889952180685208858429344855205406046864363109140799670862299263112975054115133222729358795752e-48
5.27686418005491617845968602067138119248138315577130725019996945750938297710073833197512366174854229410345645945448699126e-49
-1.37866210858811517435839758632491319542378112091088101001375875190385163813138851082535632472692484358678441853165254123e-49
-4.04441354856046430780455111707357264922117788819302822488281483926082759030573716425352271321737934718876824422084597101e-50
-2.31157025645099014228601377340951914711200320408712731393944337752205229011925549640420631410518358368168959001169358478e-51
8.44396367768906267541394469042035513412233138333312809750158329748498300053355248048048416118333343274677502398948308405e-52
1.96340245226832637398288965442814292059499283415457613447954567990433996930903383782129113008592290390700670182692695991e-52
6.11485049989784791202694608142748265566771082446451672879910800437538765148833382153917331639573650910076484054662801941e-54
-4.27364566803667467482786411470746943072928486261305043002360672156669660347913570141191715012488582558565707398676455570e-54
-7.52268559777167111723379705690177427823238821685382224952463239689336775102323736955475934429523673882584572477607258335e-55
4.55429484657082561412156427064215136627503069779124692244913591061421073731406444781360500358325598897451063827978926178e-58
1.72784678071443488732206708556673146955683539564962246422961964196616936655232698517151754272852921031326846185400479481e-56
2.18454691688303518936027898050730947797564389743880555678065524282942510560503129637501548058141282661000696673934166655e-57
-9.10259647352073550440795354168471061322871013924456608076076606787365875808593674142287160818654799882628052946311694496e-59
-5.40537399957027488640186692425540248769206026940723238217883974433436607032247910238271164152604220736430202653339901943e-59
-4.48563780796534370437461713824237566447600412704146149523610132854049423317634473025684464978217317751264508714206991833e-60
4.70303868108000328203376578738710881504849467965449423373342297115046992734076918533474201966036466749374203906828868598e-61
1.26463728356655839232412471065992205432583282592741551237623622454906149919446186050235163922994806621306269105217590175e-61
5.46710205110667060102645187200391837152242625768899963064943552908175997435256523772046052406728318490659772107080230953e-63
-1.38606677016975109401202419347639323447720780911513892554034928662718730661292678586858579928539427181296217413617889828e-63
-2.11769137560592980550172535572471046158268159091300016769943098585383182507886468602378112462452949390389933458710377935e-64
-6.27204089353682088512884496409304795452386626600835290138239891231435524772849506045524866841270853255109896779801252065e-67
2.67312731670950594101218391280369350327630094341399183689198834255341178843024508348024119601986144136192248198794794595e-66
2.36071995311371069374638964004370626829150698952248022153906228535320379534151115549623318994779908765884429159006013870e-67
-1.11905835842991491207238076200677725438973491344232261403632289895121524016316504731681061475680726652690976184641296526e-68
-3.42339157969535258106176356003215512527976158573248834577414536999046777515810881482203620041272668013284065037220938797e-69
-1.46324750455788610678516848276109643052627749802644201884283926178597148149238732275185543357978530807828566752936841315e-70
2.17964137944248280153056237381968585063262763255375315264358645148428533127660983647431270636279802537133239193086865760e-71
2.81622396337953815348427876358488525192112090587652838994429506465108980457706236666780832447454105150391336165517830377e-72
7.26650719732733246803082625729027446746076457584094514084421005080418417900325826235470382149527471112739999244458153012e-75
-2.13086367280552727921679500789614837883222771040099379916601845131178467351158513886315783280675425533635607056366396871e-74
-1.35281140325967027295483920849147712516994573812951779696692603047975683623152067154964265980469368711668203000823109097e-75
6.36740524199766226392184746763545459329767414117291331106043028276952036907852822099737191716765510024161194755351538026e-77
1.19296018215409772107326050447219471818542005868003064247791938739573023825052138497244749513780207333762651176669948075e-77
2.66745469481096184749921651653031107640466355124086534823667115125345965727887132505860445966001460806478986350214672888e-79
-4.97004135155334217729529799829583071393767303753554870076975426293387000367852104780335087090420560196351843587126255114e-80
-3.68104869627482606037165588561834291759628919310649790356544396286228401004027748107337130998443467268145031351915240419e-81
5.48016924945193840573122450336888033151113762498754689512609794243029182907687013291200071088491549340242356340957786026e-83
1.74179120845802698246833971206595522060949114194489854039905438070338472408013673562641026458947792260858362926289999221e-83
5.05606811990336322734545463626824393439844598675770943252671968521033871095762081440268204677881175695848278881205811096e-85
-3.95612107902098065514419493281923383109706318003688354370075425188631201918894708480029986711920061352519697300554869866e-86
-2.98525235255946038350067700345302367266363453073510348140089430528155135805313792588944931868935266921032116763145617429e-87
7.51200722192084851640869934299169945645946598923961704773013814519644844138862627687712301602463111628015297584743420180e-90
7.63717000181065938003184730772324207482387668342111559553764639497335395448535832721209668354742402205785692514387602609e-90
2.11870689243692230321700181647580879734208687708381684170453725286329128036142539779628165337512545446273383843388862961e-91
-9.06019084547373063085293634384986406202520104388795737198717190918433729968634977727190542828625313363264598471998509166e-93
-6.00835216063601644234154743630957357290874080714902882051990664695743850754564701121499711926429708501173394438874828303e-94
-7.35639150439247440926761352795059159461375026121737723834941126799403305280472704849415564711896226340219187976544064968e-97
7.70923534798817333543247694307579604972600758795188690434545172799223253366931925184716826492533397930513774945264390995e-97
1.64692961311065354310161325588022783893763906657708924708280049043926265196964169978914902698770066855322872123581112372e-98
-4.32634394397067555792744673112704350381327323775707970322741752266890044698536123965653328497570182085720977481462927603e-100
-2.04570424366338495524728291791976563051360987166401036315480301847391126464494894095309305044636131662162289164873688411e-101
-2.09629024974789619897532958399722596832371351920046756458755407803113394872121404554382350828382662006407372073944157166e-104
1.07153712468635987647342856765618110280140569982097968774450131281371122436025135590743404970251475604513028766470856650e-104
1.34751541789967907738696668796068798659449845797062049112881620296100828993454831567924506683777291856902819464829675203e-106
-2.15440805397019983512089733046398412158521766538709154591659254627826991336430673161034482409811151144788004022536804692e-108
-5.14541462993617700029298438720256805371137967738594520674530620250117177489662990769398089477433265073788827060664518504e-110
8.69875472306281926272661264504829412990492677722884396117607368036195662450560916385607486053699022298377883461152614212e-114
5.93529099255181407007971535038441448431977930623094552761878438261931782417001470217476707322978986351895560720810269953e-114
2.40220082159871306702054709757926235116871564790981173623694265249830546781048197737982879778091309229352102461689131044e-116
-1.34627486629157815709557589172068127047738170318201424706111211665044901864726540764796510020575725523332469831875062892e-118
-4.49668165691394859969992040620223729567169784196400090012080789544987920067425493364791997896432273304142188514377823830e-121