0.00436355851395006411311071242051477782932556416921231053455406373792476787094900271992076016202712322437090201799866202491
0.0171381681312179568022963850333154633502879775402001184216741673831121191302350037172009164307499389398122367947279958374
0.0367522001211871552782330773478209025285143522597035516468449975318261166031843661088630248519760162177959234613347035595
0.0620378801536109096421217018920931925027474230214051674206543637452424021299633012153244764106747359002676993171400860019
0.0888614548320427779787080734931875491604284080788181310161306516524694083838380102020678226669247179206187099682242583918
0.116945050090266256462423116686046562997188430775211858582383904354151827896526189453344080968630436602594580193227093805
0.138992174885404145799733371094847488469488614359700174381570099194194579198669919841027310870375408323249830673288552152
0.158078886946244115602246458178298241433476253392627942705270601718576521904590042769934003870909770960819065725767622675
0.163338059255591006912339821672566966007605406313695577244322174418882300603565026334827076635874771846548575305621083932
0.163680801888768371026001656474140692801910054045254779787292669174536917920555883225261775895258027824889327253735391826
0.145192058087375713927672991191932278919741141422564692623528432350302203247620500159790421937627792300879550195658401609
0.123454494919927600537632172956217082371661843250087021642996969510872038498396800949488950480962403888398793177578682752
0.0840905024974757948385350898356341073541999936899004664543231290866997288238578307270038252246297718142927359057206226799
0.0463382636471306017477203555845895512112924028005077860075509993058379322075314928200434056920449079824647928168070899409
0.000547104377571959098995132214277206514919035444769253367549212445028735797849314433811625963685186766641369055374794345128
-0.0383884841626966550627354863140677246909028143837426050527042614991168596469218546414349159711313245821854355205845511473
-0.0691827650354253193162053882347821412830494857882333569758102117740385384884148428330657324216041991683960366744144150557
-0.0917415596799578548188921278286350235508151354844871432814549654971699963529350095521823446359740430146958505500319408808
-0.0910308825841440204021000649244911518237251802155400556797112429522023701144223350943114713829857046780796373184361904756
-0.0872183188851214909883591971572542475979104497536476755584681852432539267982632725166443933847901450029518096082674623187
-0.0570706464662422760712596633939297386337538625023997762357273054818393915584449911600082316883026075152713857327552874776
-0.0329352501355561705193407616331587303771275625386887847405080851448547795579114024572703328791409022331581611069006993763
0.00287127631126713427286292007720168673021113406866159406019757338153295631685821707247783947912715638742726784855932055257
0.0273105787782659048590970285439716606972416569290496535374089035739855792999231207546277693669830524715193850830443537299
0.0400738355363525600063509178951301097770696312867482403666572138638029952425372285651595390083401056860544520280657964861
0.0462101983971647461474487352770483640321359753507627413654755268460467566079920700996133666067189523865048025253444947667
0.0295192980743202862382351990131516490008908923501174633574411197832206709351900088047670233860390716273042398376575191723
0.0172763076631794512791168576708894109740148258463797048356407398681154687607096268400180247156871721212556397720520443316
-0.00483396643041235268150524213174765953849910658456207645854376744638977363527245574180658151066860775727862393007855513571
-0.0176288919654745000180473249449229502543206744988760052842448995493499493994308445422942280235417665492771926664408799878
-0.0189186396532626378878864318632778510668621075226263799119641744252750483094440578686518175471262465422909074473099659507
-0.0181572812788046176243063336245320887004890910767829997403138038650637577586228761621184953820073458833578679300001117161
-0.00385225159386089328911230605693293229356771547916209957348820184251730111775647793052637090945223312826802852458995938122
0.00422854664839333586207595796352594035415427193304031749433503450814971362508474236658648982817237541455395675647004407099
0.00880877341392021439802563494889649599085128660052359664257543406591118702936783309575660976268281539747059044003731222375
0.0103244654808753898759268114190284734356438364215955758017579067011890624790822097944534121050994800422256532219575638702
0.00206610591584622026765361090186124728731122646187775796833300036905788597318657025411617187044151639104756832669500262023
-0.00223135335295121480997681074343855484109548260356722662242256913835750618882455412013604082506981496784454962798138017815
-0.00421833540930263558694546227277657211085672066498916953526074943855317857854317686005680258884188137938124470725640485142
-0.00466734067076074099946863600566664219237433825949882724671349463734123100269938101322460451430498922814595321304422798989
0.000382051078104034835618930227663216863873514789948388392189088702666263186968141263651978409345195476227673929037257415304
0.00261047604805290039854283755777210399119933180425894464147444777225472658541910209779568912449413571691080318728132526607
0.00146720391783713409906262618356311816211331395832215251689660593717865994996172577311248023366367223272734522358001089877
0.000775229897933953182926198502420147783416045633425728901898432314619076663885469665123330091128394531118429707989444904937
-0.00104695872317687316074474837959845636531930332199369525385549102784288332218534579474667057760268795384831201102550089066
-0.00164394595369713198664231998752808619099209546574579159307323966634336925485308033765583486816627138847886497897440921869
0.000348753143845657075427487878840227738696895843966079891971798220968165992803990100682542288713336309090728345260475990892
0.00107797435342820824688694736297213949858895261406055558687911080709286291590328514378143438670169034931884694153418054681
-4.44005385491065263570384073004952828300066795367413981613875358747146169722752091085749402821411604998220263778698666004e-5
-0.000458877530096690261673111526533970983551424012681934019174374815632022586559750591064592613947779730433684649502729349183
-1.55611243047428249766009763546811079412638356826380049095719117613508314139576529238479635448491167610084875142932600465e-5
0.000146448418999478094991901723802857995783941863841108639999254781244568832231991207232739142540381293252615713396780489615
1.12617687431186929546525004808464050164990093490642246152436144168030318757364072361977938884551366695952524061174534600e-5
-3.72637532981574775263540574130639361225254599568307251127561314093616778622377053479264267143966418135398724420007723299e-5
-3.89558433778680962927915610432941091325081973538102532473868994912226704305072585650791865964935664654540128877181632760e-6
7.82492334500727633455789093886086149724417137146365050422854139083732114815934358703577710682889140351598314472378386714e-6
9.65817340745236625119854635395653509926609190879254210080424183997984146196628018229222426158192360228736153921266922470e-7
-1.38659559329361886100417979303364861711248576848491939368708244920429701749343955232504069569313801320948274568213628880e-6
-1.89638852791837302710292992425333427344198260794610773597394698886232386594958487830404849801807166955172874550665295795e-7
2.10633828774960028880363017687349779601839533447398260479124617992071830411664210536405836051263840573822555071439673175e-7
3.08221601257407468083053369318651698829712135950840730747774413255096568265619440933729829033707681085219441727436619356e-8
-2.77538604131749707220628485445011249242606359008720871778120944042015292137065977648913514696978393702209788558339604907e-8
-4.25193443685856419423778836204199010399987345720534260721499144353785308235382644672645604924225742233025093671067824632e-9
3.20121612046164518173658904527463854287782301982281708805492065488222345586274200751957287828270021772629310913700620011e-9
5.06042508879275723798171676897818285227054275128577473680807569508875608728835393379105796094942461353841330751621395595e-10
-3.25609964987269294362913432036256661274390853859437331850355681446871348836881380294617813732998679814474014015281032088e-10
-5.25654334935766790490701894575208418777722036980218683935739248929191888679907131266980906843175772678806838345422504713e-11
2.93829657023292315645252848388538333822724044186793600791661412887661633365555867304024757875063222173023783012613309592e-11
4.80748071307616413321208842885474954444266796304732038917070035325468230315390761515194850911292249107121591524235300006e-12
-2.36430031512848186511308744646384209513068580264937885532234375991836087390287674531115091251735951088337104103832448416e-12
-3.89773087388134295953359579813491539998300996672534761114792484257556175311789244105086943608146565725704234211102194703e-13
1.70364185666105630323521317198935888088337437402246012744571601889973908880856502656027144959712352716626860417489733688e-13
2.81698374685945960688635071192544089417610273701294545731863079707792492016521370719028211967441978110521355195696594678e-14
-1.10335714597857814833262872561632179560849065054098315725741597705731239100840820025866212729409948468901985788616494098e-14
-1.82312925513902463901096421756960131759811508324243378994074166486177365549797224464864745585563617207040725319412337347e-15
6.44307642867467853096109926469192350144489114383387255892420129771244999729238728676764726441980770597441404492588633545e-16
1.06065760235192289818083774442400580754357535620128167481419978883074630309683754222464320523102568539377326891168108854e-16
-3.40179398186373589464739716968855915507643461089274334062340983763589083732882886749261409332090311369363377950734304278e-17
-5.56508673862204068600325502215251595039355415044902400900744159831801468449427452780931704759953261878709612109948973225e-18
1.62782586025553999879560130549400010959329879643130995803356523252465969304255111939587385477622222677170754374238188038e-18
2.64071306411787400518249326533175155738979873479323907455106756774521903877102780505711449527054456628626166704118415335e-19
-7.07477041138718875874205392657800148585054567584352447991075110823143425956430464754343088697115555986391123561140465658e-20
-1.13598239431129799980506694449447486432879722084484443461199730635005896779856588272945865311658058067404575928539660008e-20
2.79788320551979752613704016395898569342602818926401480316207381926052279008104539691441949229225320005129928607959176817e-21
4.43949424077750602753647809627332274022090669420312503418769170070741709252082976854488914979818502053591703259518077495e-22
-1.00848873146357179725822419798601448039600722492538652219567179735066691101338218961985442157810466610954569939883058924e-22
-1.57906386951785759157259706183047088846521059813719859085205022179379437279929610540760925747771006180765738655277195101e-23
3.31789414676779915794037755347281621826222702848950064822294390536067549583667383245895519699683150204719863188725215463e-24
5.11989914355992663965066792797486092230692694236108011031869821103291915750563295880176747638414136602241837579545452406e-25
-9.97592881174146547357185250169741709403254506984404700033638719993708049898661171042920920724124925289101655805885030208e-26
-1.51537774265155667170624692116473712146026203892569096867311821109871426004909535697199126219232649454296829811537585305e-26
2.74425171873724228117241360072214024742657334466980544028239457282175094159628695104982058641356083870569575844770692540e-27
4.09922415815364991489801192027921038849134366226634693535845333771074742948601241003421410367113206403633429736339148714e-28
-6.91340731466499062953415448422637268239755421645133804986934259739073839142285176818536958521628541090665803640475819145e-29
-1.01451048683669462323805040106375414675891663348181244568350593861658613254066792799862879090030850772685286445933005968e-29
1.59631382922740535463921495302744097122751094600708134690130852178492856752145094471916639884197494885032792514770723974e-30
2.29918744209688150929911541521011619667828082531378769963709451864358505158286097550068937216606248866087575744060540926e-31
-3.38072223045022221937495248806189463768211522521324916516122281034656954678999479516646272734221528273078184749918580410e-32
-4.77513298786175449341539194702667138362188696118585744735015428960177027888375916182423434127263777013821030482632239372e-33
6.57087654207410883494891500557575902034379206952103713414985990794136480988145428135743226420487034866648916617724741588e-34
9.09423096344542775864184685388318565335181923353808547683849406629407790395272179206062043537173518659896626660037763698e-35
-1.17265581794150893041563693531451619902739638814075104712426862157987714769207243013688970098088248000234724079706012829e-35
-1.58906464693988250354262312450290712052124436127750153901897461752288067290998218463615927715350584603339917299880739174e-36
1.92228512788096149568606214573796598358194754927783386657288344271166642849731106618313622774930523301962518957031156911e-37
2.54853348065940111044060809041614096708393763248352406791781796685377652306156095854143191682998739236172469810420677263e-38
-2.89527125529944551521686298468351896253868846172612229508720795311764229209075962074843755356825775436298786623859604280e-39
-3.75271219369388061196353693160550476483699858494700797824636453630359414502178512823621804669957452686224019694719037773e-40
4.00745227784428193103328141464610078616951396378859125971907781024300143004954741057275808898949740630020590197816724264e-41
5.07453174757522997014745345363217412359865517498127743944466540928014518866742783315979288293389933295487924770631994562e-42
-5.09798968315241752479171207262105160503365553287307012390425068522615865398387154301146769669673513653879523344688462679e-43
-6.30217304696635575083925056482563503682566196719503640029421552473668167485201813801658612497651652350921705413043910337e-44
5.96054742272971040305601140501721435044425065024498111765367311177915016727284936775494896062929752089569527513860907935e-45
7.18845206666847389977744143492222954020141864129492266222764668036062118710823833609920778306986117837950449361720858180e-46
-6.40467180450331205668845946065020793048708118576498471677491983128447085716188016403862047093126518347862609001770890813e-47
-7.53005543263765305935881992275102882589009152345996957743083752741659368335503875482581327117474693305741238935283265814e-48
6.32353872216081453231751290141323601895273355684150841072589148808446994256049132108936662915835061139461715859569897706e-49
7.24279303226244972886075945333888864380152663837826161267541863625035909443118777773557977032229278222948242732804423070e-50
-5.73544588373718226107477260636882934741477179996802076594505529582935488963933009319369224137334062680573787807462395879e-51
-6.39509340733570976702518431938999870237157131315115540287821066275814945745716826059329605765606039589519182311565668122e-52
4.77717177443707615753906197224648994880566432773866988209414279687296775881037452103704942352125116743167850188391909771e-53
5.18165682947507340641549930471402051067523357502052847306314517675455756989045795153614210491522774481185145379321606860e-54
-3.65245995851257704398394653227603876192060314359583574752798265089363184380699102646883568093826399942853225744049398695e-55
-3.85104924876212288504299256627078481712450872404811711767559113474821057661417006025415171617627037624398610648054054474e-56
2.56203921191428317098986782473783901858347365016563421134420202939875493361542131744362629339722032238919527220116949980e-57
2.62388507015991036757304893404148192368300989739062184124796791458516035889345979934332362268010671786408846016945551819e-58
-1.64780559712503790507303590810226923520939081790535350039637213514142783286987288854193253225070987597880940808662658907e-59
-1.63791098621314892362165603874334912058565815460685384251361861362880947109153437302671044604360585009149592512631199357e-60
9.71042652202977130821049912135662099186775061487694298033662372273632959061968782963765802558510668606288793507782940653e-62
9.36044195649067111543358237452702336059270854919409255968848439153385513008511418914340039774584119323773802170649409453e-63
-5.23879462856621744552186052671190164794317726305206226504256792052589682267438079583397983590352905535605703002225325515e-64
-4.89326145521433767913529162555093448230998043474801333678116133867220127979306121644497498693410663812847986917780316218e-65
2.58516412892145989807312175853346208427747886749725348914375058225300193219391013057622629538264909807618294679951354154e-66
2.33767658351851033016569118574035011613582643473098999665855664098552681171052642393711777049586413205864791297065889291e-67
-1.16563732319077323190652714176286096338913817645393940695780860806458311988579611929373611228420186422003863821745414327e-68
-1.01951182884703973817211429504615914344460036799582224079547041411477454343294394290559735210169918082312803190111880837e-69
4.79690798413653345591772770175195441772478800503106330043058496376327554960696872126037670091694767618483134855884688279e-71
4.05421570384433905821456731602657295118122423070242033155778393992956281774832152410115081568900688887677709293867886782e-72
-1.79941723804897319825952569332118009103265722082014629236305508155712109881465060315914211583126102824878531104611217582e-73
-1.46810331122366375065807510497570498149039148118066995522607323087511043980844361266463075264601462502160946756121901849e-74
6.14422255805115050223094260104638975890617190117816059510232739303460955493115514901441704423266153083367943181323316956e-76
4.83403211024463066516148387531277199232425402661716971800910585717639089215701785034189243566403338780782984936574793370e-77
-1.90676126995879263635505735319820197663724353159459263127065978752460230559400590564685982270401480153012869197666886030e-78
-1.44500184903497799937030085728129770164658095518786023313829172700367209143981327480403718210496439199900709488073555711e-79
5.36886438714872496670889143891275862249929047735158937090675170825835767358167064787079372775217568614441264008609809964e-81
3.91440259177348456654254574182614733143738156976408976691743263360243920404839999465116603828332372807198349683394846760e-82
-1.36903478335451225188773155425349628863753241795438813035289628379898421854615956169984056932500240681999532825991295353e-83
-9.59083063730032585038250661521679348425155400580626498883918118254995672520158682503503220381687618354390868175404996980e-85
3.15501687548123541071120512642149752865055076808769956866614434962169225933151741320629828660382178954331026632387743549e-86
2.12085958115697969503063088318027021181986098616098602129558500529219295943840394513716548552187553558201590787916148915e-87
-6.55639928658979592520674854529800409913739634125001668335534201328289333903235932480125223098552241339008827104004765754e-89
-4.22290487347387200615729043085615171576534060977975180771342179249902894417260356412509794249007179859660001253491459185e-90
1.22554678873467324437343676185761399520115607529360105856591463846124035872317739359385460968320021789682466612577679304e-91
7.55145437294553002261225406345816551153200950909207197462903920870532181929761511817785292197840902227944440750298301550e-93
-2.05499931045545551712485891659697912359213965130821357475734893489914660664774305882830338348242380358313626871538735380e-94
-1.20929413340179243392963282827676607476652807540353062139816302595323664314668429822649714647253237598439120832213575304e-95
3.08181671955039476609115304990621122580992849769148576646648128085229547852789197750138447684740135177266271718620044169e-97
1.72881944835991001891749078109465473439636604286798449732754979877917066022795430098540686436851724515159805391073575798e-98
-4.11979867314713835481096383252020966320209674219487280798582694389312867488245081087941658718380906567852954940857725398e-100
-2.19874041230182415370026374014978493666054570878470374223203461609552522841446963672996345341933665682852802954901306521e-101
4.89132915942491432364315421745603282240862503865031576496600537224777251236580135494009583334860299204591826197752906403e-103
2.47817395422440215668905207614484935540824834574927565503779398013637161203386003882134335989713613610002577834273181706e-104
-5.13680249320593101014027173620786670162291837093514399223080919290535985116166816397420851487320093867308809410041987408e-106
-2.46469606168900238885067004562839605175663490323155082045309647293341780278704448911808366207965109057619476221887194867e-107
4.75015139986464207519226911631369094100206485588627432244707892938058225317055628147530433822132452146680254308109944970e-109
2.15275276440920780558498281508981160260681247720332046844368418466747280003153591067419007886042637421978655676233995874e-110
-3.84833810869080143479486633213924495827266054225821617773435055826210777531830530327783388341562498557460953732923441593e-112
-1.64248115893270516853305869792381457698250609472249278470712506882752831875518120470175902677797869253423408982660750836e-113
2.71596166852096077878201098282171860130797898572127141874160645436541973307137542113248244708716974747667642408189139128e-115
1.08809471959604413845195589032014522757170570845161373839877208316215547489920879102013386975200872251783037223509670994e-116
-1.65911186539669425042989953288271776228655189114002685088986407297170413603785382701389805582223389792100954170136998488e-118
-6.21631552998947261982759683747719599026440192354615453867658470354327712842133412195483390027431961176059381669600258593e-120
8.70904071507807262958405609215073795303259891748766179635033224742022974828976854730040523015449709766585746783835615979e-122
3.03897970128700359128808286010825636314182058177185317701231618775131782338979162307791205243559159442861027654609653092e-123
-3.89580221372267978360801421530968948230706783879628941547250711752025712261100327746740263337028062850441389708920951900e-125
-1.26003262279391388607021687773641758833617657393928216208659389114441563047772460712710127652984851846556487904149883251e-126
1.47094064104373077774782309855743747351243860312541368458074011797758400110234886200098822414847256881397520958137026973e-128
4.38547209832185547830680824726501643200347272142687398672220360692841087337404824232164394426513448389880067819319789938e-130
-4.63581906379056252103551641446437471508255477968207272555472442128238425371545998526667177477675225863656925357677809664e-132
-1.26588583561235640891678066143832878830314201919662183982790293090529263387361580805561447236697092717588919368341782307e-133
1.20365251941101539979273211759517121002206133538905319739974710156288847390538518993426497473825392084775291252791923618e-135
2.98757721323340433022875081160682865426808060989755335317942078780868843216182375843531164130777784114355325040682926623e-137
-2.53478192388476115183990181685621337705226342235043225443328470649915689585468768355161024926096468174599573298998460134e-139
-5.66697531087576561453594013632462670473837418579682798597246538127389401036856557733249517402916659762406515889276630065e-141
4.24856164609518410712412427513640572617270019421077902442162369312385488474468751289050106472521494501683614718119726682e-143
8.46070811715988161195363226910059406362384144050556850286980038985641025323961636036416232986264198961163743455344887272e-145
-5.53716135362492033088502493409732497959769986122244178670477538326088556188862645192781452790213500300074336136983328020e-147
-9.68620815761023823217862500908026963836974272203955254260155649358665345682067380246451885417651849023486381332479984088e-149
5.44875494395693394267036016759927448367134657147695109366823988662480855067970516874648647598860888077944721833705255759e-151
8.22387678302631789220825691523485527850966686085328879845031554648497401501807532895339283736138711710939968931566498539e-153
-3.89616880852575064825282077648132063464867170541561072169516759055023372207357602707213873936146765819336616385659562821e-155
-4.95368608936011602924294614125791305889140544487528705793005851783638465325931200480720331793324728658276322847154036330e-157
1.92211551129581277397256647081103641420518817415924546110330070879547977501566213569849737251703247600507616301027160412e-159
1.99059940570353599365662711008548472953114033281404855565912556551117820845939062345953677991961179599722607303784246999e-161
-6.07434868222012405010118175822262605693966924393739386326859274811476876467790879661708223680516515138406350684300344721e-164
-4.87108332401145828845793033381899563806304211466232154383521411223325168587551503814099604902509482691743994233985132352e-166
1.09617176173713166237116613643319363939577333142159355550120025581923909958382060753797044187125404151717019688654918004e-168
6.25093085380592289206129600093693312627017553459755548051941126440670776416662774435862864650127714768818845000403417586e-171
-9.22318479970848180676573695683219471142417010319347093365589290086753095570355841770139957737704154488586338609193502789e-174
-3.14173203205087861716192887451532916455187523595515411426016196074872730603648057143806491329702643024638966610172588135e-176
2.28005732791381962859330873746736775779968674063498281990490833120718966989147734305677348326631125069352939863748511068e-179
2.57742769768344504280124416704582499772772332031628561407237947929255202844738433081671415779975358444390853173095844147e-182