0.00504224272423737517570768537617486512325159321214728630005327248135120551449703851555758806561624092254446081474387023570
0.0190543036045885490644821302063700904851491066947408890698938308866511019303318927109977135403374739747643645263266491839
0.0389519725835697723194068160641247157355854531392603302398748086688734219419031137845542712764218666242099066753297805221
0.0603944549994354861779521540946002114010608228187972123483055614019953539299615878053861802649365499241903889685377992036
0.0787697177145577308459316466711239492640406331722331583560062895570275947179479170307816551358264689338759232453947853748
0.0902069879695765882399823180526064773176855668020544698831511017170445290951540599453104496981513130611986829123639309318
0.0923732431457890804333450812615152184222375761938594706765021971124531277062906207703983104751446927275436544657307344818
0.0848763239696254879960754439582706255886491016034415222246611750476256153363830756723996163306007675583264000672895574511
0.0692059810400970628556375999801726665625775390814922538547513836959684201476602814699028491392911305399171823884669712809
0.0482637134045055122775071971209117029017497461074526029198534794208748628148198975670638068844554970956178106735179593004
0.0256294654939313057399019239984121454559996630989861187304012515234389507664076717190139115435304762336694117573141109919
0.00476353062102277579427917806008091496318808994954980169363063669395817705618850182806525077619572288498148816864462573720
-0.0116639837668162234939545570843636340299785078185260165310008700891585436248507689895791573771225524977771883679065030070
-0.0221786540590973621635477765872926471603298491597638995508774059106470708805476862065050999610126192658833263112220056817
-0.0265880862957770058323686874790571177860519138577861216283289840359243744850291591973654873455474091098539746254678239270
-0.0257807479978154100013148492080420561276604490838562525802279871461157648251321206905906257620993604176780325936884821015
-0.0213336243223029779025614070849866980593067175707024237996853719784858819466192349065808361223918770562093075099545232725
-0.0150544318074972181415460049019249269844668064971697681731443779235289295513042998418630244753684362199118093965075768992
-0.00857607474371948359558243594205681735655365210411938197381545060048683969102217404451824844963296229088491904275640663036
-0.00308431935496791130905792416961977067831422112892500103410272749314226736054445059619376901474193811036916078245558447315
0.000790374358486011378897297468315057227406947661770889513043410232614985777883258168832091874755948532314599649202391635159
0.00293306684827313761480860811397241888492561280711888790805795243863519420751412977080942887154292481978273336194417989203
0.00360491611630613359597353677257630841279349708161438731620848458363527806816593498278043583553332713984927854547697156936
0.00326423790100133189236081430796129772851085975114113899430359808321295510595776132084798359598353916533936167034168615059
0.00240135586271751098686252587102074895968295437067983299273231305171022869331768591222089846893025219175147896261556194113
0.00142171547309620148233017212153585408612731503204954370097107710188911034341413996228398945869418338463456889646346287472
0.000589254733164447970851224721289064124922545257371261159081118280905117936395552054023045388072077130779498427095024075239
2.30998673247898339388659562394449502296724951079027312982822353628848118667709582240879384790095970241510706133887543695e-5
-0.000270534705499512588179511449227428744874049058473778867667049706259442687822839532042372548428396509424479857738885748745
-0.000352085346500643172363024277469069782883912738804488773964258811423953325426308044896068776968845842031891768312891905837
-0.000305067106731773227298628174845183169052655544953744342498253336814581790286887048436241586301350627645423311582603777731
-0.000205168985687477884921125599932265955494416913162040879814270575042259026399791867483810670002753763650782747117102554482
-0.000104782174996139697100213978615888051568663281513486620622317692224207246653706657066932899748049754904245769017562106717
-3.04821963749493455543858804960867593141033136740903659040646764512830320146366620733743606275205232835542885754954714571e-5
1.15126755545047839441638788500431746673239230811789225030582646967072133602050233054900950751042145747105018456573230581e-5
2.69662859819692676812773409739398953970707829202409041717014546574019996804680060030450509259492683864344494188139920353e-5
2.59928018742911157042799109267388468634150079932168463534122953551964935493263234256919496511974774156246622369692476656e-5
1.79685695376406009432343044278435743043873832768275100527277621097531026174766072544046155391148907978866102494709672579e-5
9.21980322994304075717101888997876106756023191614599029695889514442183986890336246119212145151524813760489484798919466985e-6
2.79132522641990727448392957737614092456943598560699249811568676698798638569742218988399900660428779622667723287583471182e-6
-6.84673068312761848753443860176688877295848848313892464892287799105011550480058777899273119800750040809250143694088401669e-7
-1.84980511401704681162780225334204775138935839072928326586809967466133887530931834387940187100649175255817050134400240850e-6
-1.70434887843395456865208288550657413532164606117086648234738925273973931738275363840504983892212751625248699258486191059e-6
-1.08430169115945288850552611210576538325739312339666386002957410109567499480946089567225440304926943367612122010890753940e-6
-4.84897977714399564752924417150423418349856513459500674855210348467209577162975562021506542331335526335495349263791839074e-7
-9.65175538510663346326248434665607485785848369397116572657905813477683991642254362451696240415409239728099860010886772235e-8
7.83348532121469275763288588046793232569164195782714422703977811464600484962837981823078916219389966715571362266533188827e-8
1.12792106348167420761841104871464465118532543400617405403211902405947236474805767874726535040564387396970577265667152652e-7
8.39678168924685533131012029164980925303313264148067876664944609815415370348462352786819926188090623311990300968064728255e-8
4.30859838820511603961569565717306167505448078029580972556149390073503704475234646070878627694701075335708639443996726390e-8
1.31190977717570010648070909607041894954892666848235887543004799411432793786015070343840646027010223877904061203434480053e-8
-1.82160367426665278539442215105267741995709979094737220201003392154357856622166767705461432501564328047141251466208695984e-9
-5.98171249650540307919433984898377597337255751682357323479520611606203120034201304077142400956666467908404432056221796305e-9
-4.95745804132547461174404244016539988597458462149221383500863919995783602558944813327388463930818675070319396702149534132e-9
-2.65379534885378336244204173945684154916798746902870918829764227287278120898180499614148391032703201287028804627804679326e-9
-8.66197777471514792617159654083296805765817200965322323733615141950388304051510297920003957492400909048206290163607908599e-10
3.18917823817319968114600129372483064468004086434207084535302050889213575784899200178392970295022986103565595294322050307e-11
2.85462239540614377320258641789264567892593162765546340193455284750203604283280995863120166803761388641830143871734360947e-10
2.38310896687300293577406368243795466837706868903195541404011492684244715714951088581306205323548997066658613806605921833e-10
1.22225110449700177656634582039008708754230582557858737955396303295114740770153670371027852612606130358262953705539116421e-10
3.62303233211430637483092067809585876056704629412715074127854240658532925397730440858434353170553473243112708659295145626e-11
-3.53883575400775610252878052101939998283719774899909170937990820049444296684067369245312864365918041219191584515266529207e-12
-1.27239827712368367927296553012265336506817721600877666937234495447263244381132341927178330330272357672246936811731089223e-11
-9.38027659996893552077029834869324837151663847640156805263893027181279158018282642236658649771615406114277163781209417216e-12
-4.18604078182295498770951744588292379018037051443363489880939556620924216195968339723805880070612126200047720055082634088e-12
-9.02309704727606490597532324549552279263149102135593889255034140777231590588353981041058719697957328125504797500683601401e-13
3.49213840348337711871379112851362451323309059235770111513345261666263601871588280591289087330741672913832027874170089610e-13
4.90512396918117708502261068519264848034125710861716104396292436457260775434031220797890590572377480302260353799870344702e-13
2.86918441791394341331660137984235639150780708877157729426452935931217625346181131066222239197710726732649782204768328932e-13
9.78363904314015607236418570976762981106231300353473244650332971057234126949196270307400948216107592642459648562001627646e-14
5.25236194765172666898943803171082202625108587416878559392593857808814502238236338180802429406566374378253639551369118481e-15
-1.85154024711101561152634809620924713925677977844976770307914240198785909850060990419693060850130343376927135546007657767e-14
-1.44195641033648817283695683119295988721009541150611080240300553369770958080627538453198732284282405358669247747463913680e-14
-6.10332613029102936617275700822027053134336760127831467891436543272044100658749105803485450964130641801177307221846786578e-15
-1.13849376812443152017711907368973631602804630233859017370282696096308812162165443710350756561723886660248483591138637336e-15
5.07784698689749177030578949272554699950121360444359273660639991895108923892010299292448408223552228845204863424553416792e-16
5.78007456348658965559225418949926560918426295099815872177041066044922039466531837611240632924258407173355153651913390057e-16
2.81331974794402378923735429080413044059329323510707134709943238601433442700490006758946834672782485618642714066703741237e-16
6.94458593307545789487224171610826019909625844436221225539310932350938239880503769351561568795403998041006234499279456757e-17
-9.94967001139081113690495752270553237286714411438561810990531916717533915356186546748063673478301596869555766540908737083e-18
-1.95604905209526953386109075925464418333687758212973668109899230288092881268607862068352702479211881357964618232098703634e-17
-1.03789020518281301367468764845737228181949282999693302206318789771102276362936919411728089683301467138895346604059216680e-17
-2.81530182953530422082103324094058891630628892625214718337136196925276573251370759692604921977982844642974508287008867389e-18
1.51877564973203763871599323077675035592066543400203162059103920996400749710481091196606382652039499252633128316723375844e-19
5.84456151357403515263307783819830627265416555092225325511128675270978487666067817433751390645804586992857676608767435998e-19
3.17312251003863351448902312566098951670234727519935414403654010647973996055357340674525231543663276534840095913491381095e-19
8.52330249421111172585270428833850089258054676139549683895074463806853299010408995502934514045353001612731472313560332194e-20
-3.70610612254024904135921902298440959364921140227777053993410484112001129602470955325540199014680621410896272830713293907e-21
-1.57933401018540447587254264628351919974545426554699916242948770874298510936280000976105248406906605032740932541206361086e-20
-8.11134800105701160439842671084046344208918638391276796760798605823132948839084761970425423004423114979719389943969221502e-21
-1.95928502949390248823519774641968740330703164867760955023932631576486500549793812638287725093214549041778751714629930532e-21
1.78695376394663690976212639682096894370074175591445585255666793582774653967539517912965769087653363803744002929605374535e-22
3.82139454274315695598763011674026738661253409522076000513052635048146636795268141694247148218444426745359506826463370010e-22
1.70918065309909288979226660313934005992667702754136192321050574413284220401277792415737296950977792614120403502092617571e-22
3.26634222243175676149664088464200568135338293447548222841755113657679668658005806288505586372827872612884192087922732643e-23
-7.27263190298366595097644032639642869284328210391784480419756977928049433010956078521265682264957151664035282519149350096e-24
-7.94043058523269343192844258515092233081899681033425182417706077112166646953285807937399523170432510789765365491839254362e-24
-2.85451352086888665693124912173785535744624120347265101109566804696237265826871998209256537867105073224609404534169278768e-24
-3.27120078348556237794941085789667510585222986029586492771521126210571155964978063157569427195946844441900915508539576657e-25
2.05879660056730820839506600284385556934924924218951040566912699311842378676259310545608873605769072250611349630884308959e-25
1.33473530270055424629130846248988728436358627144549560983580433101435954392940276230200036078990020549585352655525160417e-25
3.49679904954671289162586882462639115729743304061714164018459158920511294476799426422364541218917921861946514530252549835e-26
-2.22667354852207078505642565476457133751810600551368190805118873669659251420853060906621414710970024200466572697155619103e-28
-4.06241605977851647586385307416270523176162849832392032325558080389914425484342325744999764126096919020323058399974690794e-27
-1.68636440748941238713946144384569906699125513602104562103764046704338350844641638714260991368672059014832929040672573234e-27
-2.58510178881093241314960429974947912490648828518230131715960807041966281173099382163240700615983052705088132965627010879e-28
7.25336152524305284387979898530017620175351504822079102102495064447064819072718386777201503907178768363412563473588942415e-29
5.52777253255422688550612103457058704743489073295235308397009531994979819764653498097500631612062997927195641138314779329e-29
1.42800306121723519927538376906129431992014571065157408853998014684224366861448576575777641101297614408498403035590802778e-29
7.69632204126086979873176349322429343104403368640203642491144132231545508953982278645276935775303571141805995992572778520e-32
-1.32162718880689010010501138450764879203943562389313730182031515297152647551430755096534768054427277062809398603878865872e-30
-4.90801141759961524837563246255400699320545757295195588044446292356103586165363462557799765150353625060059540158083528928e-31
-5.75726185039640017100072108089788219169731523225974374472378697529260260437765882772605907776557010184417695234287198578e-32
2.25382861518429363445371768305318909821011887226456258710652914846792141591923045125747083661810353409049601228770247101e-32
1.26147549841519297933970371987579057154307987829208584052104927717941333005990955093820327595699418639083178736621885673e-32
2.38457995869546481135143454833175883241860018831419966442979426832463503722631526431758191318459889932781204699156354559e-33
-2.24647589124691846707988988992780027434684151277101692573836697022287999178991207918133178039085296900104993571955492909e-34
-2.57407831086006124289339391927086559771081489607338488854456390324793955761921807571745618180220229472645269971037728709e-34
-6.39875509496484236340366787442199496147048771530252327671378704766233656649713740760395279276467410860461863986375686480e-35
-8.28019796945521099344958232665976720015882200960187653429291131654025681969434264854118521649574246668728667915879101728e-37
4.29422263456340462997933989983140492097198960804541538419818303812780142111529061646525637169301458164134794274287288045e-36
1.31701997370886018066514532393086888416292878516901004541112789775641273209662256098425552168997873065741922543883386959e-36
9.08047352164991719328589124122119145365886093332614236249924340215641351185576410490906737744030634641611778291162879682e-38
-5.97798886146779579643478144466527631069026422434467357788749488804450521586152603071742721840657363019628687057125957825e-38
-2.20201110960001328498401709448605317339448172694021696740290906271078850584135829322288162961448984441832488295807122906e-38
-2.24374847769155663796149856511989849617100317639656568290417901811670855330355319329554381453139517129232214368788513263e-39
7.09350956167274354281384458422614411852247602824504716427906505848094711458716069547702314406208851473044047361966601930e-40
3.07402627597177190964458994565032130190820656532662686308122062168083309907250623596879815103749430033145225047901892635e-40
3.70751289754464097394233500851738986352484551739344496705037585771045835210264882759808781048975932774679127707072095243e-41
-7.38038946117973039970435479400691683232932606661600442604105882341876030157740069513824336898327488507792159035020314997e-42
-3.63560528160027906451956427614543107329247209585204157149874274590589131485036738758425408566609482960247819284611324503e-42
-4.66642503226307175803621771706344575544555712941292784448480759560701237135957105059135243578971677349393108056786183460e-43
6.97575459726548978977047018215621263316928322800184765708764633190036563958516475167464830262564715318404549139185376602e-44
3.66553928750326175191655744712404863818487067410382684238556897129442013222712256257210991489282183164428279618672651754e-44
4.64103300432159879864317208352928947083860119694074437483624005617622386317185449473562837301730472585501367169038895365e-45
-6.16617765574204474205918735858259618155619901709384998467545563208780148992328725024373767236544207423701842308500794948e-46
-3.14750817543056782228928859360699305763615298503127962738547748636395054144177153507794503772822512148160575764080298059e-46
-3.66799421940707674662029368004293911889558546733031792302140789302055192490445194984396202307033683909008638628711577230e-47
5.09839166451249283435115598838129243058907368403619987653758484404951609163754350069108643098238127886741555547720660034e-48
2.28353827031213389741642412148913545747353516760417670945382816529227177652253001291975868514335258845522077495046754892e-48
2.27138283498266545279654909380366071231107379037365155575146704441760298079435043639637692508108236312235055478743952814e-49
-3.81044716926501542655055837039523074967614450834101777086737666593571633832958288488217462148284496936195836004214617496e-50
-1.37950611496058496725077883782168962801542916332577749845503328822659405651789194155456862542425348361566375878724613639e-50
-1.06008235556960918253164378463694155580732786220141494103618423044465614748441543503842437567749764600550056401745684540e-51
2.45052125591552585101186612123304296776910203654464066045269202956478148310893080278184014607003995966184469985705136995e-52
6.79594610939372734312572787309683775715135119432053589119513024683104383236870916521458098130589567647294977236117417357e-53
3.37966854207527512848739842952246783003023099910149138418791107458793137142320220695751274626569728786700928612509135954e-54
-1.29635947250250174276116180847150672701235416563155089257375249577786915422533368788924453655143331319945714348909852121e-54
-2.65566632074702212551226101562980546448688265678035039734930498900741091035984527343652078348054828425878461799029309557e-55
-4.80987440131147461725288669826822548281556925754346415266151412200838015403590167968557832533962257315525596717753715815e-57
5.44155929694918196989534789566815442903938714683381712049816861004593627706655318787433190995666600521683877981460175439e-57
7.92620251014211018917191153583141565126942220132166848116162762166085874204222299302879000724374398551715532355205005400e-58
-1.61298507201842006940013673808791707514333741189301973598913099500402782280087751330537199188696380389228940179804347793e-59
-1.75727003229979677668459397078060950084854232079311311813672858857074564005088333681313036657092382466287247048980008037e-59
-1.70172808379234877885881014208161224540086482760975135617633870901734511833640578687616154826576492219851945122404439015e-60
1.26425524912201607594283804284591774262099748316197019972129103551096470801143711413287446075237691198303189802920691409e-61
4.22961904593484355563659321237882536296776738283430431555586561993762019478436443223936785678153134392142276050437420648e-62
2.30478585241058085795226601367555476763168156445368194724586868021555658122627294085378480845475213551139528704594787833e-63
-4.16380590377324887563789412179153481331487815314745219604580713784768355651688124783310249020961590017049227566704570671e-64
-7.28878576881529195973514579025124421339548028055182814257434254448425105313117701319034538884540954977800530037983366393e-65
-1.01457917795793000731998995256306769233184841726486977535110264154680938398729157403334278713510036929764969433524701203e-66
8.47837354558010660124114484294950323273195102746523332748951539242461971425410251662611201139821894512104754551324110026e-67
8.43107182712156923950190139032007614677995259878371759539256221903969938730570706881877481516241915312877373905357801611e-68
-2.79835498409158803093725022435248283896451341703819342528967634824636676711980100170572376921327593269979368220230854227e-69
-1.12474397699794806487861666125301067032821797426052557072757708715481261737381974160360611609057363137830515473003916795e-69
-5.64489794680994009396880359289192048824843916433446055621068183897795421761220371395878566110198986974666584156577986292e-71
6.55663052542056381648299070713390973297228890734370582903540703935341437580724615177632975885961992518609467517877268955e-72
9.53193101578345760601328998443540151749170938089789969565104882192648619640461295623740840016022487471554439808823772484e-73
8.94607399127138454363715404300212432892733319222217445070425336032280625874572680384827602498074708343975650492234775907e-75
-6.78491356741830853453194794430231659569641736037161375869957404192263215069822865293441273414171968179543793967077147718e-75
-4.75392520931348162633789976638496006222111305672825315944079439131255516488539348303357106547344212714180299992920841734e-76
1.77622414270241262261734976055279050506607904598060378650172093108647144138127747008228764697338708842249057347002081561e-77
3.92114304617033443810084994740016970115135305718771450717128850733734961985268778859232920200234831549854556445821111704e-78
1.04560730356077967044726738259406865380033425325478062887169401391937519502313034105617016542892165541085725292220286807e-79
-1.54708849209314684716329920565915087942364486946539149964804006539378983172838852662886824890433795143921713539830685134e-80
-1.24375157052318140232330191766095120966414729457591439936102965562973929466225842980807687208265221188324757235469729075e-81
1.28569972037719200037599929805398507682233550157774023953476732890375700608548278559152150258802994651180938752028690448e-83
5.62316635055164497195824060458772951088756166120529433111281650746810328575625320596681261043524101515707316853193352285e-84
1.79591436142805275894255457843696597163973944689269473081261529060749753820410781527067216889892870590257007899965892559e-85
-1.21436370878954085973484068868770390396312638184929164535816558351753666223636537548307138124150270714218974986365363042e-86
-9.86037473005944681883776511456702620715511806008221989034120397371913312864249130445739724673318261563412869291188500996e-88
1.05222700303621089733321682639462759611897607333835254286890871646220771771562100211090539834559903684909006466837769969e-91
2.43939757046573923503810137823610465419164437179921220302339245551418891539113904428088654470374866213494185635892486468e-90
7.21425284771620481331675080636198348303324934471839360278656428141760870444918212871672448335951779450535782568416418819e-92
-2.77163568072346386401267195372038672594347124521607158051199836153192579471222891626444174531082268304138823199527417023e-93
-1.95476680328231907817809076890911692720421446145546930741737143541392713991799635887828247285440244860582313649975460771e-94
-4.78396982080485852032979175163713801162890026498306181160751394017069371214740935786386480732822800772321801183560737166e-97
2.44814357381558677482568417519333757982290682271583478536096709507907353895746621815655712140435186546773886975153556651e-97
5.46106985225293886002155657202685392724190584738170028681656052672286269760970914686395765464249134537301571820042990353e-99
-1.33239705616173954443222773124571789985350575040120540528752293051364808628608795931298798822147325221923736052144504046e-100
-6.57861263811905038824999160816225784140901480152615645273220550183299242367160908328823603013552831417489193022964606731e-102
-1.00621859168702436696677061634328992427193243670550146935318652325090538478187685090670105401536343174847745074098216589e-104
3.39099299314625522821796304960145781829309072325103577100270092172768654058229627925653180410866662075493116332887428903e-105
4.37366035881898384707446352687603428727461530574165525022505565379298014890800704779181844634398657447323424190692113957e-107
-6.70916210239140430937658443829055146427542315115782331637403717273290228617434435498275758463414937746198940808219385201e-109
-1.63688115777482297450457849806384400328151993641987481879458468530498589625334914166290048621698142817914757444503598444e-110
9.16387275213463257355942948881678778158146303095715489874392767992481535911883706769446486986586618593421918834936219810e-115
1.87130072422759325402584126503433639033505192937865297031008126689235580896063693094243189247853226751212965706044276665e-114
7.62736167131269347379872856933878044226194495198329358561335656965823209131374036276757472424116945571107241595789124622e-117
-4.22695670841006986695055572966964341113731575580180062105910593322622458082530878566945782187728366294098094465709346274e-119
-1.41306708984577249627121189783141590576111801718632954051753692714358581248072558414236879696158621633625766556351443577e-121