0.0126541243985277029713927286906770759321904607608331620360072677063903909191398237112124300696947518928774653432963409918
0.0340515647843925360504268054063748030270941035054870071248065962763454248872182048837545144766347699309163362124079186134
0.0566484277908272467170934978665932339745646024829611753766561733639325630349605014710117288790505005867724128044149236923
0.0755065894274336576077472702317287529349234413270812187641484467429722433576147573937977007484086766727386109527190878246
0.0870972622541606956964673894331212313518461371211862413508937657977126056711126010674742495799952826806051143911206278178
0.0895883550108505365887549847254140332757322489860697238338127046332105447602399003462203535738385308740536239380175527750
0.0829600079926296378021825374310643348698263535644886427680578842030673787671264065857603844311285872912099544373237515140
0.0688031613693360907146348383717960890345238632320528013455378055469309719096218940966484546658678012807823749297536138101
0.0498364876729884774124574459733853113852677481325111084884434526742710890082350627384913457946062366650642956805296329510
0.0292602086208418729564495305968748344313602227952280615200685208268304186574323383083065602764273306710262791772910741339
0.0100979351138048963136513778512546886061177053197926555270497280657834537260150943867092570866830535794822411085155507903
-0.00533364963900376399135263707113669265502380552811315304553013787058713383021850659837462923815693866789272711118417527331
-0.0157327651001142639642744672882493542940788954798761261446785857601436638576389209984679535600485042208807051836583615722
-0.0208667884589611185268937116677118428231906206543628620817707726550974835142833375240355464321219272414325771870549463658
-0.0214037142054691154128838986166233278645699864963702666034772987265634149434618762591306794581967145260242966301553927087
-0.0185973163631166760099387089382949659643029088022540082205846229623982173312991077405344129596841286805226444069818933996
-0.0139221641424558525933588796978287424322414700817191423510983581990164203436619340800004949620196453139903167490437319435
-0.00874753108181363896341362670538440235872072700397319374089946824662552462339649585976443405159502643283987634100848042138
-0.00411186411813261972529037281529334137956070163898649698889587142913776993468536599140049905435257132476292185132521504548
-0.000622677885590623783796864302767288100589281656480203943779680982576398030830577999542086649357535564138893571532377910678
0.00152812446848098930585300555038025910991369385007729645005039873348288924330467343975953126144249043474997354527417965273
0.00246784981209025226830090567004964915681141656556555031106559695544419278596523748700802665345989132303637704327186510296
0.00250980075692004871982788296362633451763074552256831126617738004640910248936583115645057545006270856162383042606779079495
0.00202391070607845122363506163447127222689982152679601142430237705519476860802453988308186166475822524091930621857688901061
0.00133913763381002753941272286405941099141943616113748977612845935933575904864136229373001418363822591910886981074493681819
0.000689419291974909169186090781162856759160468081784164583301626376578961736653271357907948254166593174391096850392288273441
0.000200723358930298108471257286727177392651746246977450500995242983913988558803790249446478328714360001893246313409040202814
-9.24569196548914497372983322079966155061241004055421261248298587933785817120572522495976139163193876644548637154427046838e-5
-0.000216014062583063929587845294420709953509852107360659561342864123519650683562864751416887531701586679365732437142192058818
-0.000223670527222310672308244824551897198068963150476774299330443982753029041386425206240793638211657535699900185320695325050
-0.000171534229987472593156392571880502361976828243484725969289424549854719368756797224505590832652143040711502819363389922650
-0.000103194687608608166533083021680891222445810227792298832233324279036588986392909572610037821688992376360377287437948856983
-4.46748516182394384206759361369196760618590661733910502627295054327532660647444527501151920253901110099565975830504250737e-5
-6.23674141764046742654572812091404267665803638698795832217945074240049825678186290234372024602286475905044394325607949106e-6
1.25182979676204913919578758974205451301121858093909318181319589159640632707738785387486733103682346540960537255400420599e-5
1.71502526501131157612841344975961074281919563788426672344093443732162029279546235122057244027733761730255782819430470837e-5
1.41830031808215047324618005721028937492654058209273597819485785889534961719556831694747219758247288041476149202488749587e-5
8.75591763192480128478027341888175793194155636222928602092589609237144885098546382008166659811900537061034976235968021807e-6
3.88147955365625565466359822388368569851738554808859305675428957716957938774637838449837335566824293425281355627244523520e-6
7.14345170563052605189233624863947996649176061973228007460106421331112740329377624987934001688304237945743551610971320308e-7
-7.69107055821512498030649783054139391915189655511696700164411096131965855679150461089480598303976568017490905495064445145e-7
-1.10202411851510838004102125761661757113958721062547407557492226127665882350514885504841781267070059604888626346040171857e-6
-8.69733301016547007240217233991100106339339747269958657606171857312681579597991329888307466839219583218942170194996245771e-7
-4.92619601381320925442478789507110751758074548030253389600110116686077942403693446329566094076761916780998227099547808143e-7
-1.85925544096975512935967729531237648260710008666075763412754383274360564147977975078344040186734543177058351709763613202e-7
-1.01850294448208374286554505169034328516057796538167681233671789850862474554089390380113713707384802967335034378281520140e-8
5.61569486379864367994646999796561432344760453684406165574034481911842040548701601066737667728525520328528641203838963546e-8
5.93233451153385250319037591019623305123613683840919377315562278696786167979548843954937907756202384349342474895292259309e-8
3.88058160132872539865190700966821523784833225816060034928807161959822285704423044939955672553865900545014378798478710080e-8
1.74852741349921581762637987287401378677467992631656367939614967682796130575475941155154089737570365423000504922675609028e-8
3.81109994530472091631945243236949692797176590624581588196364169092899808577364945984858807271867902316859794630925698119e-9
-2.11328502266979740453400449731829739571856858115232642848787761581912981386735512288413788736340018805428685401980085312e-9
-3.19143247983104428657004521948376949973116608202915038559680364376764721461936944241092100807757206142438303702894164700e-9
-2.26999286835790000136121359988252178976958788278799614130819738141595529847728200763741804150957725799666742298005572461e-9
-1.07399571036333113849626078455578483643018872889134327241775268148492302862165189642524174437673347587182373739480719857e-9
-2.73035316561148514236446794722461311309928990835295871462482928785137285767880094160660887353141735991143309644053185330e-10
7.88752331047961864443381070609685886266528188701477945878244504920505420587641074393608769031469300577147700196200768047e-11
1.48898999885645087640430647209568299501690249961108995645058805602955676663711391291614630861694762440341208228361326778e-10
1.05663575221007720357392197484141357837568558849560153109660151669949298249460057729705266523309205065149220845199516025e-10
4.78280397544521636941783685696963203829904106848876097196193986732921047141048898921947124095188774213460077485042365337e-11
1.08455611835681935996464559952241950919299319444817568694952748204595612045728087395389730012709987657155949176511462760e-11
-4.03975601671561137735499975430774567899509846510440153638863630628097708249127906531308443649412029996961548740263535615e-12
-6.20195312261014488822034263327069212774621788233684834234003819415928243069158402717386993181031167467384467167274464696e-12
-3.94201518587170691486857428824900788615209892908064070791353467282516864353010798598653208174117569473374211093011014683e-12
-1.53911558750521766709268287712766439845648325025147273615648238941410418097267612673588830746526779881986592645228821402e-12
-2.11509582813170562896720432065259964766240540678790895399986769521017270138692809856865279878784468335280384504427336859e-13
2.18107870288382200039621968099937894665111493083613619758868944874613461209187046372335744139032566839170216137817942029e-13
2.18057424174436393703797112536815232980979483001528822521527825744009393921093388997008227214950988863443245524023338413e-13
1.12122645609466883663679539835388653450887100534563284283755037674313413755881892218879975079106120585075931449518593024e-13
3.21635638446906625849330817186197718843697993904688669864265640046408443807537632337497768261595424037966926962877133333e-14
-2.22674664930686151784344254268854810434693754388683529814276128971523560817599155717185243470210865974108769716187944446e-15
-8.86210781212924715289238753568219929630287544647130618908430540601399451270643474620327833813859406522407733651567065220e-15
-5.81545269948104918039901168311844532093268970075114803467726597883247724688505621991689876345244861683442076855006190840e-15
-2.15778912202462454605856737200243148668518232168033501453205266243754822993572910192731634916737200829613932807756424125e-15
-2.55100096376337740446354436386117710913458499803384945578514641681681068955888286615601292649353575087950447240496636577e-16
2.76210919190981381071595309776435883923493209540168760986569895809011123253416049489824602604180246017956749745244002481e-16
2.37672893607339772051813450279956867213340991040854990782241837105573800886057980790801660191565040433713939161847969382e-16
1.01915977087579947681301940705459806192546809701137102793916962824644475529858600450364228420112277901660556152424238714e-16
1.97524035249063091959117808260703614595623655765889108814184837662181068982109615610896610867803363893049958022711309850e-17
-6.93540142209298010505946489837819418010986098843769101898450732631262724401956814418787433431217459967088764492883696724e-18
-8.11299526633819788517853005470976787212902049432669857111945686514517185234742468022539453600424636587608486700251857741e-18
-3.77227434402255221768420681041644904368605632164880491284887595735047280474320994689714664995106784741602939859700777964e-18
-8.45296457613227729980353597957739010824564184560327638963387933413991226553514166914846417088199884313401286614096216149e-19
1.58305717799912930648462821682064171995309632046521655998937028136555574994092244990156818994932840584949193735807522651e-19
2.40880479183097674325058438670706324201551257054354104938187226365202233444633780535916934525569331580209955645829402523e-19
1.14054323044854840710336732820442270909688013564414701782909377875275855005415507474597119580740702320782883812969432598e-19
2.56027113963311451104286556763934495840729586378763622510706869354852559520073925499200239222603718818401885236003684172e-20
-4.06721508385317209228630366752011243067816272606528123531402754417060363203537036408583843675042470734214223303964461543e-21
-6.34868741253304106268963522732314078063089818385017126617053604180726633376361430947905682344781554656104758892084752126e-21
-2.84796350856199712865320967302724347533400453557331535023554264025594147450746791844477997792748666056892431610566148856e-21
-5.67863763330354832899509278131315782110265163322091844092201493947249124641235307669304858523206272489825171103595724939e-22
1.23691570595659044178514355811448441858225479063819045503708672962270229874094428080576755373864447721115621365735824565e-22
1.47382963079324298959105871373783376205288665882632079604036756270362716465301504909628849830791772225195260219578805519e-22
5.79351295848545486510403882701662165550225490594594634864071501484236717752307306299646106690736986577807660949729268745e-23
8.65050023810392119024947383419368991389820684617585659268420919351130417431122973768844499232634908103246979639074970009e-24
-3.61027789092312120761233395079661766321149834212157232695889110515796409853333627679834386208503796361059521619427226284e-24
-2.90909500788093163995722282213679053738760608335931080625739355100500423311114124590120180671366115940845871335003635902e-24
-9.21406514029774195675819689862631816067245992603589231052823751042737219160061333167501740562624477395132396549475659895e-25
-6.31806334193080879340688199365184422094402123831671671765767914285366343261420177447969220860573302663496953644682967650e-26
8.51531178962917630345968900979225218973417357374393828804500686708316933563196312134885733658710781618527323372190611152e-26
4.62114653823234029483202214135480215619648615820404686465232423648845587260884612070995396915075025417794011031839326022e-26
1.04794218069300190613376054439808405215099441566839665685547074858129684949571873120069476027463254241858119068955864706e-26
-7.56436660622075186418095569622664077908403441667686599262280772321543915316080174622396545239391869667326914203871696436e-28
-1.50255031521615399412029866513916688775080003823005289890742266608200128060100623765984672331078339430697553548963752193e-27
-5.48102849291101044373191830322464049890553986776172840283890191216588028174724402523489264400762230402709998977458066226e-28
-6.51088049907192544449614064190448329270370204660737601134746000018333394522212102651506404313025452789963991708646838719e-29
3.08294944012376774707259715083633652041961851681750546993149045610327736970513190363046918777100863518718075037815044836e-29
1.88239907469860448853122776705099712130461848270760587749947788679038320422392292876333933407677171877359128148756069412e-29
4.25782128227937529340118522972053753480530649951866416622550068091263661516834479211711098084628350254412954861773505055e-30
-1.93850831930296993427306098226589680839809415087256272662813872199656639911427483043358579356091223102707968740165417141e-31
-4.71687409387320556817751931804030862885644237280473367565045779143170874838181003744194064424266372704000772713474288124e-31
-1.54534117908624706553892264653313353663127392629144315161955826989796470390295251062799891053744359432411471779303059214e-31
-1.33575509593350335867096688706110788964894255032903484245425349361483267565416003664300807853512439638890576724294379816e-32
8.67586539694419283706438527989778070403149418119025959569496881065277638379109333855513413162052431116059429149352640048e-33
4.09534044794459377991145703786286432582752363672585845793954181292647824141075864900466106385209547902809213637492697222e-33
6.64896073933857556956167248939096927640180524736059034861841431552653351546385435438182924634541417781508164020829182680e-34
-1.06812842094826505315371810128048833005388254457118210553544868308954285123558363172512307787681216681186507259694482298e-34
-8.55220835812926474913527826779479716993836064937964180053911036942009576416151370737206187670760223313379411060774304416e-35
-1.88423821187580408527242537107989582820084975775986990009979060902587681966260778643158799695116896873729605010241277549e-35
4.32210041934966172405223928947790769729332541584593605580605938981139236935332731795084221256863192033805898159636374169e-37
1.45755751259709661833278130503756190115790949014367652950830328912598323929633490062182387901185778992093175406930803438e-36
3.97404592717373204369526324504177893612099535920326540234261908325813007436929338837221323967371353776551426414670483502e-37
1.71112622900246860622342301597770392824380907985251077061506381657821064919565085886976779665198372484012601683667449270e-38
-2.07425136965628464210202538462150757455274780586181251244574802110299652037663123874991305279080058525257860912184625147e-38
-6.72251554349731656290021264672760797198748820303714821580063093745118866923839025733343417437392577472589917512433841428e-39
-5.39994234415821006483613445692577015284323782574509456021234191227308643187824893452645318172658858949271455124710117562e-40
2.51739175317617786255507559309527764125721913064677091427475650904209859639748171927425196299971109372613235358821396609e-40
9.42432953529143944122551620002887517635765763165995664404241004289848869756236303290989878433637392355911443211610040315e-41
9.54932688430399396600717245128191826301977566504093171613196796551650810617651768002157158349605489599923150292818158401e-42
-2.66994078841895003416896047848626805301164171549923399240338330611254066907588300944586120118705832506804472098045780412e-42
-1.11316173318814065005296261725432079547217077155865095923298668715718242826813213142678181550247443012549262087440167311e-42
-1.23173105362288760253563621279977521297594345998806921918508791387443961335970945328453206444191054387288745999372432983e-43
2.54309864158708977797107441228262706316752581874270698305073870501694533987354632379206837339357668339803976949940516016e-44
1.11570389640847721533466436194262896728045543377553803918281795304568577682528077328775259250080286965171601058879264323e-44
1.23126790675273996647296574429178728609148601193085660104527988938302631254715425666369850386619578259810443467160494370e-45
-2.22124750890216514721829440137506150183184396448892190470590391534115880396458880510938383473134660041475692069184157680e-46
-9.48566863499007611463134567959226076045445835876749743335258572305560018162559346861171480572138114110832537479049116340e-47
-9.65606685944639028283695435119899252737583779950279237332526675290501963114472880683724211126096479586246142982921461891e-48
1.77944706485284478976464052699840586047478597121911455176450332724672945371422252653964797563353991626953574369999298102e-48
6.79113819731881461691831989879568382549682523485044935604836543775583034973944083869455893387905387628083011391231765173e-49
5.85847066512171296420479775808623152591955839868883387553247805646769081018248382316821868282150822849563414466147154762e-50
-1.27511950334341303890504272262619749327049835661518081037015319554958772701529455926684175906534024606738619706864923963e-50
-4.03758509027015318023149269982372967579520003997130571872835615058201557877177942968008755680667305412553238105209070181e-51
-2.62547709132039705282609719249559116160425233693779270611991439911894807949513215589853935780222720488143359712518125343e-52
7.85833989579527719894285316120707617618364841264548035663490773778314158342166034631284465267606749701766700769043658113e-53
1.95318052516548089711284755579748361651382023550817175201993590911505649812950443156175329950438336198420661440593370979e-53
7.59742092264426593578543565861156002529341400492015612458476876643369203130101752938348663804576652012965105640567444579e-55
-4.00201699228161317897477921997844198421014232328933736630640549447561667098469281916819450207287716137565496102031150117e-55
-7.47744745071812529106457656431884010942590638569880920942442894826528251551342531252180984105133177546383394271514369587e-56
-5.65374077347831141494527401221512662681004157993290568688770803888404103013414228959009520571094949178134222921972559715e-58
1.62606372744056922507752233403961028909228484181033991917682480687430261704030722781247300179585298948307499104538037935e-57
2.17850255409855805454147596066383263886398625789053895850598454524447203264623176648094388318630833983567850804186951870e-58
-6.95518784183231151143774493724545889969497891283988803667347927710977492285699803189686709028006032278497776554134565907e-60
-5.10574541015242627551070277077961454203980426643805738368246842407096275092561104074969119896573820222639807711307018161e-60
-4.52750289972463236906265896607302890866460790758599675909684314677119691777041749244271344377546702863967762216479887499e-61
4.08354395178114210204661355609167190292140257749215610280092257418615257394267530715666363241701867984347003690015082707e-62
1.19827411259735417958540300971052182147162817010032019089674035719625425927925828242506504351780696219481968245418580981e-62
5.76347402184208844159072445716610813374660313589259839590391954313836650110029190044771795390826182041260984933781354391e-64
-1.24602640873347642844788963715850412730785595217656577463423232541883008226606813715672878621732835685047596300192108627e-64
-2.01470290622504484148548559287160493993583658314020197694154858294558743097399383183263743987911420209225730177216519111e-65
-1.60553563311828525859341603466579481736469155356798308530692123678576069878736507136897864793659519430868174201932755924e-67
2.43700069905934234673819826031002970594570581620501235124430359704715800955445833050782924926946404334356985195041755474e-67
2.26550811341590944790069868833623949153988493729104655745585911041911899963502384162852577955852076624619211986190905014e-68
-9.18547832055563102170429361501310396306491427929294341833475177128464795619898175151048362967798124468636144616357059161e-70
-3.14258149977133656357249541050752500997409790103204690777185240179394752311908688462116205130117807117999210168239477130e-70
-1.44618280778404808888722473922836161402692194061158573790217713119470275027711230770607844499562372378398476306717976466e-71
1.91208461519316129625105216548937679682683053152088013133585511946427645604718613326884103766801011146239695844166565500e-72
2.59869700262849722157729466772809031738953183049395076112680382847602323424535313493229079309845531048762563481956923999e-73
1.49949014584894790503554738635406285796101340869695190970350609343481585886982293545276054953858247531203525657289914474e-75
-1.90055694563026068774083876115333408185930518137551059100799632772846074834290085624702876007530747512290675737067401386e-75
-1.26043956576547926215607677257158656017723825294788568709272366774236482642783830726228804108177394843342059353533584702e-76
5.32395693822206479650821898609928756245446221459295859093455622839910702707372408437646235315976168117290529484528040686e-78
1.07071326200891564542643030109188675632707566840244281351475167381191985920329761163487220424612448965386876120477532104e-78
2.60480661462632101449218007760757442675562350504021176537304007379200728820606013585740891678962039601755748598346023933e-80
-4.32472507004813447055894833555248364996592001618309673736511360257423751595260054171499202102178544148645950477440075153e-81
-3.32024747868886327632744293664718399523794434788996320292918972187304432968651855491519609838948444420209703243600419623e-82
4.19981652723623854358365427973641208139759544421523458854600985081923263243895979984079324448174641033589424232511169201e-84
1.52887387096399382178690045011424434785053733742246669382570619387401177438012800243475080353077954922886409640587689304e-84
4.63722031832657466514395920141561678850748147957250317843857519202546665360124649143058453866045519376189954406538523208e-86
-3.37253816890328010577252942078213000110746985751093441751011237448285939101171686749490182587235031058857865878282997009e-87
-2.62791507035746010851823320922876393783593223537766580597217144706329279668720118185612661877311430243070650929975665531e-88
3.52322417803793178919321788343509558408489563687400617838089493393545483370006107219781438915987088216249478233575459108e-91
6.57998352640769749873338248509313817292684109367572862196507408807357572742791568174451192549801365820712300260803940577e-91
1.87837034482349130161530973892641700526953497625392793862437512739172908760024695275451343584992210689004687736541625560e-92
-7.60631339043074378750272728102463604187521831074687468014164460743845623269546632646527193454840764386072609327265917052e-94
-5.18168602675966955605084559876509971801923819741417290920711434523741209198102503891474822292021861590074248961693325821e-95
-9.42263588874798404008441527956781761903388667704947639648250668449865404666206986088950937544894409350119153317227381348e-98
6.53644356067884550688981888272230229374046613141923411142225696955702462381071471308085959700078785306168072227074508527e-98
1.42266986661984122958525216386619800320306148987864444815606944988564367493450951984511373175930150000662714014146709911e-99
-3.59543625251920658262063398128058392272311773930683443581027691942652396434999181252768698260225798247579964432331921927e-101
-1.73169771348968146591494912214968141046236406934620397476953238264278836672245284213558918204677062570058867430599865611e-102
-2.20004894696678482290628679667895412969946848549606138215747076781029789033018324115229771410895825949910875471758599548e-105
8.95346169776829252392415420423438545830770476067504060331238182172617283636687819376741679054473950459366165695764293323e-106
1.13723462083287275815505828635574237991204109080513460557481150904246871451607740567582814672882241397404339146819036781e-107
-1.77696355755511765810506977174836011560025530324186793780632463033978405593423865086434604078882004611527877103098215590e-109
-4.27787326507448080106630988150198119592147241975496328488036709730131727075665368337373396610089718190685274895589848822e-111
4.81816530771524347518993622724994686839829259555413107014971258508558697156027593260140766157742679276555996409391497214e-115
4.88816570790050001553089250443174160105059366991233130939615734541837777805158842804769744734830425830834125472161607080e-115
1.98041416695865856793221402929224272168183181891771512774604468907338082395915775868240553522620170177619610404979470885e-117
-1.10098611664420426779027101195254431098904479478409031807706654700398929134946889663569850956767715401067407396496217531e-119
-3.66990702057673752274087613791898984538622476883462125681403895586245161353830159685873303719882213349659362000978211571e-122