0.979551548721023349288723114402178682564847694000990456289315143997955949080618946987249085300364200085782430071087724951
0
0.0200692429537737815845061448899367990200834017257743171399112409722076134191278138481615525649374282149037813448153563084
0
0.000373603108869777030259127032729082319364412379495709386035107884569136279308933522200445983539175166553228705776251413569
0
5.53740100688587608842915988416199643496575552069472859387484454539327890250862550202335211256480557301126933780814010463e-6
0
6.71239583491783097581706165051853748339231526016933565876495095802603857116726840879075645866866489679963141904344998447e-8
0
6.85288480810937937136751327959818528516925741446593890724065276748613965713232801835238954174006228485878316494948713893e-10
0
6.03241956159372523768034722663553841120368382523786818288803133741974799971149671061936243196427358381757704853526746111e-12
0
4.66334514045956034025095967282548991298054046779621372575903578230125422551525559470001252685388409713434521651794257255e-14
0
3.21212264880872809155548499666182913081733145298869495989764936231318406238265924200056132460513401689345054048811486938e-16
0
1.99458053382775461428748278838952193058940291913623105282524864316918951692298899371578269329980986670684722105182008919e-18
0
1.12730163843050180914594114234839841853306143126385026578926553317829942900663115598303074718571333999275444260129332194e-20
0
5.84560330180748516109765999928834844371650321391332329538212503442954201384494862575477506195237000923303863463444849706e-23
0
2.79997706713841414779148219193208751732665776719626492970342550624876863659296001842539799351718271142575635262892098135e-25
0
1.24602920109162617030232563135394156722435250308770916487253731883239725723271814198992945185173034218469121439670013660e-27
0
5.17755575427875744625956941427189714339842109034903570609405687336259165944294489074295734108959684780854224826231409807e-30
0
2.01763856310575864932498232371182512609794062602621272320118204379199465658307490296069186416384815649206605583978404170e-32
0
7.40213268120058806052951259620208022085876489630279878125845499670368128789444556794165835209829041028136942219738373322e-35
0
2.56536856965152371571478378592671603683555737402503729130348132462526387028465561079750731519082982458599459099849224649e-37
0
8.42457786853727330388610327583540513613061618014402603763879558288631195342415557106947788080369589114309938196779037751e-40
0
2.62871557563227444383026057928627947975182846512811767920464190731187816198944616193440670572069268633230909221844014185e-42
0
7.81290649525995152455075735526390859251380737672165601944631487566814399943232212917476964377006694136649914188344163749e-45
0
2.21683056519537763175449555884030779137198614330657534919992097194588329569165851561091509603471861177882522817653584382e-47
0
6.01719826266373332417042011729130598440672158776292817755437589667603875132651255313881237052206608986276207764432245943e-50
0
1.56535882379880160375274279225462714501581977423178826999200190914783727352401940950806919392043888889962963013449025008e-52
0
3.90967732857888663457738765109075062466595220756880543515656552307629169408050897669159270940635229364513679760410153636e-55
0
9.39002123793969261921507365668978999765588826478630412340428632097993028676089007452878937400009838746187154597550145243e-58
0
2.17185199760225465700125661470877328572719636542525481224011842933308343420799118377740354514783478357485592595206452231e-60
0
4.84423226128007308274997934232374583894273172578259976605934166949338646350007929949218929694831467898731655384475318967e-63
0
1.04328371860186661516785498732101217361444258535187574491933598983996043637299808988346571053208596203948552331156074919e-65
0
2.17208626149047337788094414788875588653749047571218252190838476641940957540528667990353027714798360853881105462285060001e-68
0
4.37652792468568908829337197853574336373154977123196284599411857300062566119768868950805039327882472712168260647703509904e-71
0
8.54300679906547565698350553770540948157702355265527919599253068189489081412204421565565144723402520027941704596856199591e-74
0
1.61712283553745096477402877670118976988429746877223418877552512944451252867374726621526216887922336922224267318716938802e-76
0
2.97114684091703155862720888909777323291804027619311836464744969992938053765832996126591032003034036417294937118357894951e-79
0
5.30308672702539523600899514889549572754701422240638395236683519952625478757125064601026585800479577684653120327525922703e-82
0
9.20259825687626120953933848517370622818341161845408911300790303878122396851895713639826371794999981484641540606770892734e-85
0
1.55383037358435687334123658402657209276116918895306710762189798448554147741509962310143770738488100923133084743045612833e-87
0
2.55461034984180080244889438968427005907994903526543427829935086299542164600695515683379874263770231358168897076948998323e-90
0
4.09235924622593203684784968168705183046547388026816404442517366229228381070081700349868067596148249344068775735686669686e-93
0
6.39198582766837230521018993229124500655414027975661055022622822944393136093695524471214067472510888567091578665748158036e-96
0
9.74051073520527564430072570202203541191172660365099932154288069028072097232209501239626652330477015590622463837660037822e-99
0
1.44900340330887831647994245041105767660015846186671361782457186224172135850554251401494776429128149132781264971807696040e-101
0
2.10544837526135813761947652686716515174316630405776487145343453773275630622574928907779377241110371779188839787081857875e-104
0
2.98979761582624994029124894088330880576780388952020049804133323646385287544528082027703697446728426700467167085268316398e-107
0
4.15130798496353434332946668073233577504897100802464620856998468604623134831417411194634759140686972257392103646860171342e-110
0
5.63881994425905985677713950476341174043084815721209565844582652982227832836346458111452803943975132215382178034265530716e-113
0
7.49646559605013053782591066348973898414142331660754208789313954597057856227981889642586099683995980424629774420383768236e-116
0
9.75857171747080388338664925584299251049334837506113820573500039020766040679218142354389937548384983585027429101239878895e-119
0
1.24441600855267200849245922391248437566325107646560039199016530619871072618676388545022332079101889794967714196037027591e-121
0
1.55516042182548848448594945221627471017238962374111773022835370165625828015210751270214016458211356405069632879133616769e-124
0
1.90541061399014361699656900541566820155271431446409775408475598519790234215288716151095195925434203465729241752528281994e-127
0
2.28966802793209131021368589113187743318646188449574770649194532525404099399421089122717169175279121024534347368994524067e-130
0
2.69952556420836205962714686751741192751486872458635391611100837975364214709703978318662773742499577864723723787857263701e-133
0
3.12383289770925062612398895545561059908953220426847276468237964448401637667550118192720627270428302262767579539093494440e-136
0
3.54913360222013798813093555828884579653725998634523167388246626140581591508015738595562320250176432109773134666738003159e-139
0
3.96035876298056689467918712074077207637915294452059468981299485054919437225307776966442387750488035792500191874179133440e-142
0
4.34172879337049436288283972966628983924541328164267718774293772292799227771225676056292520809597404457407515234731277990e-145
0
4.67778631334570128852271887481827251555757935381176750843651301124610303906947855877044848024562801880721786482598343167e-148
0
4.95446283795275712145961972908114662470494790239522426867139681554574166832858681123260000817076120854639560924228954912e-151
0
5.16007404300691176191113556752858017340527943078291879960975290396610097330438548265072380779839199019923568796428469289e-154
0
5.28614399564505705490228467836157953423718687342082677226099614894194612929650557724482809128982579393153048188377125569e-157
0
5.32797725226037121424632739056888324685653499151639280181042202017998711898732997432101543009132927466971965245084663620e-160
0
5.28492638713730477264605733500442996471938001226933128947878225024433537009409842289318802887128066619036163969062610043e-163
0
5.16033705361269719358800251309864293294387389914684421868967251655680237229811349293693191872552344019561982771007614581e-166
0
4.96118808807002728172007655887708583962199010113235279083142931609505463528146972870029080183486327932718719847714318351e-169
0
4.69747557210594735936811716824027624929412515380859105548753221633565815502283507119063479320526848643541175076705062021e-172
0
4.38141322155100564641799342790208919728382997380574169274757113513734447227872709738748042471664089444894994574025644391e-175
0
4.02653451323828086992711905670165293299427979905683865888476536095564510509993374575164092022278676641256799582781856052e-178
0
3.64678387246341471980477617759116218450957183120927045837110830911299139236102704245292862871978778133081159589499236106e-181
0
3.25567597369093295072127312751440401963626764373041397497780213776989170819540468594018905774699759304244044390847893113e-184
0
2.86558602223951229185357412951702713639720235157318372087670289951427455424613429248302278067690387836056485549275027666e-187
0
2.48721285297807281261922904275119749434482652873413229286445640852168388444878599207936171377490933583789836459719128833e-190
0
2.12923409339315246238322695994947166911075493363449269621025668786599315228371486256118549014000186475603039037768094200e-193
0
1.79815148149964960597212090213107542155547954580544284863898214889771032643757559860462990959163772684026973639564531717e-196
0
1.49830700351536782611353937971394026446947156896444051585495354909831332462057423202585184738256586716277210371590384610e-199
0
1.23203822206595029284456321252287098610520759705730006466014952157193615981675511560759499597192524891915805368797893811e-202
0
9.99934472973023664715849855512905286338453676752904954660290139374655780169844537200807343784702216207618325906290338970e-206
0
8.01154176021617345363753874473713123364487865999833358592394663141586932325649190679911894175282334381761453704083331696e-209
0
6.33766396742614886797733894723511118554994378005819342129341113672320484192397372820711290560840062387376163106476811518e-212
0
4.95085740740373714699896242581589470699135538091101991062078440881074913684482898067666704638752051344638772630307283202e-215
0
3.81977301640573107222653203195070146686164811620209434204560332376412533664931205945423025904199467635073608125819280105e-218
0
2.91116476815089681310252972986792107407794136124503913377945839218796620479509651934022110920727436632022046923757232808e-221
0
2.19196022215820079387869357551499033655260309524867417086891921876767236521432541772561442218425780680376919106690807651e-224
0
1.63079066561247545062878804271245682760479303239966696515215115369306727470055440646107331261307388241917124492609393364e-227
0
1.19901593544219500085178130250774392697335987169950958488893187159708844855651245184825681103120288858015954598441621857e-230
0
8.71310541269661320928282791666383783053903475319255528643765208168582964359770990532751086542380172544588313130502574871e-234
0
6.25894237163663114262200669924650186547270407973748867279371567913669157827027463798560647806298675851038147638181049019e-237
0
4.44494369886649629131107217733145119425213461949344114241029769641221732297693819302499839905193531599614011342009132049e-240
0
3.12122418015314477394425118841578786589790253481166999989835649549463921525037019562287350439920691021365838401305657559e-243
0
2.16736399992111882368432930759308150012030192798696331097112109080148608575451691539896089376248664405712085541777489463e-246
0
1.48847155420114639639572977295263068725478042166467540823440001774001536529386334747948165150161960989587665622073811127e-249
0
1.01112172185109000472868331175040952479313365733442960876654980725274048339022601184525473583378116154577364053421872746e-252
0
6.79472448147956779972462178935503771791278718394341611169567818529823997203086346281098055900328893170505105131469341590e-256
0
4.51747718564981826593865263833774511553137363878593990596124406117235249453897627771183845697727258863469169968057266631e-259
0
2.97183658268507869850751720629020692104606247605917779098123498905348625426065294915465647898536433019611412305440835028e-262
0
1.93466968350542268947431710824916309371264168255180978133316694813804461131230241193069727660623412519645079024720110999e-265
0
1.24648995230424719456932267206435813032390084615425260294996289910374855082773540212716316695181367788976774064972676600e-268
0
7.94908122570856513938029443127969555974098058291129404404623388401556314733908559649182549382824234517966230131603905992e-272
0
5.01806740160993681720533977864024567862232000726941156003049640271390129837510987330557470604599737299506200941745440390e-275
0
3.13611331828614114511012149534304507845973130287124859542680222058069981137191314890204901264611260486097537309382062244e-278
0
1.94055573468235528507552064394830078503992339570052762607829629924966705859838670010312557985946549745098003085801842886e-281
0
1.18900087202921677100360658817209781052233745374789474647929208843934713474666912647914010581555913487399345433176528884e-284
0
7.21442354752089344769866087539581243122290140689907572831949745900729841045470679387188720044411991425709758846133828088e-288
0
4.33536265876144877948652942855629332511878768958170260501531218840591549388783311641571472221324475941219544244929061220e-291
0
2.58043965053004956259757965984622322512847484972170899353445294516614652797633168361422533918972368772349666831418201998e-294
0
1.52140850054049232270080311577216252723826797775510293018386753282917283806762103010428953312483559537777025995638539942e-297
0
8.88628975535892171646754900515702870311167559861519143686291777444658544337323933954847858815382385249690662248133268627e-301
0
5.14227768360144467373944499646408965019625289901448730523101217242353101032313016096740979511457270663413434064020895891e-304
0
2.94841238550357785621975983606546346754895369452506149659514287336997684494775489871409820970156151369083772288544949585e-307
0
1.67515547365511960803033196699290298067623722639553178585103390027497767521733602602263194634284615601082995453364200944e-310
0
9.43174585389344994619469578816391834924440429575973021710815274183807186569585768592518029256623835620633284786509268825e-314
0
5.26301216610592873061194493032405681300608624477169041867998174226991186923627461813499122157955007335948327052818320516e-317
0
2.91082828673971397041819587377342268668669274045151682506487558087016897792489728846959137254069852136340752196366886926e-320
0
1.59577894886877240915013807409678377235871212227836665745604310894215913075943193804664651059550293177778033365176389434e-323
0
8.67233846003134931825724422234943488056000414924301621126981074459734853411640267652920699186237590059238010407287094751e-327
0
4.67239854602465606532967720601177481140984100006196284684050421052884713041803208405969635607344284803705478891704261543e-330
0
2.49583564637952357065896383669154422793790273542969334490855767150019874489386118552911406219302555533931374171492242359e-333
0
1.32189283036008754597019201061324581053475112226988205238326304280482292152604244249929583129098370646969294635966989196e-336
0
6.94243553267107021913751924735602683121260947366895554941746077719199625851144899752555127926010302135682159064032240925e-340
0
3.61570900328264206523964255934586722548965414377230969843527380204325278474372580220031819875714738262833733558915647762e-343
0
1.86754573162551320821463102118109586112164844872090911119429760368001599679727541455711834797847593841802759097732476958e-346
0
9.56697935597755859958259905169320275591910851950034849521306627416473664592284774206828678454278585221742237116643368634e-350
0
4.86108726711790712698310398961984292523122634599833024315163027909780938387298179334331388937148843477349281299954513895e-353
0
2.45005418061511655506955511089866667498570717563050556316964431270246125264023366380221744246116165060288164282405888617e-356
0
1.22498251219055188413219226949299961531345159835682826617356729727476618368898577191952798287030585743042869265073387405e-359
0
6.07608454470055154301950598220349076246307317549379131270002787715934703054735106624739188511948826777503158830206932052e-363
0
2.99009369320996228648438199232974864401591762550457149088577597046477918022321615699979554405039184175033834203763858947e-366
0
1.45995603128772476699031596205660164177016397567728313512467301192958497477285512924224894529473197425463863499010427233e-369
0
7.07318878172076606270406108099848864670406377080908623010185237133082622226468784685216384092884431918662309757460894995e-373
0
3.40045716789964621591726759482109021330738860530663591985840506790659135027919672404889402562426829690851913237831149706e-376
0
1.62230179301301827845892775777314576084430574059733606397986854638405469812001354531917147811739765542782045644631612289e-379
0
7.68110266959736200105907402825938230994148512952155289743999000345546488902314804740245133583884449794383859860285608018e-383
0
3.60942478035979503941213700233760906812124252433298541173660642085335496891811665056163677942337568383326500436631832703e-386
0
1.68344709372662350131930003402082002853446645901111329945064153552156118776695523474959325128618945998552519854786152180e-389
0
7.79349358944757344730607394295981806299647109180598516091197341783010347678878550202243716385564185551370419757080690183e-393
0
3.58145874019299486398355194167596986282193251925814029442960568524159615683028093480574965318358733671416648070744428483e-396
0
1.63382771280352135987478374779951630303243729121509453548666947804010428297610941968881453692911367567212511317103067034e-399
0
7.39936133210347891461767386117795314335582257673231101086610885040218034421990689905303333912542057881395814935090122793e-403
0
3.32695315534772442607408802654151905746776754577523122365263308929674505662457931517332814854337836320327368609043211561e-406
0
1.48520390791675300976429548633820881753729166359128335659249624544548849124942830592146805764227890585695049190218322895e-409
0
6.58316260590260246817803963441774118902693015281804749439392560025841440557773762014251779792206446098726969797769862183e-413
0
2.89743715369479644549568088579245919610358791302606268471109454441462274333200455175156231820636015447129548820270514664e-416
0
1.26632722887018041627196788350344029485899064976287440194586686104275434694803853296982371491625237535389679297787248835e-419
0
5.49606143798262070582882100420879717691506655381028552060628603618081797513459178154222627819223270906871406761582912709e-423
0
2.36892802903528274555783217106581841372605284977865331866472296408956363357003809482573821924184377112963045768060992885e-426
0
1.01406889467679400743074346645077768573941663583466818514894906397198015034065461962135075895014103539681519741229284986e-429
0
4.31140414585390724765214982136034421395424573486109230849596533170794815536421259761878823874069189622646533236270109859e-433
0
1.82064713583002389960974819815113858407856649237595595716488018829527533775935197696526582059871243083913018558149552087e-436
0
7.63674743523318236396077686703632377559169459849820137791158806369229581631103176921941443924735797909237551594035888621e-440
0
3.18189783241704547083843427744974220640479525308989866448269068278638161246289970019868159804758043696255016712294321333e-443
0
1.31697791106515910951970332705159735376938808442979164452996126861769173328129921601260055268678742516512976858244091945e-446
0
5.41507221431971121961569402202659842857323321648345504246891896205546923927420744167466344048951117194213361527697212099e-450
0
2.21198568059372825794933802864582106100395929274334795642354316873414160718021382524115041453066396248972636103113341684e-453
0
8.97699982305462116446140532246027846513243915297230575098180909475778424959434797573124427436877059249290395943509354699e-457
0
3.61967250520077188045225506035465702193610843434162308822437813885737699934987165320116828764711290586398126815559028425e-460
0
1.45015549536032611639087949815549107237640959661763333362011896838110854406661162555371657637055469236993669177262051408e-463
0
5.77277913093875473392134941333665163172482769094674404808064222483989917590956192208874937411298718707925221466649260540e-467
0
2.28348415538610549865084545950745932330178607672208729627224030981247750947358635292339820576005062635677723582678655582e-470
0
8.97575832054951903817365631016430627072777526261043200672862191615562122354135517738404744431051992429471847583558946888e-474
0
3.50607790451682788162725544311605568709736184888155659244354718030680434288885528117118649288685283179965898451229010980e-477
0
1.36102530391023966878536530817995573663873452416592751974611123506460435791892198781005187600141639972784570361414859460e-480
0
5.25075574609050703584315352193976900924700606380366584842912816019677531711709384834205582122931667585760773391797757348e-484
0
2.01328361212474674069943898834537036629622086963957857183988977598017715743264299324176859942863539866686610577754587997e-487
0
7.67241295753450563354855037024663155635989582782698271636776131458197747784385397520379380758337881294610744259170110782e-491
0
2.90615649254166907242761360267139574797768308212090742949081647204694846119102109545969175359250896723275088422589772139e-494
0
1.09416297197301373132678028775318909888776616126268671035135112250220250333566609799325273163551369635001374849087797427e-497
0
4.09545947718663288128280141278508803526977628222444158190546582276291447296180236459394955063264560791494875609535235382e-501
0
2.13943031885261442739411259365402858334368371495224195495055205320405686454611033507138093265781032214533946179777518005e-504
0
6.11145539937864385100148784706869810682034511907330582808312199543580547339447697070420868117672510965946066385952327058e-505
0
6.05162207959053812398762704567120540591944825477536067448308331593774884531236802337254857629137239326445417258447860690e-505
0
5.99821538995139597665038638825417102459315216272658942767943527481158790763283885865129335872347744229443403425747419698e-505
0
5.94559165578637410106846039073384847024515054856684312897212121404626485785123510810153308694817525113512638466176638453e-505
0
5.89373291575009710360426199476520019449157467646859279904578412687235918551915729633574393767647743936240960777637972978e-505
0
5.84262369004462414593100986320131332294853212152617021461892379203086507251508099120233223635074064514370465227288245912e-505
0
5.79224890000736062523389634181751387216288830650499328487620904826435278943948318258711284338959024209603224550260278318e-505
0
5.74259385477023475711611156183639562691961674643940810376345216957075455118521560827714002580795365029321044260521372906e-505
0
5.69364423913906434612240314187426167368139252874811855233214426996449090406613924318346311402726628882496480910453678228e-505
0
5.64538610191836162613779399330459566043849600342182966214440085320999110451231240477628128546066194923776836537384992753e-505
0
5.59780584466254214522507423243147900726115012502881558470775761540786071984364015279710998194160965793783119440844354317e-505
0
5.55089021083566888721615324457697332062153906366343445459421791601917882762957192082286764775089360629494798972540336489e-505
0
5.50462627536270684540063364788821732827966336880817618892807567522018466534595835773062371408525925815991964369236533602e-505
0
5.45900143455606288678435350018098200876487702594810704597466796050891916422558786851073215517685554793237868909571640196e-505
0
5.41400339640194362382706910130933462756037892355857666493566206489469403751904140802328968468903233796964337355824130098e-505
0
5.36962017119178253988220184054690951315270786897133240461434652798910999349423650651994155285629358618170691911427765029e-505
0
5.32584006248466904054461448734576794301255909684832560796468361152717249492476318526285856953639515620202877413675983856e-505
0
5.28265165838735853193313330541677042121756511973893674031446828308184679703437876436872911008847963975464918175568878934e-505
0
5.24004382313905603452253900957998832843643266334396376271671138643434324088286094338574407820350491444183300238017709420e-505
0
5.19800568898874808189274956485165657876345512764695563803421165091818864009855163123155980553032339857047833095417367480e-505
0
5.15652664835341046862857111053442365739961387956532530757718881563856397617744396559964143646563713929781587510374448176e-505
0
5.11559634624594443558366403863039535731158333440877308558254527513010328201332771426053225632770337701263753184247461330e-505
0
5.07520467296219264984462762164002111210503530349331709742820250272019242320346111919107248401578678409502644937752575378e-505
0
5.03534175701686029452642894375296834404705973514820682945515910729247928467575048497734065467551419934273417530824005494e-505
0
4.99599795831861708705632078682298147774780079812341793285517698512487043769990057936898671350899057089988997361266431282e-505
0
4.95716386157508437004528856686546402464607379800866277364554583664846550236967603296192941820494127743205380843641965953e-505
0
4.91883026991881876672872473339850584714793536023082873436318518358993520822185773391367026350367753529414928480736473352e-505
0
4.88098819874579139299634961534648427366888395303016424092631454291761055139160066516507818402991453866598516544936324832e-505
0
4.84362886975823033364694883644046198144580794440922087575865592803132699645026253258979013534963765130777499233473042385e-505
0
4.80674370520404502303151963132370655023387301321983865143988343305563069197465570389230740464623596372253874429097330866e-505
0
4.77032432230538526285794736878499705960821151982850899925317300279130658527355330859898241351096358524550411801522994985e-505
0
4.73436252786920575127834916982511820754284598740671541309938034436877324280360569199438850033196530411474975533439162826e-505
0
4.69885031307301002501910829207123655223514042678465538163849984067613073777395759042675860261454274841522183572373006621e-505
0
4.66377984841923641986974090481638134727497074680786555271531584782226230676127394749427100137405104951491775397680481004e-505
0
4.62914347885202377898653437402149533924770563030806293569857317094492852430417537714627817944048825840785898575627060915e-505
0
4.59493371903035688566574302211925112516497501578452719331230682253020819499816302833844022998784491545163625364086679612e-505
0
4.56114324875184163036889200038846270435096855156186671458723913683672525401600729887921616902077971145361477918017974639e-505
0
4.52776490852159836651907470501116895882592070220469598771022539878033480936506046839806954381085542543735575981583206096e-505
0
4.49479169526098935667845140451231423612100724763659685000086835636359547971451943444877485940865098081896790465624211523e-505
0
4.46221675815111321808641643129805049093410881783749548720533354875673932806387223359475893183560373453871271945498572961e-505
0
4.43003339460620637125739902013525934227906670704544582695219646936143730017721678336053329284158999031477601892248201280e-505
0
4.39823504637228917547402053239058978232087371196077479730524084861455480935685171495150029605486380151372854480362347219e-505
0
4.36681529574658317135381608652109549114054177910685750408337474314547245004916504235946096208555026795425632248885371958e-505
0
4.33576786191340608834208787178786547699702179864736124525155669913361970809939136904141746077962918284070078926671506927e-505
0
4.30508659739242343496681495515002775589929300997888440538554754421859545158479224626275601847609033498833433477101935021e-505
0
4.27476548459529997022937633138573256956440475271902116403703365763876186125387183299302946434077740891610198383508544629e-505
0
4.24479863248695153243892716188720964913340411336735231246616468269082683458998527298157825104758588348338030822651574669e-505
0
4.21518027334774793381123580927113699090221505721865122493300086921025444698619722119887539234972516992314809751579842792e-505
0
4.18590475963316125293489223455312325800853210958673044521472718156703399682622175365761365163234956951144413987968246890e-505
0
4.15696656092749119255107079200964962270921116806106072827330134709668070596349283772988848214485783257490507806133096641e-505
0
4.12836026098843051991768947982569321214747206314616240098448904845794723328923466220606487907401678082045530233121257884e-505
0
4.10008055487935925834637367764668351968069940398896532871265250080391976302395118901273892583521870561582420394512714396e-505
0
4.07212224618637652331794181162091548908432925045804032288495651021255700471622587960329714211733242250474767570943717458e-505
0
4.04448024431719395275011936290448158451675491878967340029241712683650725734604330928479755325892030343177949859887521272e-505
0
4.01714956187912481300205406136926685149001645094329408081507417376198029861323812533328071126658673050123416658286665713e-505
0
3.99012531213350830193630624941944815989575921238572170778673044580884477902165288509995896428459647952495732092160232570e-505
0
3.96340270652400953779659869259557240254858001596655618026443719739871357774470886691799960045793993778347687420051751886e-505
0
3.93697705227633242653044844492915226682226475766184612136991374102427245437880714866013437240892868917133149045154956244e-505
0
3.91084375006697523859903970790951552947692972421213054903168413404843677002595998370337095765139400329720331002391808128e-505
0
3.88499829175874748734396265305954589760924704929657933732122120316690671429636537206772295199263947432072043633498683011e-505
0
3.85943625820085176320620017265116843529098372645019677965429307876127708138030405624863261832375662437262728894041582131e-505
0
3.83415331709141571113220207941517808048219143946795752962285433507279523687197512283181430248634141381125512718794225699e-505
0
3.80914522090043750348851799075364132322831030781724705637836737319580963322038661286963625557532361412643366551099034436e-505
0
3.78440780485118311085102479570164532508961965563727147233682040732034080324448145282234443121507830531163163971090025516e-505
0
3.75993698495814555365763403395659259114267080937656000198089805236315603022354504878096577009214865061980997708988525188e-505
0
3.73572875611974526725170065644470629826415442361548594670829434154733265023900016316857428764891609715094854815054048932e-505
0
3.71177919026401686283498835776658721226003713025669931055738639797381051485396775205397197810952466793976372282953854117e-505
0
3.68808443454559104239410836490317083168186981584736000182892351970286230420908151805081804747598491375092703239454752845e-505
0
3.66464070959234134576630532779202472690448331736905304912736922338757769995751117320497813304053143767453793924200010862e-505
0
3.64144430780012388589770954850276218150457376139148731708277553357688842670265076104060282090027288452483255065178178020e-505
0
3.61849159167409437177637611542136130930300130446620800109836315815618254448442200110055483687001366555542127587279010865e-505
0
3.59577899221514063006473856573416189086509977392709779057195579978425221957328772385850490159539115637369984671378827058e-505
0
3.57330300735002061376725939110252298768871275003969913874266200152231489959320678510217989314575768895952991317341337928e-505
0
3.55106020040384562234437244355222111035411819466308414567712678091717157889725540970153589155626811712307055097077224804e-505
0
3.52904719861359624109891313981809233757524296359612699645368382545548985508943852510434383864230332549512660238180342719e-505
0
3.50726069168140442279944558141982274047464247747587810986522190491605553065192989143245293854202280072070440695513142014e-505
0
3.48569743036637926177203288758253121911607768880982231514595852201101561780134893887578282280243710095478393563293683688e-505
0
3.46435422511379642671931331861713168347027740974859918529950608378590123672807877607759663392452359040999751477441422964e-505
0
3.44322794472051199636175605103759345221362848313518401504291696238609209160338814379571646193717654401730628626497713124e-505
0
3.42231551503550065128778555886843725452354016180360573934901625402800290447516188941544061799740369841665992124569367358e-505
0
3.40161391769445588256424434919839977406943905816383590584246998661541000167493443827349081435051514733569370197828536322e-505
0
3.38112018888742614604578842452545580831292130470463926012198111615253620467341685450339706040283052899424974980519345814e-505
0
3.36083141815849578136627808412348804047595569374242364016493053647505355645314906345433645205854808961375589939798667258e-505