0.989648195884684674646117450683562187636908113429551139745803526880200960642599386633417713643656137019528596536459316434
0e-1169
-0.0309583356205204584266437792749485500862935574069794218297892479408305609612383551779862791846830018568064214006140944255
0e-1169
0.000161553597628733055597303289377530154774391580319990562734688808627998345064192218844721694758721829385083685133264224917
0e-1168
-3.37029637039638788304320401824466653404272075155263882688283311331828332134487524453678616816057786145085517947641086412e-7
0e-1167
3.76511618279489575480747062338066795620228753243338417891812496173227226274772978540324319173969417910307860673702604479e-10
0e-1165
-2.61651281229471297592316221141565083500355226076489004116056298985728640923442966631639049673117902458282039967116189834e-13
0e-1164
1.23954606820334188936885861745359369836462990050680278279918561567157817012527151638803238487954583715361300518305264137e-16
0e-1162
-4.25848157650102945748610498519810192800884115673123566316977104334319620024097945759031770962928805821763687702508531753e-20
0e-1161
1.10935673233769209523622851699186085818136568119022703820999517597316901436354528330863883342926195143902589554905127154e-23
0e-1159
-2.26647614472867838210567818675831942088127130860018993138746430775381801137302304278769099837803991295059933672149190310e-27
0e-1158
3.72862750339567927330851691551760480121327523991326788147106474652834428137395888823536828174210328448404897833001440009e-31
0e-1156
-5.04513810431178276859500926363900516161501493611428763466074542793367162479538953201147753175255172308033079207223622686e-35
0e-1155
5.71331090975384071540069337778047896991328997295514362158170509851861801886187886151938444677031427558859124655152679354e-39
0e-1153
-5.49437906873031708573733858160413164571416835373006667086682126335405413915886506204157387562591667151466730337180861610e-43
0e-1152
4.54289804299735815367668416289395778871474002761676888935076659640182021779032522985353086068208176998432876535491710346e-47
0e-1150
-3.26394883520779718892250933866336158974891082011855124958667827679465872795245641762291692177768755812432568802047155221e-51
0e-1149
2.05662825272601690493227554103919438696182946015448808099941980352089124894335759783496066399299761977268471119659702393e-55
0e-1147
-1.14573043315992870215672161684986550744738842374673945706647477642316432246683818920000957695036647699244470229058426627e-59
0e-1145
5.68365203317384006107762823193214946700181440714292527097937087325406026297624300534394662035739226678305193679325325634e-64
0e-1144
-2.52670398753049666991418582894244951851585663910681565882096819502630777524491942315376705987889821274566351044972611883e-68
0e-1142
1.01236951055964211581199628795431806088300616955898865627362965012897610968194275046528163822991301965146000400660347278e-72
0e-1141
-3.67462193241880559495754707011925108875008581070634875675728666531340774174097891893011290685825587038671002618904614295e-77
0e-1139
1.21393675944763876112210434669293326857193109529375945869837647525776787194703028729398716139769700440545199339689074126e-81
0e-1138
-3.66545838566095237135797504262991761889838775509408572057408098847043643311977131896517020307446051091855229101882242940e-86
0e-1136
1.01552365329391730067660363866435552607763054378367741131362959340083861492420246292549264156127221420532373585734150042e-90
0e-1135
-2.59073662764940563776661105503588834234306629971243217654707416508613280505391304508035318630928785189721332718116535662e-95
0e-1133
6.10587173512844738965203196361693449666826549537022932987216556512092390610448660279858891047131936659856076935911717583e-100
0e-1132
-1.33344389093139898545441266738981706778401979034729060591709213713335262382768092670442176831805914379228363999303151172e-104
0e-1130
2.70594906893939485434200509467267038791595298594635613885717896937807449730071082063627589586403153440384791667005622334e-109
0e-1129
-5.11577405000811149594323570226586602329432040222786249917561983235387278103261930220965234550253647486786068281131465293e-114
0e-1127
9.03237103335426707344377471335960811724970281429350276553324009573012883302998967376221311967627848042996257498719801293e-119
0e-1126
-1.49270193213819337610657413995801750792050497440428284645304010009674405962072630797568367259819731823957697824824693890e-123
0e-1124
2.31390043599653787373777728870907250494144109415430348009979520425742511726015526803012360133369310546058827768439891411e-128
0e-1123
-3.37115547910250516933142152729103211041110529388316664952290002399338746795651555543304200855615474943233640703714505259e-133
0e-1121
4.62472424576890155042591263949262265248949340527407205793303376462892065647724642040314355238950455552273985064479265223e-138
0e-1119
-5.98451425999246956655039394292409128174030651067103467342714234335641007713275241742724537790596286591859317196310985195e-143
0e-1118
7.31691012152539257449023834547493963737498255445611702392210918759381475872936040114842833215014239414513223800917942193e-148
0e-1116
-8.46568892065351454998978787061689022854872236717847024953151215105960672505726763138817201854892242746159388207057166998e-153
0e-1115
9.28273940592619265123954710914815119865337236735787337714361298285576867140228117986456916546569792030375964161719326832e-158
0e-1113
-9.66004424884441773659209849412557847283521558142147841900574129214320008807091139618270612755794242130610737111034766297e-163
0e-1112
9.55322329708880280394599660667878420927020016562240963594529701171274909711537357622638923013752416794117920774452126212e-168
0e-1110
-8.98956306468667906178451328290372823950422604384942484025258299103290507219658976964260073605111949424285140836521046104e-173
0e-1109
8.05876310972296816524574583775322297160905072893064988486781170446796472502608587963472525828121690623021201034336215884e-178
0e-1107
-6.89029599981574313150158243039827137179850025675879168454627144582165091779370666157092948017779873372000409440165929828e-183
0e-1106
5.62499995353351726081643276134133792003584076314532085597519721468040382000060324240783129982736237386369340279558541205e-188
0e-1104
-4.38910830287486749806647330116908489913566645926136315827678600808380224621145198284443933502853771337637195728793310396e-193
0e-1103
3.27667303170062721437319814771048667184554662795420808102034685668776121182655866985304462218372090453973187182593043037e-198
0e-1101
-2.34265366848485995311947184730646441077388941646287850509429332266039751003210246615192617638061853687532035524164051317e-203
0e-1100
1.60545746345748097102462805068408921186464608705167350764319892976873316417895005170316889978941985193760867463136575179e-208
0e-1098
-1.05556827689632759875335978175782883462594869901284974843504967459209879462426712329402705861485183681213282472657074387e-213
0e-1097
6.66401962190260268932031946842840787113054104280164883011772388320244816944960227659799276050636186708032914581220613075e-219
0e-1095
-4.04296201152495072255139362231769237002679525522063580726944088982427338271149425171833295241582574088701826262407240305e-224
0e-1093
2.35892348122163848993788193925636041281825592265806467897586805164750230086448273931488784681309057210675310404545491254e-229
0e-1092
-1.32465649643628776472316159162220625098594777194199039624447753969193746479506822807850964224285629507107995820659545432e-234
0e-1090
7.16440555726922402783806442501270293986412067792115198960430285152184696390952676671020546158197931793864197868905650520e-240
0e-1089
-3.73460991669896514408687944284526573875705899343826293179508387244433163939622804798984679109046547105010110903498684626e-245
0e-1087
1.87753639898874442383308640270269106436919658429392426450747593149332945814149941307124817346649932318537744323302246810e-250
0e-1086
-9.10938488406837498708863659570246432264131019495734927847080656552428491796642975508359507879315006420879310387834759227e-256
0e-1084
4.26792787877307879777434083306379972840281267319720193177701673115053167593359098712491093442328130974242584578632554870e-261
0e-1083
-1.93211479807375892058471919054325720419079930639702531583947101620235517800824531231865296590426478007498368552965884080e-266
0e-1081
8.45645464117773279117909486379339135337769775433300768157286649066350506383714449360932861577939410069990094381746355360e-272
0e-1080
-3.58035931402114286922616796643317337601842543839861851655658665306145670117700149960299503242347109814711235870418949398e-277
0e-1078
1.46717932614910663867055385983468423548616215281346793261854089968242300448931059461832744672565550445457035841810659933e-282
0e-1077
-5.82218390329132390999831450858533683420170708885667601198325136060031322570139060802371935913804931554792677790413766268e-288
0e-1075
2.23849128759770004575714176958568022202802974934830235765369422415703203056808147276385359601358093489279900147490006130e-293
0e-1074
-8.34267703295514486994792958765634617818717127842291619055440116873616899794280016371899922538050331938832654036266961060e-299
0e-1072
3.01538798186001042942836639611566041632111549040486606358531827475848879942468199053636250122159222371222108487280638436e-304
0e-1071
-1.05747392924413829613757364135123129715323577372947632122911033886304935441961323483235901119325097781955163428022780404e-309
0e-1069
3.59981198578945521064296351933921556867836071920293231464449272111789621285617447573035581601234900180541724209168371355e-315
0e-1067
-1.19004370754231047974334445870170377994967726412924131410014655265588826634439667090339466537386989548968254946645354173e-320
0e-1066
3.82210618004391739907312616257078062722199847116261988531571063243037300913061999120819793212302321311489286632097417443e-326
0e-1064
-1.19310286753400908631469638785395307219605224838246233792415673702506727763944680806847341913584213630722509893248503262e-331
0e-1063
3.62127818930725608127681380419718104891729491319990998803800881650667078633422673032989734037761978907564759866865315658e-337
0e-1061
-1.06911271075407590506989964147622714306212358528531052693326197401891917048029123892173919126582797718000082277656537126e-342
0e-1060
3.07133253634890741109988648958606686178462389457240750246870908824057144557846830475084298942052982051012669904251687650e-348
0e-1058
-8.58878337031332813880072269956200646424352912134404157078955083106396792677999035667406173158786085817786399504806169769e-354
0e-1057
2.33880164247732614139207506542455752056511035450773378040440689902851031644746739207440538046054837723197760563316793340e-359
0e-1055
-6.20388098580386682299405701884889708901199805873161214851681235879737602086474883079424478012525789249209718109116953606e-365
0e-1054
1.60357517947644044848126415041866896509814265252904165019564719383681580018205084792009627925544433286979158030473791378e-370
0e-1052
-4.04031008369354825981262425606591819736426931338826664982736938494013078937153616351403617695829496558515867349521078206e-376
0e-1051
9.92612295767263244920569076415609651991783734315646256988841294384725551246550396503398439860545738376892684397170026012e-382
0e-1049
-2.37859647548999978433837350713469606749937980235920431728132665423645694282392889069792605422665223462227932585883663460e-387
0e-1048
5.56123544482934442735701646766233960149520587602402153036815584694086110645857458439456981526203025287653749052298037616e-393
0e-1046
-1.26899867192972247054381407062542799552000570879199995444296835992199478443183937652588801107231222600162321287441119355e-398
0e-1045
2.82694453892324091921910821365586788206903422658679209621067379336532174471917693583773024272747731864975850593098089853e-404
0e-1043
-6.14983541558067838213603421188501881915227883152610839505022669532794909574283209419136314202632283508918827839560692719e-410
0e-1041
1.30683490430414809140530175876444376151347949112131761770913724837259747608761012660998778575201975789052713781248721518e-415
0e-1040
-2.71335816065545376633466272494519875722141246922876054959856870195643417392028796629150848931902611324050154366748130408e-421
0e-1038
5.50602423803149855476714758582769802274516463499782934916513201391964663094732866678982289673510320720874986374011967005e-427
0e-1037
-1.09226124451308884875204132452415118914173626160192776381053523667990971577015100479811047457901740948012535834112996395e-432
0e-1035
2.11876420089854439956781559383762575356080267337122168475038543552529411155087031112784535349188692234715372447409817112e-438
0e-1034
-4.01989090321144663371700044788673567504088828317153228635743992084509705845125262650115039240866682176091458318782633076e-444
0e-1032
7.46151340625535667085516351788009895891358933557964391876690855465822027626761117062923243705375293452969403027002553916e-450
0e-1031
-1.35526364301925615935400584680219967613011738427072091247303736075124246011978833427466466479596589925837426960054645886e-455
0e-1029
2.40938297537627204793714018225174461143169178012810338230484992601025287248778228931665547936177303230843524031937411267e-461
0e-1028
-4.19345422530588320125865262262264678271897893785766268269193494182669417537273787434291886998710037124453911770535179576e-467
0e-1026
7.14691728139282804859765542015403760064707826018303646890288645928847495080935384298916440513130399898063439205386047637e-473
0e-1025
-1.19300189258849708274906029197545858857155552453557808084715800909368185615836314346147668284058917906327824964412648709e-478
0e-1023
1.95088575649159719215938401633146144468095588261859196799562977780900351759673314872851800581168260442999338321007037687e-484
0e-1022
-3.12594823834232250525700334395318426356246305243957384857399770835212604370627011355031161813657504626767074038771462987e-490
0e-1020
4.90885320225283372638601579137767193946134380466810010633395449253687320953514962749102820435896342019561914235037203470e-496
0e-1018
-7.55638238497942535395138298562998130690454987885963854695571115905244158697578258379687534441602668221879048943179889536e-502
0e-1017
1.14043097804724386282377080953964936618739883991075490637672993984837462229848185080958986227835614774443869554913822545e-507
0e-1015
-1.68783187484866547895529341388037086074853236856707380927434500884613165007454156394516773175212250488024290172095211874e-513
0e-1014
2.45006011529320757574309023755031047302202475359304567144014153291215667289485075897060524296469494842873692808684601572e-519
0e-1012
-3.48893094230562120638441512528552854442508047574718191652223227693900493144821741899773945644524956665695893850210983315e-525
0e-1011
4.87478256049409326645552062415453952831806411577718486694712418298499128883042619341845375171434895548785436141426373151e-531
0e-1009
-6.68410159091688955946570462905627743112359207826560273793183282427028225700462954791565923887465048005712298056053812977e-537
0e-1008
8.99563820223035811595367827900322493715765659378680616105656683034160574373217873507938117377189365635890683127008670757e-543
0e-1006
-1.18849369301163977730242362613672699958892542105833027732061130555455007963375173349846682504012684338515990076887534402e-548
0e-1005
1.54174019320784086315528403616573088555672679023030881410280119994531073813474767921789940827434796486898580737704840956e-554
0e-1003
-1.96402511057595484406756149284500940423111064619085483944473058667225297565396596993228011336127840863590691204966578566e-560
0e-1002
2.45739644369394638545706871892014401935935016244552456445066418872839404879528549821425634475794072187904011916561958823e-566
0e-1000
-3.02040597427173672196874219371788657857087946529141427889163941120598171244260987149191345334287344508188433363946735503e-572
0e-999
3.64741895748970561545098435995777177611982551687691546001138189486073516395734713296073135495077008970416662772587951243e-578
0e-997
-4.32816042680573449598056361241103297739825844011694710943089760876784611309279894158769063169981805592279291803176433864e-584
0e-995
5.04759365038020570139977758878085402140653696957162168259084550906964957040152809729591471938742784607537362308366512678e-590
0e-994
-5.78620199465467698561129166424929306021436393976921538790191438336927163049689785227450477622548151737380460897276075754e-596
0e-992
6.52070710390160284486170020987568144053810348323266017882541913539650159503321514227889409907709437369342731073301802995e-602
0e-991
-7.22520779743708381028657383716636671730302166615922731144790075896960965153247480450688095138697368205952840622377800352e-608
0e-989
7.87267160379306827808035762903462196093687824631706223696953584669997057391632674684458211482786561453841535738870278369e-614
0e-988
-8.43666197683830033106206347748149297236921050053929774602911478863227711488583294656944406604568729585025512390336638571e-620
0e-986
8.89314669467312393792251088379462411662019204498443714346517746996643167692441043621938993927702181318613040788567737046e-626
0e-985
-9.22221318927921014711439935405795657780232828443945762007227080840709853295644192947706368711154793772128792124109076822e-632
0e-983
9.40951854266866302864014244666768720343471202968614873678758421847068769345150160277924405514553513919903257223518898655e-638
0e-982
-9.44732622151801247501471472384656469807069796107918661467728687544541874023522741354958642371135173477206161614266148303e-644
0e-980
9.33502535600471417549038745406761071821556778452088153674074029309752994876874447583662144749400322487069403519258103903e-650
0e-979
-9.07908544468282757213229239814210643617767436385001211509766071579159252448992211948732667258849509054699452752060040263e-656
0e-977
8.69246166664379081907773619686698391196949558581131966486744711004917592010589337262936710639433169124116482073260077694e-662
0e-976
-8.19352473371088139985863933756383225519678453329361607916176981951479449835661999065307346706828210823154287051644421709e-668
0e-974
7.60463648994761255295543256456668171604744978045597932389395783458340868808632693976388006496147464855203939903080503900e-674
0e-973
-6.95052245583156312107764285951704366386743745194408878593037573286058072114888805122806319971788286274761142794982582655e-680
0e-971
6.25660236113734820309022677114533200874536633712791808259288089019618489125675258241658509337729675811273045673413125229e-686
0e-969
-5.54742974922603000638672127926150874897762517000862106634642198211791387031060889205401286918459790331045295274068278715e-692
0e-968
4.84536516030729544197765791312248821511944436805291401006514012816490386665013883444912770321582336605545034655017633163e-698
0e-966
-4.16956946717367786143255578573339253603532151379133487647134808080023438253365251411587091402711185630541429567971940523e-704
0e-965
3.53536089660980300168968540816062022704810476753452530445408885266012925501828116790535359171844995541682271502923102381e-710
0e-963
-2.95393727418065343868439594943076945743354905068750970177216679597418177350898356906074695346379076812563021262749678023e-716
0e-962
2.43242919748308027607555316626436616640120047252775825413015065991422670756353436408365990268735691445209568666397498125e-722
0e-960
-1.97422363835604046067855748425450388241934789698833947306967138548545315811257827197269377155698102892862033153596176673e-728
0e-959
1.57948246244785250496916328070731628869844741928510699018715620072667641489543241133709812633621533593771015320650316518e-734
0e-957
-1.24577630314514373894411601644245183624027020227738950103953261609655261933537661681636303509878174118116541278756672641e-740
0e-956
9.68759482137590790006592464960533965041943827672880883399618296404596954673060915714528282839727765662742767144829470092e-747
0e-954
-7.42823681086776001025830739825221568616504936358291156674777102074772707997177361282879346851415439885018448944866599617e-753
0e-953
5.61683950292352174618727795804173394682701305268693913562656702729905233463027592377652440941431607269132976935025162810e-759
0e-951
-4.18867653086196444026222201485753083633753221111054797047456770055957568701679243311405772365045657984740536504575407388e-765
0e-950
3.08092853160882234319548891494266878169772141724468385335870344005973923824487466229812313722425666722439968435724818144e-771
0e-948
-2.23535912890544911920704624674533953265604984044324840749749124552446878620195705877389647207772763142566766792462143719e-777
0e-947
1.59997870920207474330087417631203262860658328631358021731871199771983364899246929653136831174114339301450226187494722264e-783
0e-945
-1.12985342556849295917649356397957706875527376222816454242435066195402499530279677190012163112344787252578119353263919857e-789
0e-943
7.87245654826221024886361328809608238280743440315897525610136381186095368904682093735979956479929265381431533254306668349e-796