4.942646518411345156649050460468857599077427172646843653461964695259854459396317822676462446e-1 
-9.496973722312877687802650083336497902298485061004751210394269345207441185225590277970806580e-907 
-8.545387201878912960021025166333638659166909190489071917423358970517561649055509603788758461e-3 
-8.897275045823638255910197199721222306369696232717711564888854303587694349698741001245798833e-908 
3.825517091232418966184329865314209794795376073331505331295584458531588306577765078945727241e-5 
1.549162052321778143576411985934312152853309744332842340271078789755162277710814078150258549e-908 
-9.027822943966270254016033188665856802603160439754038985981002914910726353805033529679687836e-8 
1.898601130750129966274891638421473490411522679177536366726128170498904341413314206496244623e-907 
1.392006206380760078698205516254037935706980569331981614656174778985289369504024212295096554e-10 
7.119624834422840418802643935038889521446165883630588789320927772628675029548441255479036816e-907 
-1.557506609488989797760822098771949873851699990799039636548572535302975551178053720297568152e-13 
-5.938682708239208891664783833979989644610398663299838321769968475319221672650669296842725687e-907 
1.346074420176232344768678317631658196513000134354808385091256999860640658560538001993200167e-16 
6.993531261458866026996367056683620646587344745798155723610291968794168629604505637713984763e-907 
-9.366938119843286942404014610029545669062733938362304481732673630814317446727208283778401850e-20 
6.588778413009634901222047577592987608179307356346211871835123436996513286016068671935205581e-907 
5.406395574734438919789845739669739260290777898104566973057365169297852383377136733825160433e-23 
1.650959349646649665488028934727345937311345508399998374331914565023803666698076718491754646e-906 
-2.646602529963247599396249314058785115441244645255271221495090395129029736667666326200575286e-26 
-1.494800095653216042818290496668378905083425897123411961122849041724160979504881658237338616e-907 
1.118145318594009972958647249275444462558816891749843788605704307609456344100352176400726381e-29 
-4.728805466733173663305642662799663447030117749547546537388258535565729250902639112870404752e-907 
-4.134309853609575670136611308884373783659569683185592151124078172646840227565395254555363286e-33 
 0.e-925 
1.353270105728708204740168218948073033104467417008316374237930741789619556554002775796514675e-36 
-6.134171530547481996099096289228752305662044910114229296585437628107168905596010108484714235e-907 
-3.959216018605537869465300870372650116147186651589540838857479910556328595977536337455603834e-40 
3.381260053756078318005555791735263161662510460131290575100860729551440187851462471587468569e-908 
1.043796397377664834503910949453878019378276498010642855756820091143456927954010597562203657e-43 
8.588540270289915781283059808523007753029465336199510631588955799460484669440424850762693606e-907 
-2.497172633588381806609002845478821884878323786559204976589841059215196956457134005373773284e-47 
1.821001412910742546198213444063388074388615663538080588161843679724600257263607077923649418e-906 
5.454506335384670227050275280649418532855481204396595360185608212218397926422672773285127599e-51 
-6.464005398072043647096558810211538025733876944863662654283144616456362092709693248127825479e-907 
-1.093607740037126764217559706885264708876940226874105183797996654914260512309825880619990663e-54 
1.341457399300475944815548857261486607637982572283911124246338524289260740785624887025077004e-906 
2.022206884223803759761050547828366765598643098750207485541818859798866073115920271217442649e-58 
1.179709982845975884470589135182014231464997322113780113947978435453532982039630982080390789e-906 
-3.463247219639500466134710942844058833825847260485242289159166923677982700164499866081458597e-62 
-9.178336682329213872225970344225363635310099519667488546418935731243817636022137146977011222e-907 
5.514210903551137718209933492787779044588026057538286049600687605144934208868407387934899582e-66 
1.360803992375694797883616711513843645518746655661337256058784165332258156559382287608426012e-906 
-8.190551206414346617237221762800088984781222926635979708078639905010938650166934119701315181e-70 
-1.899331852111729239848450985756379276389627501210871322695088959114580678861842334549399264e-906 
1.138473832429159307039102154628549795330328230563721744455878156374814089073491490222236302e-73 
-4.476686815490015934686750799308883531232889032510811164691415564400794366877900380043303387e-907 
-1.485060947918834952433854586623580669968573163333583938632221321428001381818562923531272419e-77 
6.938220802070950865736031279216843432044178870439696385784724496238153983761340289660892050e-907 
1.822653341868766141699480198721047821216971068853558417346168767944782769325824234883922719e-81 
-1.592809612201972977816321305904361835340729696072802446542600727588521876883305668161019193e-906 
-2.109787035870686909358257530896950397004569470576497208279601576748138505688567401027352985e-85 
-3.497854021010655235837836617944799905682929634382604493848884934735362543638542445300636210e-907 
2.308360952281916215333744708100307429351316459931874991600077117956723574161513013564363886e-89 
-4.191895122365938325980230132495635688058816038974502945398650259672051329794639818864389383e-908 
-2.392125359924621643462217872426234814323241148524267428157926845658894676898301032644221968e-93 
-1.396668843683857517134213744906244013921522484683060067135123602130172702766508856285494018e-906 
2.352341366691789418550245410255811659615431574339619235153167294878968392919504490625742461e-97 
 0.e-924 
-2.198959463756765423460917306089084092768477154510625674966649698308739507652487344932218227e-101 
5.691493524220921663564415431133941213262854399159966141507664128105171362495488849869906668e-907 
1.957256747839130034358866380674323570662340703354988655888451800741970517363144852289770432e-105 
-2.210329785281819661427287346199129070036227347220951386776359092591108364019839936639360309e-907 
-1.661342850701921234078457747522736642783799870654736828707623756712126790350795351861080659e-109 
-2.267180366509313163773601196972737073555949983412669709132470277075111870524662333077210350e-906 
1.346719514213319820202520438026694922494821219797532774468828148161693159221003303521506754e-113 
-4.584716790549851738175153397316798365328105336167564869190984885619489884190334188677086468e-907 
-1.043972704902126449051293931526917138672035023991696482932857679477704329679754814728099967e-117 
1.830960258123828787648056459478596453535102862534668319166630790972612058264195739402358590e-906 
7.749049878880206347259153716645945270138198388606921124956235855560674801638761007869587634e-122 
-2.113287533597548948753472369834539476039069037582056609438037955969650117407164044742167856e-907 
-5.514127673546612190205796162385428483508404764531856632869234768328481298941971145255277811e-126 
2.248902090147223282132625610674979822679121704306175365665245729384535716434533121114757919e-906 
3.765885476096189067420045263678544988222648701030108600538422999157452394113437121248683267e-130 
-2.496069694851970480955229582704919265669429236589947145161901982443485705446431807305637856e-906 
-2.471073815316509691968548922449399245181762757499765504840166775614576232688176221933702752e-134 
2.320125910472925405695732634649102859380862678265259567696294033195491175923162289585185763e-906 
1.559461466066281718105666994240006484040560512486849949776822835559124008194339353999753602e-138 
1.749266042819513561304928503363702350129970338607754993431686684512657628391338748425662706e-907 
-9.474436556590942420385341387186297389049439470057063121860649481149858348002450289205887163e-143 
5.520171660506718210000612002538330345951001117781644129436935236783117304044593128996577381e-907 
5.546520685263757758359389972097352147441285947102683009712408197390145712936392767693050270e-147 
-1.741719137035216848514817630226169572417099608885765254738486075593050477126441367509178447e-906 
-3.131524303943783238281002278418001631633392074943084122727269248829244938541956002578739550e-151 
-4.057254673503777193296290196353031924603439168051777571564513464444032418450569873290147330e-907 
1.706555209312470802276963886370117109940948890714070977699872691901723944824914251081954386e-155 
-3.463871101126572011222059164865003022249301593691048635719702419599591823334400475339889444e-906 
-8.983781009035805502676436684963537633309481765727990065695889346864133699662195098015838267e-160 
-2.226547704732793066854925432289367356904419839279824896307524931766275587485622496352454305e-907 
4.571950987503002060099760488761928740845134607132163984070807360498345428955203115184919139e-164 
-2.841048786313659822987951627649695078143222325726010148952030592200856679250677904507337494e-906 
-2.250932272718520840760420380157982266570511108488008788012889806192150156656885837218197112e-168 
1.752605230426736585033937303375515113250422636389261367917412210633404526371309823012117253e-906 
1.072860028893918945719849215231459657953537652264374845652690272492416438277795393086033194e-172 
-1.818207207967197487574995556668607524750647724684183694661985314423126443343062935123350406e-906 
-4.953727684091879022828154476864253903841426845260950659430999958987029564497476067055144295e-177 
-1.457285633076240035333060249571520585651136315378182715443483842553342322438051524867158204e-906 
2.217207755127690493467185234217776211553101245192688174456614873850266075893796852776127336e-181 
2.192479167785725785563785384806912414705534358015297876712352185858780985445737993835050173e-906 
-9.625680914170283067311185512967695325906066894329710825035931973770092880952877264401975595e-186 
-5.155533678154801001052512134851399223735970966172908549778362748383932457237150973267872065e-906 
4.055668725250050234751436800483757186255542621552105088337724198003164792020666524383529770e-190 
1.193733661194571364973608511498570898060422716886231183978423974127053890685534681623137346e-906 
-1.659375542527951300492094954403785635042555650613529134369066239245618149577274321355050893e-194 
-9.326662030626616932616723436549040199399537523209191992147073726459892616690007744773514170e-907 
6.596507303316899198502139520492477570169995960600424700474060699266157361419661227283950937e-199 
-1.937942426210174346023028524490954531573654180924921296042506987700071291712209383612312034e-906 
-2.549163768330712014014625633121835004289767256331582938574998527350240948680219171100651629e-203 
-1.524473158458357042531804808152633338077254190020773206202230277361812491055995466071609508e-906 
9.581083723320363432561545196170237608244892383800884030972590319312833757227744905674636112e-208 
4.430080082345356712057546764046186298855961572901105675917574061013041508098647624935361792e-906 
-3.504094267046394870697273323956841583178489698105098715703000337690050495020979733369840009e-212 
9.536465210422229811724910749766897945324468232397167383215324447106847310622667788550545015e-907 
1.247627070878057723580324531937077252016926376209423280074876732234248997280495410065265651e-216 
-4.603569510559442002161872876594779255899690509098958956301490960058198465555891682998690051e-906 
-4.326515260178596194879174168592299191086265619433286765008297612993244132711788355643579403e-221 
-5.602129230299443039556243641127644063524764397604519290557653031606314398158919749178244506e-906 
1.461928181585203531084824441088242022279532868647987744505278716221806971754902591122236889e-225 
 0.e-923 
-4.815393185629188213864698354111977523952282096183128636840261632494174490138036624718374636e-230 
5.287218949758275537257773066622134201189496062840059611479265580959496982382867536941119443e-906 
1.546795627748400404080415987951476302214278586642776867433043204302432582034633573902170979e-234 
-4.412392020702098544892234703720337727973235220734698436990062724384222886276069137124835827e-906 
-4.847316816384252598706319952901058851972489899451492062482730462509085342427716224656000912e-239 
-2.675780681772752835060434621125586964823753873082149503804508148446204023219164494957420345e-906 
1.482530148970062485680694154933527021502166020801292023438101373894263937398239171782394725e-243 
1.198189332440189415487590257229923377583133125184016408021165726037523175239219010887072480e-906 
-4.426908006615976849310991325192670318670443082322953373339766374484936505474488541299739251e-248 
-2.116328345404941475954597200227957109413837865959874086889136166202604100084186192438427824e-906 
1.291066225768952431169530705196586081857384007328363657974342781214651564114465652278838817e-252 
4.510090179229962514941569345179694336863484570048055558773788466693630701624666663208995733e-906 
-3.678740068242405906139029363486878261668695764393019250172767225711457243984713604637779219e-257 
3.418207071067687354341725002625416765665832079102824261910437118127462811116557265369112708e-906 
1.024469970052085359902507439056699119221004748550195169011070879181214437452091785167261031e-261 
1.671307407532203502134405643330321406806449681724698326642944676742407458799640815858866296e-906 
-2.789276621338109434138531659459027571429174610700816372460677347211944708070763287152944244e-266 
4.241539963608189037513927656960096241123671573195426707608951150407992006808311553646460118e-906 
7.427022149761640997491257048120604073286753342286490532938872136043317453501640141054107298e-271 
-2.734997189063625424198962522392026503616630348019832532926711027833387633517840796075220445e-906 
-1.934653702828930836401332834911307713506818942618262475078761709517925430499707661401213320e-275 
4.704479270127010837697539593412312467753921948451475014955835819193369384559039037673953606e-906 
4.931601524345996415309773240036405284438439622944656353528776312867139753432260604991985810e-280 
-2.898859245459837579680266911528988122646680706357141538591140226131912677237344327329997186e-907 
-1.230541174388070695676548357397323821122215899622464650728481023514411427482140351304743677e-284 
5.776652309488641227721608578730124068344333621712327411315196524832624860740887259521810756e-906 
3.006432779564520888909433661192741500706251936667346528171084898825115459955831759506354574e-289 
8.047261911184659552715597135731113541361069305964260103943498695891885550512005249882320730e-906 
-7.194066329534600404714141477451390206366351140244753056285744722605333189717445183910408950e-294 
-7.651514958397774108557621237159369635331946475639511491230580812656229993822379639617087828e-906 
1.686483864064893225189400031958945485673137497691715532930013015333913464107177452811594312e-298 
1.939454766508905885487122704059101294463342655795357733563081913508260405691225436210545872e-906 
-3.874261305273466025097715984567404362598694943825492940249488574658686220065782094374630435e-303 
-3.557059707257699473299245816138744824736561622403008339194237509892970256139672097493131128e-906 
8.723801983298498891629988425407018745000087926446700188936497253246376685022752192954153838e-308 
1.884796920289654413424957643941132377117352979490611574454195026012828198272585068401537028e-906 
-1.925933255199558198440340808350172934001427938328451043127002656820135062840341515492772835e-312 
-2.683343385985738343724708131126987473645403307698772311144376677383309733235684419813849440e-906 
4.169662013526056841494437471309471642799417085041978014194942290788227990268183389513733927e-317 
-3.588699239874598229415996743059706766690681879182424263680792355365332283847509891568265314e-907 
-8.854982015592526925294995626319609050929140582206307601155465537974950890487813256495188856e-322 
 0.e-923 
1.845024843740183918692120553188032311006183299769583234042909293686982388222857098257404207e-326 
2.746750894936626102094136742096647571606020631252314444464725065262846132002126111537892919e-906 
-3.772615281379117036757160134556152606258850491083481831296673190805938688603616000730709767e-331 
3.285915323909483363828999161892180128757992315307018272092063868600755037619111165032954494e-906 
7.571890118990319643954923013041744567186441046086039854269181943647984319297497057662553236e-336 
-7.922875587760439792129949020166039112455861711156360387738914904410058120965110215584740551e-907 
-1.492041913145338972305763640035687770271498992787373336273006815671791529953273219041646431e-340 
-4.453305621062360206984607563617064589693157645320751876113397304640981566540335261254098916e-906 
2.887114133519641741254380018333977872260493591837243460423740453153476721600071987085310453e-345 
3.251112176363834985053526079763613118309468820879690808045657901050663169654813162098528907e-906 
-5.487092217802078352976003693732358321916796885526035396933249328374243883502889238826910574e-350 
7.785586389114613743531716432235832786096248924338075190190933345132095503753411527832059403e-906 
1.024479037989312495344022968647491045919948072472281700262204697478251508339016412970246229e-354 
9.075049907122910922370737272996279213290735835049297567245724363477837211842340393072296961e-907 
-1.879453461084466185939834414743253601857620972119243874672355794809795267314118982049680177e-359 
4.453236658766312679437410625447427895611167504469292615522672071248865656124974106495437058e-907 
3.388527630922812683204667485091582905719816620305602206071304474195758153912269915828892128e-364 
2.277404871407790039414952608070164426902936034257314198016881044831624282791823854697592584e-906 
-6.005136471752983638091532367320486509752953057994835062131474054703438682334607132963832274e-369 
-9.315617979512202397481867769392497722585640856491002923600698319889892695575176766763884231e-907 
1.046277275332931811231476183142805820905852767420652754899950443581595164747384545584801770e-373 
4.762041938435412616015133960399038016988129920520430287854241660900291386669797336762488931e-907 
-1.792506400065688245760068165214903605001709373919824101873148348702431314090237728461400688e-378 
-2.132587740157742244033082146682227612476521802517151212988002892816677460498619251752070208e-906 
3.020236402997219913492759067992499136851267881248742048823704425163739351602217437947176422e-383 
-4.574852969702724574937902420332713909502520847087886395444121216188394745635097816092349259e-906 
-5.005669171139776628479789871745920147787476863514236849109651786792295951356984286422971572e-388 
9.192774919010670899461434752735346018015868869850943411768718663021858987253031884244124649e-906 
8.162016280406896876144389419609691279172185441824136372118887891063359157523733514941143255e-393 
-2.773734356935403658772214943204230248563960787298764487833367824057470620251763243903992964e-906 
-1.309539174915694983544659793988305980988346010457549289556050146882762166202030081655779989e-397 
-5.194971578348105985100321529100037973312276413556695711019904608803048825195682868446493815e-907 
2.067737543322402301696472196208891130177855848153566415865905471467864354143201638177490678e-402 
-6.897781425495464733745878367530102682436498944959845291715894897297696765269652298164687285e-906 
-3.213637968631971756173721909365421215875787668316229273450894098066898021800218038626269561e-407 
-4.703926903422634970468389771072966935380667219046046374251046291771931000012547827964669619e-906 
4.916889736270487244127864723019448079880545508122312506871158925767775023726469716039970860e-412 
1.252910408297254478457707815502756007062034004250051648570813077732363983488908246791687363e-905 
-7.406994157743069122158410462351605491233922561462593943748642045622486207670874136137395065e-417 
-2.881504643540976022569700859876755174699910704073365143769006342696642842105050544129658815e-906 
1.098794018227244083639733144404373722441671482958229914743372100978519232724920437242729903e-421 
 0.e-923 
-1.605376141636648630768257633445759884619549097985917093627138697195952599050067545297386480e-426 
2.312915559175825502705295739767307897590052856906009883115926130811308633982068969767111868e-906 
2.310392781278758918362383510046883154802276589323406050699156851953164438776224700716523268e-431 
 0.e-923 
-3.275702176256329055640672404642117551087381220427804098112541603275394555686464390594992636e-436 
6.221065524482015623764525578411868091525419418830559220054496159196910213915633375327655233e-906 
4.576068365379342856519535845332730537186054258986291380414889818584638116054693338011283777e-441 
-1.267959113878049770768365335278423301129712227689053175712317271318346505786621282142862020e-906 
-6.299541111728469549860959115981642496700992823942915566039277904657612770680046415430788701e-446 
-8.306593120107611921846850016860446215462708806050697040894093740644592916179274109439955857e-906 
8.546953970774193152686284664089522379362779392048065080763106687698850814736916992858378399e-451 
1.909434023980970860624962415745857063166931619344944259983628103063530779801491576740276005e-906 
-1.143027090863045871570731368578260225578844355611676150223366014233093927169345075827867161e-455 
-6.707457694712070130805521375932179619629217170987839497347165165166163353956830833956970280e-907 
1.506954122566581964808683641550925544229975806217074869717973953270124238314362667654670914e-460 
7.908554789877971429563123301493725174573289717011847450329293704162888405363703488828860209e-906 
-1.958829011835745331148358004519621437290021737159658158263812255882853350945557701395266079e-465 
1.632292753022601009923431032084762384178279718219609998186469099430707377060074406415384044e-905 
2.510728093545244091936749257905925505121179018074109017763876283850943722258365577470975534e-470 
7.085269740787672846506758305286384181537344372748728604836627400549751258925078249758558883e-907 
-3.173673282988327839706804760837371513476769476278171315037871298542451900258307982043787277e-475 
5.175152955969619565912824566538247095152459834806031805859352162715577588847730841682537805e-906 
3.956725561968077602493877671947058849844803568391464513409484345870554950621059336091670594e-480 
2.877422009469252578455525801109246448349493893727480051064015803071683158998671306619107487e-906 
-4.865995724494191908445369934763385765066775386609483970761631024616829906266632168769825692e-485 
-7.472958711970882645327718902868762880934481926270595374266235771563508790399333207950837369e-907 
5.903636740554410213522948607841682793914929107760572359394225910856939298703782962712903965e-490 
-9.220913610994313062411760050173958878384392938526353172017092668756256791925930733289414686e-906 
-7.066897897280162961066297389077524715266210415859030384313821684365383918775419377154158697e-495 
-4.929728200437812990543290762092359943781579248324642868005070879080083639029385846451047077e-906 
8.347331072015203874745711877288198032178024084210543027536319366358494344962458970093848104e-500 
-1.574339438537562205174435653027332115116973304746979494088518016061391865552204873583096435e-906 
-9.730241756908200650083324255197791133279508193069068121805187818832166957357094924416662904e-505 
 0.e-922 
1.119447012066707817641027985336898575606797025796189158691684644923164432368283249943998557e-509 
1.771215723379074710288137749245518287701275810008293290259705311162932511413188399221494723e-905 
-1.271256980070795335997352559226997673926726495179424328348962278722677077354681156406417086e-514 
1.449089644730696767289627566760978015454530018265552941123377891768311692185954606382254618e-906 
1.425142486692406223176087699779444417565434879295243923270370470145699207904088912993910914e-519 
 0.e-922 
-1.577331042892836204235096975074228055111577588112106668101702441039847400049182414569309560e-524 
-8.355366338867037372191373283886277214136709059266290220672428757739763816509916585466244917e-906 
1.723736284449247598116952487062859057862211861895748792552046464555512270691061356728681147e-529 
9.465023342034678940317443314170954554690994372371078339051749807370493493661374057512371719e-906 
-1.860138551606093861882247635724092316367782432006657384561506932724573413157952568222633147e-534 
-8.842067002219889431692875229452434313393247875609483891564644339814379949454752306491973167e-907 
1.982388035337706753463722983290271197178061450037473109883682417314117957513582632558086511e-539 
-8.985256042513382698374165937837817777495414805957218119517271579708616461383357491476136884e-907 
-2.086616749293973574160560262138697287158580211956559390053049044952851366428803263531346440e-544 
9.578177555104928388650243822543305559687818334654976224133575249146073053458285733365135061e-906 
2.169444039253777513062905214874115810010186479759754403849797613473125082294347740304416699e-549 
2.318702472038274346076296224637432505938225370118014354472473808207271915700579151817948704e-906 
-2.228160226069364691532338222481043110637645651540767349479049269456839361522171911844486960e-554 
3.428410551549505172688001434116198584081953359334928736022123545991299678786991389386149646e-906 
2.260874358021682341190324910715569663858124084426607147802876417412159605497731248596712065e-559 
-5.911255074044651539723516546831125230440501824147774723009781735082286408119279733021944463e-906 
-2.266614809792571770333633893803372538071683738399025357298759020527752034464390922385293680e-564 
-9.718452935582474726561497878365383708139040654123327118069880940612839564632239462780589654e-907 
2.245375326834157443287316420296441076131832537385655654374069335952087558361531605883603173e-569 
4.842868333035921942663700099628339371555097687960336291781536739986639325690676678606779992e-906 
-2.198103664028805740009748313760411346863264835369581834679405976838525985058894449743055369e-574 
1.002105361945970037013007901886642767999482282047314181747262760081834038411786128677256090e-906 
2.126634717892795329344139288237021609271526836391358106198474702432216989214721922233566798e-579 
2.214128230080723006448819821187408345818737484236226208952322338342190007565782382748366365e-906 
-2.033574501244497959649199683652360876392301776743696500911475848978395893060041672333921228e-584 
 0.e-922 
1.922145008460294452793854104582956409074268400219354817694275436856652573744338628597951631e-589 
-1.277416471192325036846423708234108269506000130004858071878242018498143020424564846660326297e-905 
-1.796002623834528120476455246893198971474467696167479027689937354172450110377314213832500001e-594 
-1.267363730227933693870537203981104389792922635342775577294589865238947907548307607955441710e-905 
1.659044033428447110078198455161452105614928540642918979155176367706034704352410330295622867e-599 
1.277987716042321499975419535947239159612641509963314112852418067684199199991568842878282160e-905 
-1.515213568784598519274127830387659280579770402447375050787594076361307947956335748861643357e-604 
4.444119240255163346113383351938417943519222754486443106050711148906948603583334568442715736e-906 
1.368324647509815809791005280601666147087965822743463081382594992514491737124902085917316119e-609 
2.019960056589843872882384813622308651065939615814184111291229009653793157200052525297227823e-905 
-1.221905715364392267284819329134184027168885336605088026660534289674912302331611914339396897e-614 
-6.641376685380148713775733608143636860343817072124369760975278219728181614113708724891497620e-906 
1.079078157319805681893604367660086197781147212448513300012837119573489750243263649654755518e-619 
1.994228482099397856731834922240713084127704352378785717353714458677130483632508450042056743e-906 
-9.424703900067959479729410514531559545104401271997901221797368686368707055724266105202507466e-625 
1.782718944118253365400758533890200935544316822807991142813608712903529077804439099868727694e-905 
8.141691260601402114733797577281892088729996333307494435111457205206936126985921167650355540e-630 
-2.388573103796644802697152339750651589431997113273202255470675294410659463758831963826052761e-906 
-6.957059151398978033818777995833642151924918284300524168674041448707450116802679295999770463e-635 
9.171539477985799053726789733628265636399347301364564505117366712815453728537463614572535011e-906 
5.880747433718193689604228268282332345149495684254278122167485588897966140738655137840647915e-640 
1.311421086611078181399462473629480011835978801483366830000182515680383183645961183407336314e-905 
-4.917748475421979314530926307801034330322677238387414982470332824779567789864781259291329364e-645 
-6.820482837957012116562572478480859618738437187740109591042185898786569107368913320881461907e-906 
4.068720146134348855484846644437085085933213998652331979816737985842826180679172245528052871e-650 
-8.355239203066527173537240160863833811577928963739550914202662090339164824188302418220261235e-906 
-3.330714503590599480527419770661594886558145744032012354587146962136299779280317811344277221e-655 
 0.e-922 
2.697957085047077830528400226591155508463523921767177018851465503136380053822081717333211115e-660 
6.631140252035596859261873480923709299233480624902983479638135733529119439326589129543943117e-906 
-2.162620281249140320341635694213145474680843117830202349953054535386219131656783578716115028e-665 
 0.e-922 
1.715545693664059258191182133211086490491563910425115189318878989950471781294208190349524183e-670
-4.069434416730876474748792613523977396952283770571226237596377912405513740431149380222655205e-906 
-1.346883069283632848678014966307281011621081298967948882243892206598196633588676577675413489e-675 
-7.425450766696350134647082448997542565613047168970967887087571842308968386423746379210124924e-906 
1.046625985007334949956304887207496225672483250720407969089410513025605022103511839085058247e-680 
7.813456541400297930735930661509106528150364026900659535877886997806886529045940984099631945e-906 
-8.050358376169031165377125953100961782105126624809115317747885983344931706010975371924354504e-686 
 0.e-922 
6.129551629159823326380406044832305314210055119450159438251635154142970115350792986790211824e-691 
1.379703942582825664111564832794052394906958964611560185094400678687454527052522565217826640e-906 
-4.620184862099703250679607418457137594205711591525353997995456502574752666357581035550829471e-696 
1.038968713432843093536424182352345442406050993903062386437892976981458190951548919592675239e-905 
3.447737298657618312184424828725071067198627275121983637556187766124834828072842580846388529e-701 
-1.190002132391618211034005036780884033558504116057106113742270716768995867853786132234059720e-905 
-2.547298446880390719371206664363706406110468018661251972225711543344137233320388630285290441e-706 
-4.074469693236848430881425457425600963994348128088367629331854362470520038705786077181008097e-906 
1.863471235220440300572350383421998713049544802358496032981814473522726677890228308929404989e-711 
1.493341779949782228405927867175679637701566231518407311856272775009613649824443193661069549e-905 
-1.349860161559543057141819706259591722662738797667957170801030392483555530402588939845528293e-716 
4.415141468152633106972616277582989449636388216274834524602293029099814415680870836556794567e-906 
9.682863253815643660092638011091555488189463336264032804845266776319558678334013391331003527e-722 
-3.811361560863945733841203722212985054399461770966862266912358223834628570497167380732605227e-906 
-6.878490521391938243307521130245805654016545967969526741887392297747432313929707693604246702e-727 
3.746605441478358197763246693312349532402739466918224281610922782049203280545348125445824411e-906 
4.839292823480894416667477241530495019915071168919190070477245961357049117704214105625470028e-732 
-5.556073036060708140552182052972456402157956106075030797709555912767637000325250819996572470e-906 
-3.372056645278826560875093510530030103477614877744221247153211602438065216840436008106592231e-737 
 0.e-922 
2.327322204184243101227800778620829140431737680121116179673104429022504238999594970401444373e-742 
7.433649317646835179129834161703206869633024161546649975992943688898174355401070144937626479e-906 
-1.591076483957925387620056015284811887534045610143732522477809790572514729921066766394119156e-747 
6.314814197448067912739060860367568855648622212631778474346916482968314696609730727486851472e-906 
1.077512727173328695595499202693289988790329961881557901910846820680238314357749775850392201e-752 
-1.306610609801421332600002503127346795205615422896260804630548965641850514840659037262101812e-905 
-7.228933056439411064466520981932066044441618425421146436818350963109237589513467959605395939e-758 
 0.e-922 
4.804738985384581167397613464429472654034099780400046754187032115502735042438502966988067195e-763 
-2.661526277056483673636849832065853230217697022546789075022345235836429499750054114113459048e-905 
-3.163969500891040916347943249917217879366173603632004850364003742646782107998229951953429352e-768 
3.323553297341546303770365360118521959524297001247648328405726932897688151089731608315469557e-906 
2.064355517065987853602233823790875314878824020735553203938409386074586171961515860503822714e-773 
-6.379670099060874066657309361703058273446242687637659072482374684266145783256210812996095968e-906 
-1.334593402489918648799851148034779640140914180955276316529488694482569135279647513650251742e-778 
 0.e-922 
8.549644129643820328937272183244820179317148891153289693841725596737523633025748867061050869e-784 
2.435938775314498324939747098822833119751853866102797893680211123175662116935880097415791809e-905 
-5.427548823818156370953381717998172054714412285210213160134753860587600616571603365333041992e-789 
3.697367718908581288126718040831964815518857243320992882133196417476881537864028114652355619e-906 
3.414584632028976282353927609528749133979371781506430270825806354674436113236883001788751520e-794 
2.419959870617956560490112603595111909924941598351087406618741936327917933961249996979115240e-905 
-2.128982183351105831039097971409040785101514330740725335376282259942072327566156020560419759e-799 