4.945809516191434423520471133910128153986776629647255325224586439436528471612446754321743631e-1 
1.442832742932953870754016009374844306355914548707800726309039048617261414680794853640590512e-714 
-8.866081570047235796633301554176927266790974258385061941177072587005553529223734185401034493e-3 
2.362330791348474927158352228547553304898513230713199565021189892015835631458569059820638596e-714 
4.266629287006040589084111197080891044734871155492089830069376223502830685919763439209664398e-5 
6.147649190699869424803439473733983425982098826710542005948226087112416774402672142334747012e-715 
-1.068437590273835669927779355234750148593727452217269631873757188600334192257702976455976418e-7 
4.495323231860080493452144602987256796637473931897501271688395578146336373683581453106493207e-714 
1.729777384648024943620340270342142066841858592882216614013043938063989752599473061142956297e-10 
5.684373444334115515725935588261855828412501724734329341779582695406992209149155301496150106e-715 
-2.016667688639413038107403301354720478618140214272299259130610729068231110081598793423592136e-13 
-1.154111682158425680841156337720265659696338605622727055820912083628573727240276819607643356e-714 
1.805786745709698506463247001509462668790811893428269986029249112574861049306832344790445383e-16 
-2.835657395807632683756177148904435320613108737632949226539658344139193391710596690570064090e-714 
-1.296305610179286023254800608968903727752690200184969491493102829238363557540019496633407594e-19 
2.499156487519862477389793958317785954234149069000459625398970418614582043275178785589012660e-714 
7.692224491241195157246384648297453185594300223239332733326582784482116559050495993500249502e-23 
5.934551073134013898822228150951536429926868662814330660038800346653216719188330816513405629e-714 
-3.860798983866692755830658155940463143434198092588645165950239538920972273863976825764512893e-26 
-8.043049021167162850829005827942715926268622170793822282727497949476577326109660733962125720e-714 
1.668603839420469305411345460370129161322712601762062193237679971553769677624249613913587214e-29 
5.551673910151121613978720050232189245735462050961230504042228830145415728295894139244265283e-714 
-6.299517945384240769653864867794966001152394461705104367786997037431925698233978510944328839e-33 
-1.901623115726963726755636389064022603341775575920913844628591992977956377801946187974829333e-713 
2.102060332064914143916333791751546261174427346591636716061502939667014157173737849759015999e-36 
-1.931326334372656442701714197503203953465381338341517620028810918789440098700858241521007917e-715 
-6.260823611326486293930505798368071919977111799844311016262376974012673576598943175873538939e-40 
-2.087891233546419531553625948091978173897475419864451312142218401239289063396692361903633276e-714 
1.678354017165897801964125753363204746422731015466503522089027145164489044468147918949434172e-43 
-8.525908088423253964156637836865603260640646970291098153579633409140790593039527219408445858e-714 
-4.078588715547074214641452015113794928828784009590568710637402203353072705000132080867879805e-47 
-6.462210954790045163350164365881225700938330087417539939472919871587166013033883388000719718e-715 
9.040893211916556312248771745062600234081344577276650078130379532056044808830599556193614379e-51 
-9.006571318084387855346784831581499945337624091589834358674020818308656590574710671169848199e-714 
-1.838049248114226472218396309449264305095923385778452608738713741254896303453725165549640345e-54 
2.380484958091603459671109580265725481521841461247630798215357242366762625422449538384890576e-713 
3.443841864278198771071004582678124692154526774682611925283043765959667466928293065120438682e-58 
9.474640803786335224941582744949969134769110321810262582902266072345237889651705404687280046e-714 
-5.972239361169561959878695814601001700724506536944423284436646365292190969125960650372856378e-62 
-1.073940954517925494910923230062232359357362558659549635151341269536786869350359920306323885e-713 
9.623086669670064642761000571031723673994606564780724714991257509624594320032020775698751044e-66 
5.075763461187491738520119308758582900528155969348624892204948099925750713087087807517827541e-714 
-1.445726587586762052339876187269610053542476681716858475975408910860726318628488600346021630e-69 
1.281271932940428758459889425892765168752800468836405567633385352130940247261201104982342345e-713 
2.031529971011560291822123164946316017856628901205368720536860384054984991417327787369392621e-73 
1.054554111502927630745905660676001273463582973195792642164448130266303855791562332367504651e-713 
-2.677778273076259440708677249996410101779788205209200699519576883282775410799430518947793353e-77 
-1.669122441679882668295732280677306054192377222516591676875817325635814316108144332622994245e-713 
3.319581388184975222071938382529139257127557114949354017199828552351839174239308547449269381e-81 
 0.e-731 
-3.879711724921352815529761346187418970318084794527690906038040028780030564392563845158632914e-85 
1.295111915747048006468735667331398859777727663504850788483382079397331437093776206272055009e-713 
4.284411926198596809047600239440234232829158890818895472718182539405101564941615481856665018e-89 
-1.419529614005047662204591541076198090757352000302104089138612755624472631424562295519113752e-713 
-4.479754632795911285045760096237733620804546067281025004869046643693215863035263296080319307e-93 
9.839221404732425276212608449365775480697942681341327107692385220350306679881064664931673416e-714 
4.443441602392851589141484310804301525727087512892595700343812877472757247628126344732405723e-97 
1.753726127452096795844464232367872692366869474053603587129786666993410806368315328400488243e-713 
-4.188515895369732321818639878742012681775347331898244864725863221724798503584328769473709400e-101 
-4.218312999076984669943804249860841705438013870145845488018219630244791099620546054062389685e-713 
3.758353234466460090966106382140766609464708361837912105970574407451934643199377007210330108e-105 
-3.892186164358459020068008837871585381131597179061440592240989523115987874205102770499721954e-714 
-3.215187191935567278956889560275346828437506263272354147129236445394194857338343178659070023e-109 
-3.646952194320264469664635788066714264239977894892388406237126246146200585347005202782404225e-713 
2.626142825010884291464087974395050461037032888883204065357540686505777373677442750026189727e-113 
-4.512978106769494312199887456989225715715598004750457149233024996180216719616114129050107019e-713 
-2.050820155395499200976396092708864256440793565478874148451117845052478156937534431232268457e-117 
1.690123920340511091008708410554224516434437678999676315991589127184474411518508502859010143e-713 
1.533178518393336381293649112132038294260702427486655722028986578862383462420982372907281043e-121 
1.802508804781997002936604217195245356239292507097125125152569895067559417521062783000945372e-713 
-1.098602527162625544900473771377468064983246126585428278820172085662571882408098226405278183e-125 
-4.548149932905629264692724116764804868186193813781210941078639328211932675114992862146881664e-713 
7.553856484787692094990630318671023875538618114583694844074656885095345913910873886345342630e-130 
-7.870124266111193109770421471533482067459437525878142876282844298945012478684682699013917596e-713 
-4.989394231998291375573555831183800797381368130113145563990603000606852325785999060506471242e-134 
-2.740538147646909294609955622627623090950419546154926627199126405851911270379884404514132686e-713 
3.169011648173087253740682753732397606007924537207779521850652979261840775821413348591494846e-138 
-1.911124678794184540449545263224248806816974931562530491821133315368798974782405976797598233e-713 
-1.937402877927431827677341008146297469094305267668440277777759187995377459806278073336942197e-142 
1.848585515835832272101508495344781351911663823464986627372830101679307075464906686825655503e-713 
1.141138147664290525225560316982142117753565102064391864695527376925153507583457375958677798e-146 
8.299468075424046717485840167667662707400564881990762301752020930813676863393655645928330528e-713 
-6.481286929608726639130985375499386710562690482821099264517963540044427325632465590500552128e-151 
-6.397730240896557887067801022064633704744418191693705110598356432875875160336553443577586812e-713 
3.552658431988658887823878032233365530232731511765739132239303086576693841765638165418766031e-155 
1.889926153481217956988388313750640814638026728534640394556353815771131178392101582606133493e-714 
-1.880885819769073462127802660154967354245919975400012208850818765844233148497308087730307070e-159 
-2.200989199854806129895660119397250288455507203787656702167143120419996085722089362258828542e-713 
9.625428547503040214562235162288598671488727021516623411224207834241970331557133272360923886e-164 
-2.116730157854249443280041634179185055568759277507709301696208548338337847055671957401400093e-714 
-4.764788502029873012182903316303640324709513717368176794695527552845698932617973336938698511e-168 
-2.172120905366577078682323955438380873865972752379867733074696902460949601197531819097733388e-713 
2.283161604432349369739769329713928326013178014014841136480408382594092553140631821472674576e-172 
3.736758302727378857984264400640334052400715534231638964647036520514352975420903490096735745e-713 
-1.059716984596711656227318186427656990016207578700391552501346745755948948682519807451003567e-176 
3.413151661020970322924592109718614202709982941576742105584054724447291783685046828915391272e-713 
4.767405516127331866406682947136747531837906785745173804901382909886975008717278993633526456e-181 
-3.645257945545670374865648556197053135987637681983324394875919459644640101587365548770116457e-713 
-2.080083251125110954328102732688645466021100690785334911942817497359635310829935994593410678e-185 
2.752702097502854939820587337669890914459988425933323547639172632911824524208688833786335065e-714 
8.807296812201715938525743948754285650625881085705947341783144562294551478969033893833636544e-190 
-1.445801581342610315465930625383075991874752729024939988342965972024487540131060549968172820e-713 
-3.620885065967349685050370692886500864031717810163751099891625624328626408896029906165325414e-194 
3.762159668718864841968352670728048100703049792347816577513055025992054842448535785129984220e-713 
1.446220588854792747486294574400160850211455013435267786039674599102345932773609684452121336e-198 
-1.682938507671525087964828231300465214422453829769971489588440147052742925832420827469470016e-713 
-5.614753189134994159014278595188032557100535961914892838309512391645473919760769350522058047e-203 
3.334606541890700187842793472831032507286160092731697195959013590426414649854585287003179638e-714 
2.119939149980845147911077927222599690842197248259301146180087119451287266609700406175526717e-207 
-3.292698373995843604268949797034633234291144406620863349882257668628015587072654402752517119e-713 
-7.787984200320787931316938454072089402624769255757072999068375410714723338718657666661375175e-212 
-1.706116466394033237443969106244043840084601726022391011142355074632943627605115603096999936e-713 
2.785098274908537434884586294642188772941157090707252752271565814162458468159676952818055799e-216 
3.657539568613533392128910708534997471756471596793256847235055159978508078581276784287697505e-713 
-9.699906262187744542794447556568173791703591344363112242309741569020405220719549199425782045e-221 
-4.373708767338411935170484401023606345165706181944581438395335911605196607728918358755025333e-713 
3.291524729295574243559301471310859770542501172069256828935584185026056189938291461552216535e-225 
2.079575960482655795602606215161218431603478723773084363752013369289341544228823937006498724e-713 
-1.088714252991897722689122289913873080130277084044249956355847656937324092325579344663921858e-229 
-8.675006850600607465391409587573291426586004622993422185115086121432233611224106102695880687e-714 
3.511530559799461968210593675883211687146787253225905466498314085836327824641213830761039318e-234 
 0.e-729 
-1.104886161442284023777676028280714941795453767596463895504889289005626127059748444950021515e-238 
-1.882824216197849355245834366342917560133383239266826621072233094829809184449945292756251494e-713 
3.392692021278196551686790094802896400302853114584859743416396132265585618713194936710971966e-243 
-9.797963076955341508320704801633704129347393933630478067644158098566099041267141557019133697e-714 
-1.017042752190267103104923470586538297375918715877758619351750002096701709874360017526880438e-247 
5.095572771020188263349560539447403728891240840487011615884142172809884183710094511803611218e-714 
2.977548911992372394008784790687297053687181424526000994819171790165717952972311097653166936e-252 
1.292141987777126795917256330552431625310492126043637369687710867008325592737161599678886553e-712 
-8.516395366406332860080596218113174025369294032302698410839749098913945497999720321220166124e-257 
-3.300150450610049077930294575574683818040426828683453731088021199577392081102055751605441716e-713 
2.380552074180214420625051168883551334528958333677317919273658518370215710924130280070196847e-261 
1.018579912518330297418886432930319062945731471658780431088173231939285262394484456172583084e-713 
-6.505308811216428388687412078141871331853417331915157466303297973622532133459514542714997845e-266 
1.776333449803597470936965987917916731857710061107366166482452473297780737223730787090357976e-713 
1.738464216351509274205696024858025886407832680128014195939118327007219672779067034966200949e-270 
1.242122285154678094894822198788610898622741492013300680486294313265321997434695184760961695e-712 
-4.544713100111172584485642792973366914441151984035000046717285645616768159929622403068017652e-275 
6.371808886978023518882979550590315805896277241446377705799489385717069194181976068783467938e-714 
1.162576481392761753067972557435985191919603057287495456237561535524058086255373412089929881e-279 
2.307841411190149662733638422228919772624227547782649489327045797482325903979022300356410512e-713 
-2.910976902568857267185715785912960473732434318369911026675132357960894302089403278122809058e-284 
 0.e-729 
7.136454120390496081003750319928948047618726091577172304895179985788326843903308821925503149e-289 
-4.634750725022758498833627921760538126546316675563822915577310799929632051067773904557794896e-713 
-1.713458789513199871768494312740931663600143784262646444673277671034011386163174107484169750e-293 
1.316714400685492785400906744210369386971894772293092839867192411747557652155889008265123101e-712 
4.030232252191177240803384127960363489077376158370697202603106982728549857597795446988133705e-298 
-8.666426053174861918606488741166222175720903636543749707930013601692603327317073146813327793e-713 
-9.288944725991733514374529265224427916537230943689075010500620486969491885511441705156267519e-303 
2.849729834610164611540325837659386222852954681281935437738823858197455876047845757685171268e-713 
2.098428992652540834428282455386884288269493776025836681032913158719125517143945112040510804e-307 
 0.e-729 
-4.647534476364353808398259474912009205330331304527151652840420375316899543404139205167260997e-312 
7.906256122437217950470714514883348719319537927258597189201385359582630067796983570122482020e-713 
1.009386538664851695337154496672951197888383525125342360014720577961526555793463354259005952e-316 
8.288266093763721436368479061266030459279529491675404835501766071754972584764143497820824344e-713 
-2.150316592751037153152895756048579383925299421912613597302282406610443384947222987322179496e-321 
3.108009646255144845089353899274334183108770300716104357123775692358939283654204856128873609e-713 
4.494260407325850148915347428054588730407375904356269640104084762130821791345349724573171254e-326 
5.720584264969912078510378892370317515503441667840245833218389658163663597619255748126170809e-713 
-9.217718891578279727579475619789183223443596072399708986717840636567178857964636753261579800e-331 
7.465532144223360328358927585691355625912713434038010948247845801353383047744819885196267318e-713 
1.855642014041479926836313730539446064996648617768842224751539255778040637189017469716887763e-335 
2.181547340370400713048055380188679341388174904293342525050462939318228554876859537957408502e-713 
-3.667450661130875945454521797943325413975160771270688836957439827571969580983994590525810064e-340 
-2.021343411176750985497996229797520151005446656401342628241273748473393853721040144660594132e-712 
7.117465132209789117230697667724599505944238629035871764652677659957788229461054390154623686e-345 
 0.e-729 
-1.356647201858735838957891834715055171386611613879951420311951113499790679345478119232580838e-349 
 0.e-729 
2.540250127058423162447097189724814147686756291155794265653998466365836890425944227232739038e-354 
-9.048116211875627875441095343309292319800874316954929692746939946168363973686347163463457285e-713 
-4.673470702713118251260648919855850613145160516553504491892532620285993053594520240026614226e-359 
1.039765108553510088784527313133278423427070452451788572123121602558829387629398606375223200e-712 
8.449667984395433551385023606015292247939230612165222885999452579312549548898867814873445296e-364 
2.320672000666114668662241092756292391290956162512388725126284971376308684332454993078616066e-713 
-1.501614970930364449606253377562858228099857388216051000093082378771471012415020034151350054e-368 
-1.193270147262892460970757026083711208293636527725485293562405107985063396733050181702627742e-713 
2.623471339438020152081899177277020125382364112696013428520199950000372761409436954468357291e-373 
-4.677362368335065060032735346464568367468912714858823413293611346336024788090638310104863440e-714 
-4.506829067658012765683160468688478504531701530861678448238085296271914447520596707940621557e-378 
1.614126872847771969822527151636159753312175133029496140397725276920249746907120796840080060e-712 
7.614115255031021483005101904418133315162231437489662034535944874768927801292618437191990171e-383 
9.188592941906803423315374055106413331461597889649499372156131943598031337646454369832416139e-713 
-1.265308296500885703111664399710418608344083166260456844973999804159016007349769478748203891e-387 
-1.473124198430503815097192251857976464370538815668723747098797835839209769063407580531186045e-712 
2.068593717911314370735726577271249681995510619583513262363468974566635235524204451423308795e-392 
-8.681053712334692308266157379411936964829411060388694735203919477623970033248415448519587011e-713 
-3.327575012297937295733804508401784530045379996572601663781185023268259559957423080319949066e-397 
-1.907607071056959831207353128360179280000736934257343610470731310423499958786524938845863596e-713 
5.267744661492569163840273933198793630188847100999738486471190955904433527158515716639982857e-402 
-1.834973446777008064859894307891682145335934575441440045866687576691858126471722286621041137e-713 
-8.207951126031882359469366848196105392883193226097555169690330375414984323088841569614618964e-407 
-2.022469224028655581143762774369511892107423811716495949279458953328732087057353080016574775e-713 
1.258999588167182754648722442336476982462505532009837900912655186614298999519387461899120707e-411 
2.184667231890949135692028157629850300225926001212092594929775814355431005892975643344457398e-712 
-1.901356044740398988095566171047633868138489787849077886163203645976246217856707553321403729e-416 
 0.e-729 
2.827569588428744571405244290603474772244135590839969632685196013748239721625743726103954070e-421 
9.004061378406132231038381283298931712700607761438028521875734150625538482066687547285935050e-713 
-4.141320461051782553583565351031223003689278348616799925183099957462904211286705040173975239e-426 
1.152213881608687987622763114351846841064390457485638685180260407675716265604810383792470269e-712 
5.974513214234800989444161314770381092006274180438236589552766154936202872536875127976798704e-431 
6.622363556104938393816271562511151308440095544828424829484674038703829504271265048602406258e-713 
-8.491133008355727181511997351392459083038979408048016861918531170321984082749291553774462250e-436 
-2.568741299263649255522717206870201130047572282253629597165873012956310009326664578121104159e-713 
1.189017684095483170422615535966948022713499934593673497592908813345053934773519013435549706e-440 
1.013289750929642950544417819755798440997776744023480822418600323675532283341429650199194906e-712 
-1.640701347802904656188901323929746315591702421512221706831478902465109134783055595586023504e-445 
1.745468027075122639095982632406000900844550169850079660564010265585335538991336225870485958e-712 
2.231244762021809585204053975206244126205290996117585802827380640036230106888180089948456471e-450 
 0.e-729 
-2.990874545371852495857669160282316930195658252427580748467979400630169603928581034574576431e-455 
-1.881226991859795777179388845560074263207843722939775376521670835483827100166804976671659225e-713 
3.952194377222056193244014218524524496736337551214179926354178522333002734785584729507302797e-460 
 0.e-729 
-5.148993230791349069632664732230476848886030832167646884240670406593114657166331647322229703e-465 
 0.e-729 
6.614607865594172523672225715937302815488444372499898962706845640498101244639067552645902486e-470 
 0.e-729 
-8.379855363520676662346451289596524131944044288027156780305047265369673718469377542848808680e-475 
1.014391252135846367235708114406988944911300660284419987013545631634804679117120155604258741e-712 
1.047059917999473297775318289132114107884805418705133672882754295698984564359366179385541745e-479 
2.106310746003626701826958496325939764728296367686560639513228810312390937935592965626111738e-713 
-1.290506488226161186812388657292096695106628340186307124338718571104958031336518583087728951e-484 
6.102031670992494431569954621341704129398887187941262205610260292097464530994570133009022797e-713 
1.569107398228809337338917660755787064946061619686899813691144237015975638517089027898316039e-489 
 0.e-729 
-1.882340937159395000615829701774748637484513116653158667415239982378209765306847277987518089e-494 
-2.095259022380145449211596419055986540207782298805618538360712701863513526177077888375130729e-712 
2.228155672482146191448628096701008364991168948272908178126967966541001286998886369038727832e-499 
4.308639445642827901245344451898577039623337276616903883201904951560857306992133145510665273e-713 
-2.602807630131004435603322098280675777796352221365490831640503589486825437374705174591383854e-504 
-2.346824274059515267389038801617758470830995047641463130443474431854201693363724859436062759e-713 
3.000784390778358073563631632392830593301690770905063910143015553244299040225333197145529954e-509 
9.572939355729208633602341590403194824499593066832177819228322483413488749485076584148487968e-713 
-3.414835608434803617529530277429962152693550545989026736115699367599365495496164081232781641e-514 
-3.977774354974753102355595316464100793961077144730089051905816826958570389979666221762735997e-713 
3.836122389868564364417731682335958252905119825122462434105512152598220007137336597144596025e-519 
-1.019976653786961358061976555732508680855475263332978274584538637362263198861911720878689444e-712 
-4.254488681630228136348910485646165919114527624951243938907067100867859746790484241970044597e-524 
-4.029085079970582591688438895785578836844068466361652661692163694456759567585208194787982521e-713 
4.658847115354045653182899987299833430699067759560427730021621094269918261086061238484604979e-529 
 0.e-729 
-5.037660749185883223463042432232421947650143755488465782431860104339799844988435144339472627e-534 
-2.311024922793525207298722521141482995303154177910609392571687913728909227694696020902163991e-712 
5.379492043167205333974376404102071923661897730404550321923632622073818292293606730315538385e-539 
-4.391739712655580854713529779909026855558491877614578395670623466442540674273291878475599026e-713 
-5.673582431996584524070192721036321502023326159418467602578043096089777167680269012187295517e-544 
5.668253881610631171695126711306981077377398153333884328179908068660501996951922477125852488e-713 
5.910421038577343419598120318793132842226488399039565914174968033895874952140899533248883110e-549 
1.679303680153056332291461525614857202089393010999326459223933266473035987959292981279237520e-712 
-6.082260101044245388124885476159523114122965626557434596093208989548594010779762892273037865e-554 
1.062540467247227000256762666628041277295602302060871697386166244163264147704462969999426784e-712 
6.183537817858860514403255354380495197107538443153879312806025897205788069977087751642767815e-559 
-1.854044328983873491842845245482872963559895196413229327762483946841024507092054287806200935e-712 
-6.211176314674815571182607835729719997041160110250807404775423058581757638157445417398422709e-564 
-1.627449178868236928999522149593986771231825819946934209155009379050312440132711576779657894e-712 
6.164732601074775255336697867884221895418704066432757100428118873528710144215446920021096716e-569 
4.570079488373535921279413323689844413968065492401424921417394862050171272141326329690802332e-713 
-6.046392635323781697509852758468012288708741638851271174224514150983428415201173678308726243e-574 
-7.791551997888854497105640483621923022994517094681531502435317483038883093455873538572048855e-713 
5.860811635363468308399733617536268552355587846923516512276726439303482573603814945543385072e-579 
-6.325603720338259901555663409496011355666777899211307067256436565043144639801709267989732808e-713 
-5.614816185381942779024066002279061107673347157061088076476500917313526086623298062492137560e-584 
5.820668072330641546553754653728766590891222607606692373688026967149674756590646105769868071e-713 
5.316994223730103082436416034631059600419627408549657181378954761145501083674013738699883324e-589 
1.148858214032994081057390891861152116573436886371473288401897232736892845917527585686326849e-712 
-4.977206661751389337346312159274000422077490121960962290548429634638853922230799705686919661e-594 
-1.330999705319824080570306941462822103549736478231179077148001971783942925600972518737533370e-712 
4.606058554495508770093229391527596933675192705924949580048748866520455552864582159034211666e-599 
-3.407213131143882306775783999934076895679186735449106671629915270889470029713864892106266268e-713 
-4.214368234689428061113661405921342715160784206886050144670531772741074904967392960704333430e-604 
4.240109355457314184136741214534633948207208630174634178440182470274970552014276407660219666e-712 
3.812669864959534692346695357770673710677894471450244617369647214257975579028569724893429117e-609