4.914238275932533430546504632014063988513417152825712368838923083305330514425561876194770026e-1 
-2.840824247881172610254582845479361056401001982113128462304161195452394497075594648169242004e-3 
-2.840824247881172610254582845479361056401001982113128462304161195452394497075594648169242004e-3 
7.638152745131709752425543298518496654634414716562176836958461386792719276241886427010816103e-6 
7.638152745131709752425543298518496654634414716562176836958461386792719276241886427010816103e-6 
-1.288143733312817994311643210992293495633743010083382563270753027045733691364373088063837926e-8 
-1.288143733312817994311643210992293495633743010083382563270753027045733691364373088063837926e-8 
1.545258682363470547790101674257476166708481310051577583675960798655787750631701890403192934e-11 
1.545258682363470547790101674257476166708481310051577583675960798655787750631701890403192934e-11 
-1.414880281818428541237788247010428521497100317290877053122289105644882150547234369136570403e-14 
-1.414880281818428541237788247010428521497100317290877053122289105644882150547234369136570403e-14 
1.034817717016729453868206418616818368081492526431707376413199176004714160087194770309735019e-17 
1.034817717016729453868206418616818368081492526431707376413199176004714160087194770309735019e-17 
-6.241446572954267230845949459956292361998846104529198108446700419325003439883081465728017829e-21 
-6.241446572954267230845949459956292361998846104529198108446700419325003439883081465728017829e-21 
3.178840274590730756726946730071417376309854379004879375082001217874857935057390124250071222e-24 
3.178840274590730756726946730071417376309854379004879375082001217874857935057390124250071222e-24 
-1.392416429527431384727234440193953272956149291924726716448881712114055164455013294140797049e-27 
-1.392416429527431384727234440193953272956149291924726716448881712114055164455013294140797049e-27 
5.322704532252465339494093106704720129268371569949790748500747959604864227058249121373116046e-31 
5.322704532252465339494093106704720129268371569949790748500747959604864227058249121373116046e-31 
-1.796984861867865070893794606920168630756486001846340097843981392546935324380290058914341089e-34 
-1.796984861867865070893794606920168630756486001846340097843981392546935324380290058914341089e-34 
5.411614406460900351668317252112751824573386691347504708352042560386876046643995879907745137e-38 
5.411614406460900351668317252112751824573386691347504708352042560386876046643995879907745137e-38 
-1.466016453932467292355623679540307844482976685760788599680406771602179572015223278313563016e-41 
-1.466016453932467292355623679540307844482976685760788599680406771602179572015223278313563016e-41 
3.598492547689555944877539310440503863517037168191184149561582334976857542346244477717370900e-45 
3.598492547689555944877539310440503863517037168191184149561582334976857542346244477717370900e-45 
-8.053743023917603083605152625237895115024801213774220136593586212697954262058587040210215908e-49 
-8.053743023917603083605152625237895115024801213774220136593586212697954262058587040210215908e-49 
1.652568302983389327114618242175481356888420287731400792997849286552049093458138414859200747e-52 
1.652568302983389327114618242175481356888420287731400792997849286552049093458138414859200747e-52 
-3.124047089349841127379034758575924617255317827190131190016868474654297002472740150803440200e-56 
-3.124047089349841127379034758575924617255317827190131190016868474654297002472740150803440200e-56 
5.464536133781989568501182391174081073685353073121922631219679578758898410480795393902654712e-60 
5.464536133781989568501182391174081073685353073121922631219679578758898410480795393902654712e-60 
-8.878776336962686908461164701534279326012478245840864609119342110098952379080418201632591141e-64 
-8.878776336962686908461164701534279326012478245840864609119342110098952379080418201632591141e-64 
1.344739036032235473991562168435632515335242582833568211855130101003262367017352422430902089e-67 
1.344739036032235473991562168435632515335242582833568211855130101003262367017352422430902089e-67 
-1.904526387737255718362444394355443203735287611357026816229734223313424627469404800490283405e-71 
-1.904526387737255718362444394355443203735287611357026816229734223313424627469404800490283405e-71 
2.529625916620995997002016445774903998805111164568368118099406426076167554635994402550093502e-75 
2.529625916620995997002016445774903998805111164568368118099406426076167554635994402550093502e-75 
-3.159332215802408626550089552066574845071255732357584692116992011970877495422423882093899571e-79 
-3.159332215802408626550089552066574845071255732357584692116992011970877495422423882093899571e-79 
3.719287057508467134308450048733889044318492032321985898618634078488488723908488237013204306e-83 
3.719287057508467134308450048733889044318492032321985898618634078488488723908488237013204306e-83 
-4.136401828923385476319894723309989814489245220108714755878969090271318584999974437808346672e-87 
-4.136401828923385476319894723309989814489245220108714755878969090271318584999974437808346672e-87 
4.354963132555224217867098212854737550086437667699662378967464897373085070204661668552591286e-91 
4.354963132555224217867098212854737550086437667699662378967464897373085070204661668552591286e-91 
-4.348906182026035173257646930123166141594265114225108440013629226197867038534513801707633332e-95 
-4.348906182026035173257646930123166141594265114225108440013629226197867038534513801707633332e-95 
4.126542005496330372946561063517026298097012735596111826014022728505558260335303727702468616e-99 
4.126542005496330372946561063517026298097012735596111826014022728505558260335303727702468616e-99 
-3.726729103177297731677264054502977195338860523429725003058590014038325059322207637462270802e-103 
-3.726729103177297731677264054502977195338860523429725003058590014038325059322207637462270802e-103 
3.208353934911216463245998853009279975414333679456324781043898747927502582793878465736509873e-107 
3.208353934911216463245998853009279975414333679456324781043898747927502582793878465736509873e-107 
-2.636844971934291455853776043652223927822276830008843470058434527769538670147347385236226407e-111 
-2.636844971934291455853776043652223927822276830008843470058434527769538670147347385236226407e-111 
2.071720370120903025060952727548702472467742050245120171587368528848065999468240670762259686e-115 
2.071720370120903025060952727548702472467742050245120171587368528848065999468240670762259686e-115 
-1.558055918966983275402540308281775242905955972379429800593914006927070256105654246737819799e-119 
-1.558055918966983275402540308281775242905955972379429800593914006927070256105654246737819799e-119 
1.122973048472455695401865345189939179768992499679351267690967709959075954723424085980623770e-123 
1.122973048472455695401865345189939179768992499679351267690967709959075954723424085980623770e-123 
-7.765861163218101250475867179201880176088997382570694037081983232619044161374124685269897957e-128 
-7.765861163218101250475867179201880176088997382570694037081983232619044161374124685269897957e-128 
5.158417771271864337048804959064204017135533896674176634178495337464005159755193150003684507e-132 
5.158417771271864337048804959064204017135533896674176634178495337464005159755193150003684507e-132 
-3.294562571617827046817035091452817996013102163830925864676750804501746467755092410870917435e-136 
-3.294562571617827046817035091452817996013102163830925864676750804501746467755092410870917435e-136 
2.025154708525424743634718130476642292481795020948084434715629843551758291425517073529003130e-140 
2.025154708525424743634718130476642292481795020948084434715629843551758291425517073529003130e-140 
-1.199227294865785804338100947946997786731770867856299295946182133378231125859836135340150750e-144 
-1.199227294865785804338100947946997786731770867856299295946182133378231125859836135340150750e-144 
6.847179129551469801821498797656631246197645472135239060894018504208274806896455932863796682e-149 
6.847179129551469801821498797656631246197645472135239060894018504208274806896455932863796682e-149 
-3.772720087249615851554888833096765693742156458510745533990234338803942595845210782406887920e-153 
-3.772720087249615851554888833096765693742156458510745533990234338803942595845210782406887920e-153 
2.007608754241945668006589731157901534966438303196741149093344843043180607603050373765984841e-157 
2.007608754241945668006589731157901534966438303196741149093344843043180607603050373765984841e-157 
-1.032567139023346721913116304715355523250976433423540829759709588475627792016863304320834535e-161 
-1.032567139023346721913116304715355523250976433423540829759709588475627792016863304320834535e-161 
5.136776237804850946262459079822770413641321186032721682941691105424242706716671546871371452e-166 
5.136776237804850946262459079822770413641321186032721682941691105424242706716671546871371452e-166 
-2.473436591963122765976491232169356228750017562266137670812097424375505363656612015714010602e-170 
-2.473436591963122765976491232169356228750017562266137670812097424375505363656612015714010602e-170 
1.153560792078282657289658064484597890056338745313270042650000114728304718339592510411695389e-174 
1.153560792078282657289658064484597890056338745313270042650000114728304718339592510411695389e-174 
-5.214221625384348437334974277808623778776249788570536364533956461618303438103054102847513394e-179 
-5.214221625384348437334974277808623778776249788570536364533956461618303438103054102847513394e-179 
2.285683965768498525567504695382252673574169673064348670961267890961034732364940526384959397e-183 
2.285683965768498525567504695382252673574169673064348670961267890961034732364940526384959397e-183 
-9.722508479064295536668009999084349088315703120614806617012331759008814412839400280074276688e-188 
-9.722508479064295536668009999084349088315703120614806617012331759008814412839400280074276688e-188 
4.015352491217030402581958325148772459806110313659335290136690417844568099706940691330034459e-192 
4.015352491217030402581958325148772459806110313659335290136690417844568099706940691330034459e-192 
-1.610981394549783600583089935613879716546581744321240590761148318326844719370555843514517889e-196 
-1.610981394549783600583089935613879716546581744321240590761148318326844719370555843514517889e-196 
6.282149677106008884691332183449223259849899286536493697424404754183361708912867485190960116e-201 
6.282149677106008884691332183449223259849899286536493697424404754183361708912867485190960116e-201 
-2.382308148474948345149789245649022167635330829583982651768641653595876772860646032788710355e-205 
-2.382308148474948345149789245649022167635330829583982651768641653595876772860646032788710355e-205 
8.789669394138757415994418446849057940492399693598241359996075014280534516627665115098004304e-210 
8.789669394138757415994418446849057940492399693598241359996075014280534516627665115098004304e-210 
-3.156731276310542455312744080407826680520346594504115384115171991294808289815873557902933548e-214 
-3.156731276310542455312744080407826680520346594504115384115171991294808289815873557902933548e-214 
1.104057132367074775922474812197908116261064914690444460895741917236876805045802680934873228e-218 
1.104057132367074775922474812197908116261064914690444460895741917236876805045802680934873228e-218 
-3.762062235683786542300367561157578931240938869118518821979270493646688383927487509637494757e-223 
-3.762062235683786542300367561157578931240938869118518821979270493646688383927487509637494757e-223 
1.249470802101488989143245748551479645094956060783649844665611300456445175458430960525500582e-227 
1.249470802101488989143245748551479645094956060783649844665611300456445175458430960525500582e-227 
-4.046421065078101472385921624857907558485259069865491154999545962915937481911735675316978222e-232 
-4.046421065078101472385921624857907558485259069865491154999545962915937481911735675316978222e-232 
1.278304086113123743290928832500246679191622211715650342873417010158711454379589001433204614e-236 
1.278304086113123743290928832500246679191622211715650342873417010158711454379589001433204614e-236 
-3.940789381873942015876084808084329951711608829748145141208430610886135151312575867222852756e-241 
-3.940789381873942015876084808084329951711608829748145141208430610886135151312575867222852756e-241 
1.185989262633489258013324856365946074886494807101941433827732675927693603641528226764409530e-245 
1.185989262633489258013324856365946074886494807101941433827732675927693603641528226764409530e-245 
-3.485654256073053123046758087554231523800953909218492274842318771754627706311066150625015794e-250 
-3.485654256073053123046758087554231523800953909218492274842318771754627706311066150625015794e-250 
1.000798450388842847311448809419554671115099334395151889933341390230854011295511858025138501e-254 
1.000798450388842847311448809419554671115099334395151889933341390230854011295511858025138501e-254 
-2.808121499624661841995429872911327046966353381218601576154094329448801802740730729468975936e-259 
-2.808121499624661841995429872911327046966353381218601576154094329448801802740730729468975936e-259 
7.702575122052910306582440690063369677315648599327130603332376605105526286744201024484230002e-264 
7.702575122052910306582440690063369677315648599327130603332376605105526286744201024484230002e-264 
-2.066076620172114815250171298567829926577807495248027659006819712739948504740519613416608822e-268 
-2.066076620172114815250171298567829926577807495248027659006819712739948504740519613416608822e-268 
5.421044870698781540770843885716336972925341924372800108943334297350123782356225223876639720e-273 
5.421044870698781540770843885716336972925341924372800108943334297350123782356225223876639720e-273 
-1.391802221242968140152734957827885978356977341272873624117873530276435573807184986210815666e-277 
-1.391802221242968140152734957827885978356977341272873624117873530276435573807184986210815666e-277 
3.497503683821697052607448240734071267657427983319248555216002423020353073419465336657841967e-282 
3.497503683821697052607448240734071267657427983319248555216002423020353073419465336657841967e-282 
-8.604975702380931437675219954950144784834501029495792497368539605809922752800021590683433009e-287 
-8.604975702380931437675219954950144784834501029495792497368539605809922752800021590683433009e-287 
2.073352978846160069363904856861321040716951368274377956633558293179988233375093497395559726e-291 
2.073352978846160069363904856861321040716951368274377956633558293179988233375093497395559726e-291 
-4.893809488881953915284051298344252873962253068861451891405083733277349099737122951239349630e-296 
-4.893809488881953915284051298344252873962253068861451891405083733277349099737122951239349630e-296 
1.131842708354756779497067247200555386660741621896434831779827807006891863091466588877512051e-300 
1.131842708354756779497067247200555386660741621896434831779827807006891863091466588877512051e-300 
-2.565678946686156964418364437446949572649735975008964971112945882187120865250696919552879102e-305 
-2.565678946686156964418364437446949572649735975008964971112945882187120865250696919552879102e-305 
5.701707110530385826866491556987277986332553771909527744390235505543942862897076020106059363e-310 
5.701707110530385826866491556987277986332553771909527744390235505543942862897076020106059363e-310 
-1.242511026199846563766949127342653014906244608645359604162939634928789478599292573063899046e-314 
-1.242511026199846563766949127342653014906244608645359604162939634928789478599292573063899046e-314 
2.655779986840296875461998003920057854760963106042366093304689065249742548958233912933974631e-319 
2.655779986840296875461998003920057854760963106042366093304689065249742548958233912933974631e-319 
-5.569056483487071280293321973300052528981436653710045005124735422419936116991503760178359303e-324 
-5.569056483487071280293321973300052528981436653710045005124735422419936116991503760178359303e-324 
1.145955019393645462979174669971885840605678033560018912806391870835640101830056844215041183e-328 
1.145955019393645462979174669971885840605678033560018912806391870835640101830056844215041183e-328 
-2.314442013336850661449349894168175841097250804520771715414984867534239058948377221326241975e-333 
-2.314442013336850661449349894168175841097250804520771715414984867534239058948377221326241975e-333 
4.588934972420772682196752271532838670655197216192340488368559242625643502387590915204788603e-338 
4.588934972420772682196752271532838670655197216192340488368559242625643502387590915204788603e-338 
-8.934211881498080623137273488530945779735719313696655973486590723145933016372175407717058692e-343 
-8.934211881498080623137273488530945779735719313696655973486590723145933016372175407717058692e-343 
1.708319470629236038261524013163176984063914924939399816108660026566731616995635261874724993e-347 
1.708319470629236038261524013163176984063914924939399816108660026566731616995635261874724993e-347 
-3.208766640996248071268407586317703696761258402939191644310373286507238941082759913069988929e-352 
-3.208766640996248071268407586317703696761258402939191644310373286507238941082759913069988929e-352 
5.921736754043924387527551408479546328274509848942968987841800860725957452520928255137854584e-357 
5.921736754043924387527551408479546328274509848942968987841800860725957452520928255137854584e-357 
-1.073961833154699523501443961120111020713031864530169621874114127016548774455265141169279850e-361 
-1.073961833154699523501443961120111020713031864530169621874114127016548774455265141169279850e-361 
1.157317928115417846141860871387319130582356890270119972760012183701261241299567410158413085e-366 
1.157317928115417846141860871387319130582356890270119972760012183701261241299567410158413085e-366