0.485612222702709886659899374759525944831010771511502157304794105348154270870827070446492101631485395344273362591328693988
0.0455280039575489586694673236948110034981668016481383662749313016051087166122060624780580077495751757970478301807615578160
-0.0433720821111188677591458849948854001616859475303099982844549027863460385999736092454694394143169642749955719883147823910
-0.00395232694896110873845664400216695549606594772031104611483168658086466816308062857663284312197579977603097789463032751934
0.00183043627101236517438190366540734354960574730937691450777213536557726776300823978246233169629269825017093259563595985111
0.000163681192700526467245632641507994558428514816931339857599884480889541430507439992248576553903132523186365020396195922335
-4.91814366868662223986045082075180286196326335961634073902339040007883248406026769680623258732525138408740709884085429962e-5
-4.34585004294740813624397517261657694366169758396738249192392556545762198592627684970103200109835629399437672502125659473e-6
9.53555593157687040290044803745220788296972126128009101659809956864482163280481714619334498882994514228327178798775829972e-7
8.37156143109700260111737892553742146111045774644058913829075663552439326345674863725795164311289641698797988148045288697e-8
-1.43108512202275062870053432467067863400281166239044951504113311126560115412092577956272227249931316490966482454664208332e-8
-1.25383907634373320814772278676615907228531459810141008107053455367795779708790968036667515197788687812733988262118037546e-9
1.73944538385729664619488371336539794277573142703744044319207232429224189878863452248374491934031664437882277253117337800e-10
1.52666952520361153913251909641182079799152870298559655099658605443321927094461760018186573176781855799907533469553830644e-11
-1.76755358297433913616830833462122273351362073370358783623113783014131401585720440932487209223996186624162507543350473062e-12
-1.55922564289923157739161738102203333884689587187374046076909053705107540726612277865253785160029101734280006759133893509e-13
1.53742873693857110778833775896030744897179433080325008052108517581691914336750697336354470564813009615054143699214028060e-14
1.36722341676090362554294680083176046782295993243242472688789805741041205090619478683352262389733884294564087361012538563e-15
-1.16575026730234636400527605349088215075062043712129815289604765736921421175011026206129923481736486310915490867471274800e-16
-1.04801553725260741607213562109786288119856470553098928631297965206296763921092083620100436306727808061093355197490479900e-17
7.81863673540866501436787604314941895525279432671204558006051936022377305617296449336092949489655720487186588014933605277e-19
7.12451152243234829904238131736235770508301478051702351531875615902508178944185522010597902407010956988898202211594984404e-20
-4.69400709427518109823963093871807951364054080871143471622608570465837741016437256883237041249587830287976914619117177920e-21
-4.34642681536125928175461886856975676817514813403575403417201066448329692639830763017644764474522953804379990111988251248e-22
2.54773262039142122255847750055815843379600239771088821334510095544730993468705007533728082322146768441373665835685420557e-23
2.40318855245959633416622347737536045703387955091855861118729386298779404647406023736645607108480403486138674196922068918e-24
-1.26069385213416097518038290007807212700096270250580303564342038536145225199794759393066204622423202172713597763931104425e-25
-1.21440794097389777785389267292246595609257508238683211321327780316519347865052338399512921511748309297875465355390242822e-26
5.72847280960259581807557401211761270575664613854478419130997100592307022683865676002674998015442720749632069521053360955e-28
5.64937284512565336621633978976584850767397353706537720633584881499369544896593800606422423072014626275402746964279530863e-29
-2.40520097005526188542913665182765746304199742329732709784273554860603820141162585602008913233180979245137128164110526942e-30
-2.43460643744963726641779487749967649448835505275413447054061317940337815417389956593882498005929656080304178544664036933e-31
9.38242835030495279734409597669513469520771571856820337050921163297552779527275683020742116677760465752562814982827162059e-33
9.77364654051836602980917763164518420786242539402363940256723496473702409208969756590625937131168484891398577542551184599e-34
-3.41675776108011545687418154576226747970817418004093330725389803618637008938010762171204578813702882097680505138806161452e-35
-3.67299805423212526703619579987289653391134297472745562979476373699187580716870803095707444161358222512974637975969363017e-36
1.16651727238155294444686262043193686415492297615817133879854495553130244316639997333374614544202561772418244086515689897e-37
1.29787619540841056645075902499918191221812289797968842432508695685798561808421320202137162008348143835704298809576521672e-38
-3.74784846265098560260305891599011324361951194335741436758727137035443238688296114933701462545942224172991180508833385217e-40
-4.32929842317881290542612778788696605889828843543261640237107322668536365726894935117983928299432880892077410604712150018e-41
1.13694865316714083704664100189569687943457767374046539883559491435920235100176920387355694939465429142126248534680937004e-42
1.36815690444706722216780926001077556565791785698292274160854338460268655988280991673412603439752099468029145198195942258e-43
-3.26632247518771228578742443724714494788780584160117686755041008042103478388782686371170061641006177730228948173730851861e-45
-4.10972777870239295052401792975618601848836275872181675994473148494392322398188684391577765280853000602151257151442820030e-46
8.91002014144599794982539964485081928817820258758305507773317321796035672653677064363487585001666180397647581528243287190e-48
1.17694071623665707163167777135231884377447364314877966184708629555417086642306672596564178645380357300271051663607905784e-48
-2.31313253502421499498485621867838265647937735533786540869412924977153919395088840114165099789015737332044776706225490484e-50
-3.22227507493929568956064783606497174331018563368078683585243501194068479389970153789426038696359405263901417072023125297e-51
5.72646746022402667038619003603096001923775171412631056499929373368128947122189388068662325405141451452615173115075830912e-53
8.45568264211366465414609253632969672847064700832918978139913284735745816515866825781737595999390272246726600698861588692e-54
-1.35412196779260441357584437366664391055240145968148189631619943806261126037853874452995817885986087286892865816095072565e-55
-2.13179105430830378445063932195117802224622703798473470101301271003712329373195200398179674538028096037370270053958249673e-56
3.06253105833316634007210096417794591532923733953465787733159208862378276463329532378381229295475531783003138975604487869e-58
5.17501821922869583035707371846196445217958096275998108535126376907759910090245177196144694250898293020188640345381306802e-59
-6.63050551198601007023448134710685016091658193283312236579344866976501507510858997903107505752430338942945010688856017843e-61
-1.21212998687807668442925836895289793428863420334036631818323329218160037685393171512892715914210533879477291573227384392e-61
1.37478275125260668147751568193492687842044038880698456304458510258396525923861970422196274616321155080329054921782819743e-63
2.74472908077430479482701645388262372696063407704023377667028334345457126287286521729758031323058033470065953817105977268e-64
-2.72924106052630194284556499105045830147930038358232990667843762339282191466099113082964590674191297312288877584869399617e-66
-6.01943343850773038755845513311890398542392378139892437709657537902853266122255245229001680798663271302778978230090381125e-67
5.18178763434600192397738121391041877226103505168779430098559176848990835728980544660985461158979365346119727497070745787e-69
1.28075326615001423633041117603595211526328798007790363475990780992463243310278696898088197523484771193886668230069495082e-69
-9.38579766835447564367527885412018866586504161935775175127553415389888121340202184798055998585773641142501502757787321823e-72
-2.64811198508048581064166365914489068887850360491310560970427351185660998437196510998273540334116716024884562844546803196e-72
1.61431178218273551522545959578467922881496708456819937899665379889029872773499419941600323576779948350218977790942989865e-74
5.32891529643001187295340290784594801429466352198102085425298651755679199511707232658938835670066197065028981730065565855e-75
-2.61393272114648885570693740834135883082859822224739445281572964293407815250933494609287793828987495037141870815993846296e-77
-1.04522583867409083484033332588381872818107651414077572567425717006032382714704243865843057564112090955096522341667815431e-77
3.91937722255553374010883134401525762544820621353149932404033742438898683692562347299050372290207183563506443583361975979e-80
2.00104677965274142632371388221096998395509235446876757167990469700431221999272512849941120841255673473400099622339656318e-80
-5.25185246687357549828446430953862341830796555415142770617680926813873849333975908364256735116156262545907346987827474233e-83
-3.74420316142982861769541821503590837131267047760899674290187425238238864781661653554716362352532703386916314289440165744e-83
5.70826658876774991833728769395621299377437276954060271016104916399685922726764730243006076595431545619313995434147567231e-86
6.85599691651008520607421085721922337061231537637629823465693199416813740510022889582864689245332989376978251490892201493e-86
-3.05264570458469382607150687295659625934046876199381285815011432099284483555596881666899494944678737945876267179454927075e-89
-1.23004689564713276092147772197610750830234801679677907947964632911989760084688273347419714861970790065401556311496336574e-88
-7.59743599913552945943182578098185032116643234532231769330036885348262887761879990175737635293147242445921733056862589817e-92
2.16482146297989504495776151115537669325512292999760954042863223585812657309501679214480510455647788229594578590654092650e-91
3.61137719968235916606381070085959842049057928639434335722961847081777793005101218171834756947197863532368164758424262401e-94
-3.74163806181935134372006179647984108067755520774740023797291704040229575226067013820228414978213377839183161797265598836e-94
-1.01409453573618480610096360760041959961451959797674550308016337379296248101646901178604450877102212798081901309841425606e-96
6.35788362213784299726131323461397756289874456358690386991868663006182695986996649056812142708632250630750495406777589200e-97
2.38272156149293424839429983585964666569731745803751685663831775046976390048238269792799347409463280472969089571534099728e-99
-1.06323584065439874391267887861295028258551630841378480336026349254939321989490042853001504311811041110121024239560314183e-99
-5.08651019077323555467551832156242277158826521066048959137724290786779063223592122470609067910847186845803333072990124835e-102
1.75167092133874709111168374153396327298608120805893813513849991181154864103436641121299221185368702601828011495399818105e-102
1.01998200331438788268193504684634567183018870814052627221207236389780580401723592801549628835378392373900831985206414456e-104
-2.84581447683598590563409332933693438953254379073421173642779767062899839813227043890947428139055354509004472437048134044e-105
-1.95452212296336604798709921990246795643747787167297644419380624622493770841933821760536436886614557009771943019500432771e-107
4.56355927230311192927609894264373099583217767051920659210451914694702513159593561693943576106860705362347438780834284100e-108
3.61576533112057833322141108721991264268308111512286596901389001942844650848186970191701467249707683840496236167034002406e-110
-7.23008278040333470273047556868674450463902004537740075497343305516222113729899004483721771524313111549472608014625058188e-111
-6.50120560951052124926681314104687280448262836514266717567536356766117909897583411883783521729946504581826913266361247738e-113
1.13269515377790474624746380786465239896684197812195638230854422346849181301309951560466287158139016414010891096275853911e-113
1.14155702652762176058466337220821464494234868550630369655619432095390537933635516028871799842986099689636670178093985234e-115
-1.75626393308222911311509117367960173271282406161856583086030689593660030354804204814806151770104296680978428482942075462e-116
-1.96460556376475685095598353043677245649239521041748683561929209682517026170598765958593839533353752652309411791776756633e-118
2.69736627773302591677778194799399352459454706573073670929557375576469945330874126775893293535752755751030472309631007485e-119
3.32324350141244817176041887733740149236743919742812755198734125996124982649541936095916146809658403224935787506489440595e-121
-4.10695659285088119663293021976154891720677352815654952087348544113058668198794320698964826489794063364723215325829386579e-122
-5.53823216576524987822789137028919860502322349404509779187429088183126151066867051592466993605987075299518835495203018959e-124
6.20408420123359687793480658861841080395202391408370063483222029683144616632114946964070303967463898538526596799994739350e-125
9.11087248128958725276074251321631837489332944703042896244989036913413026200342110898711899253111420219881402766838903985e-127
-9.30574288200261950248064407622207084484199395828169602515457853440409450007373904819596292266589168345036170765920180849e-128
-1.48208640668156965025374869820816615010353168572405095786966092771215186660516133472717506285203848787231306157023024890e-129
1.38697941304068688689683563915320635688505445123251913453614227701054322953967272991090814590694003529844366017965346241e-130
2.38766189735246724060598225321578743933958192440246001289064029015539427431682804969507400504191057144356670410581578270e-132
-2.05568235987065450400262676787144762575882443507537652603443551999890516815736507604023738538583387763660431275011796104e-133
-3.81465175533888153306090666171296937056185260697120652329396620768292729333483627383916512118635546955443650976458453477e-135
3.03195128417903880728086444637097349023197691008602841659393873315078748418478824550732554188191323287699744151793444218e-136
6.05155461158910916297807917885107377474894339869092119354560807609471752465263167241870332447404768250599179547007414486e-138
-4.45321466248826590704766600949228928393910471419471816267822669587654632047275091265151794450324739340039415045216262452e-139
-9.54370103309363119241280095528135159127916614787960540887088605179667365906530443401886096283065389177780778043446882243e-141
6.51788890411301611370440234139739573263853242457730535392486402127685981312126665129016221202275783314612108607802035797e-142
1.49789250794984656249367663316528472312787469137923172427425172107982081933813751974310362922989273816621201480694527495e-143
-9.51284500428084674016748436805648638493440004419540865210021396123812052098884651076110381688515316133250952871672951715e-145
-2.34211806741253210161580136993780455709080534445911392715557558072685254264896563928631432645954013463177158866419070400e-146
1.38536249730520967435673942941497648885265116482843806923699319405410798150699579053727159081939458612608508039932809033e-147
3.65199664223953941839585537819340416949238146750077911965147943755782722044320588271673059719217349624879506939699406578e-149
-2.01435490594700773034416915189451735933612030518401859635654949729468661864992812397905639012313481389194178834757096190e-150
-5.68403710528800993243577508345231528606123676268114753935474696464069567392405402812655024464156418167315668645527246239e-152
2.92609206640249852641274200958035902189118992904229658898695854708438430678904758277960691379670051241006677952805977349e-153
8.83863330336560338199339340353155617784065882312838734791442270894349980953695966014171305484796179900812845659471473667e-155
-4.24881769174739242328618991978376363523222046165877293301227386115453379878776134951229779160803765498241153084696528881e-156
-1.37435610812782146779371901507126338028411884300017516437018954678971736072032846053366960592387085468396066372494768169e-157
6.17038701686149113684417216296185316228081859532078479763125871441685213213808547416084362124858978063936646870758695399e-159
2.13881438824176038502306780618176688083289702155653350382882070385609556740345810200410529298101554745978089066983166716e-160
-8.96690417891108523406947379986163301812144487396045773669691673084679803519341263871344388457857908421661820297558350657e-162
-3.33404374604122281966260175384178594568620693160144493283224796350415176862965577035289944418961879727732264167154965615e-163
1.30455728810457572066350700377854641645606268197658119140020946271778205862500399679724031946602991997766560766442839345e-164
5.21015807012699437565317062283455315535635396335297246562452677203840770009364050459344446740398818049721067497676887255e-166
-1.90089778846322257558371473364415959176354828231385691386247177383923897775264504864310221268175756736386387772588942389e-167
-8.16887705191950193108495326651825424330330945498556788243271446723236456281159095167371496015267389411067340044240243132e-169
2.77516799782796244589753787448180682139385343367425067201610912821370874583640909014597817607257835527077115291627039810e-170
1.28602811657394466209068354743282870361687605509156802125876724691676094896487204379975679055806672859632273390789024796e-171
-4.06054379109913046844810853619335010524225348628923451314797857954500241397368320334460371896429947970823704189811256648e-173
-2.03448800170992398574678160028505122501856540502548465085379267834284513722063598515171143801521370795965598646727410001e-174
5.95572517991843120618105933867969326058414889690682635754359010330384331670704815832292724307247914262706705101130855783e-176
3.23677185672769353318873344581639300970921204979500261705354269623644701784873145322895842165906236642456888118316534571e-177
-8.75754521285576313136479254851175230422025606280111924893828518432056050724088013410590000616765415384229400410397774194e-179
-5.18266838061967329143912361217159979185620988023007664850472159239038212150439517910428906230886993661015632313367729698e-180
1.29093492847939963079229854984788366776858709873366947374607750124788468258270546852771335809592252589822059549428824409e-181
8.35810947761765342438819245489164786217468642643530989081666277948108176075138585413437903682314162038901109145969950280e-183
-1.90717459022055756750955036977756102241290054710865830092135632929087249491647609802488595261595250692207869545442136587e-184
-1.35863297084570025560869750736943977475304937534852051968676093843296535488162529282276703192123150617456636989386687593e-185
2.82234961643044416163286151304699598083024707590362115154675910119615235622315006711703051792320347117340754369133653119e-187
2.22771382061877340663844973032246873751647340023379275927006160386987639012251300323220096974310757746580000187681948572e-188
-4.17989972814046331697346755883866749551653086327884685533898851593305300960704027326296685893482120903489003307644775071e-190
-3.68723883613553629340039486056937518779732726077739743697115046662320171469052124400147047872211151747140398670059365830e-191
6.18596466972260787386148551174690052627633291375862157875612527761096768179730685490873743992432924291010407758667762601e-193
6.16519968216602107741669546034091052871080199258518269371476377662819056101490086800227422873697816639070818771767599383e-194
-9.12657766791428843563896092809126639823807438019819391058811662492539173691996911237325737805760909804568224282904295550e-196
-1.04211202922219331333956224136099793482344358423860376046714244478126930503394315992873876512755530516249770713871703675e-196
1.33730608780969205007104395335049515622694331973757954567457465257475428994847760269936651844003414976688538813639165766e-198
1.78204388109080250307943164291237668517045056713976602682513138034182247335890556294899504590923807663010516847247015679e-199
-1.93417736658013271863830093725025325686179982256464446146968126158588693944371753317444275770584257828378337798867302273e-201
-3.08512151895594718632177270147334595529619715620822553510766567306496189768044741983252977033177166643407740687547141093e-202
2.73197279841443853670587008842249800857406142585272845069006197659474775713020206948978275080685498923382729561653209303e-204
5.41111554094810006285131795459360136775753220937442253743924586694024658275661584054427730829531990877266404503600999893e-205
-3.69344133631445325319635764275275421278615172433527867566001706828769968979297679627017740332359556845731173565828971400e-207
-9.62210144114441776655849288719568831006285768171230305547295784084818970979235581973399300891268991375607938083665302828e-208
4.57242124232208556852793474359443873986988991378537243840672259385655198914908856724305015200227525246699746446903958831e-210
1.73590597961849237592192561964513844657549072459395358708951892303949089292592045196849466463517000557645972858790374938e-210
-4.54883603161426790126150234761478225860374343331602892989865669295902376241167151211158375027155242834924844468714942484e-213
-3.17947917584412635802591583060627479297271732241590320379726778920522114850239919775397725033578586939610704033726678825e-213
1.32115443312841476640088192553113573577182396292383785499754064645213341391892120243820862713593129584821482428552359773e-216
5.91635760416951577980265579196449984985610959675676833830192869860795345600939083340687181763230336518587702394419801849e-216
1.11238892308417550636195078878539769303819062564134169242892602924801558956865735746289626415478206849028865332404085349e-218
-1.11920581447899246866497233650567810804881799689502309922490407854321725292077450935635331923545853157003782715892794996e-218
-4.79773131343870427811972601567395726237654352872825295877436984430558676272909382294148670765588911742629878743887609985e-221
2.15378593179621218139806854902336643491137928500309279260513119224600005510283123729677957474039524315750601350793864582e-221
1.47047458341985353459369554711518274397516074093149248254855381141788019220863634378509646787835884629443609399603044593e-223
-4.21891782055224938873215988995446308398972235776951650562174858049603289387795535066159904924180705478899109515510658128e-224
-4.02052564046168512345837183707551507629075000207634810325776960183421310239085461115421520709058994709472423678146470394e-226
8.41705520805728786942645045705774056180264250701461737340119904259993147252152718957774234044222629882971307979663483736e-227
1.04598003150644345933880130066383753117188722475330199024850057106723726312409645839475824718044318131428893477202054530e-228
-1.71125938161741791548334432160410171767475490061192800678714738134963122503898536380121299944405931370000504768404125354e-229
-2.66258851629226412864692551285265115263910255881214160844274873200233803871930488422076755318891314415481860458308150850e-231
3.54714974793050024144801307320254680354258093296723496010868055071030177328089868836086814439723370355460995629698482904e-232
6.73134699553371595829166556573100650696942590486494787223272059639866506558182459650627539136736696738812928930973366013e-234
-7.49946314827284382779303071831915441843891040842203344546695446180096186958549245494591938281498806987538265447816954277e-235
-1.70558000390755265014792724899239425549776031193881895995039616884036223928205782074870998585470020901960252592957755549e-236
1.61771951697138544677081965842835399754991062521503115184093473245641487720620739848193873719473393143194703729446349954e-237
4.35784378741740645546191034584766478014370225953758002773549600781893199500583831022068475594761327634749101100697976426e-239
-3.56102528340108972376491741118819915218408067438242119084086582357611764340796552108420842050941793338541075470553717724e-240
-1.12777291142069277498420371326766864581834453533224687327473421529324401467278517715750191906486042565475009372059458386e-241
7.99909240108107364001468182967129499834721072763167697806850422272491749662803760693180592578261501101766314561679232653e-243
2.96615548854550528598185827243229200454218768285123896685259071122245113420855939574165795537101727826977298587616184662e-244
-1.83307814914339777980335323574636658073656174266802108068561948961403364389636420980788981580149084394268913344633157978e-245
-7.95005393557430756382428059156437879732508620722677738346726015697868644570150402514483704438929467830326845293714570759e-247
4.28264691401705538632893288035234825901118564819966052552565984407634333303044005026699254201912756360834895145534986074e-248
2.17638191833773268951765860365906059987346913636509607373687884931328597819612742858967503185364828038327040376263125097e-249
-1.01884319662672914173573798363138173348833708594796265754441705215353574778417941685382701686887490089980099618694329446e-250
-6.09725909879218172178825524026672079487748088579160508846506900242491529102569737525127294760282865232184146145844056934e-252
2.46299770900961404239894319554622391818335647491953001442660746695527109619189180730316314198201129981139636659749650284e-253
1.75110073050320279579350692854385099813305630221872023299554006288940117843013041938142259647221608343283714272264619790e-254
-6.02940554728359184465530210278272628720468306140686091117037393394372012996828313414481765794253412094824493664991653041e-256
-5.16329106444267630443876152493796221993927609070422934395792827094601720777212236229943712609223208570691153363049198688e-257
1.48590036725456792606548502118760414698304792545313620819457104255554603491500396031463185319651790983328221792229575601e-258
1.56522473010227258852223355914565102642864666362797366421418541435813144453629195033617174526090013144572785120028443873e-259
-3.64846571768506581844937621801418904794016658070122050537026661743667948914697864660439152185165943423356477139340910681e-261
-4.88425085809299655092680439856123513366383908356970165964840824594523897632151463507938722881307401642124721613097002167e-262
8.75010859657703286032285634032058817365540436406737867001249740045737732607121252617000223604073101646780246273460175896e-264
1.57061552421284277070629636833982829788815045493390459534286155514523254582727976323605527518806178324292643838908711820e-264
-1.96135198910053553213005787059602091182776189917752478913992705439510710776060919891795705525169772720604405471765870367e-266
-5.20968922148906146986432181224985498503682045383947010674243394197889043370089261893959639362066621631166579093547845356e-267
3.60442056882843170910862095928704480785830168609381364812262170660573737149761927056665943586118872930491344755832779600e-269
1.78391522052939640960920307507035554532481141910408116813767160750238640289051295782634926404663161837326057957876951049e-269
-1.93989033918918764966426652997786182048502705506640813079898948464959390246070831463835559172762402803497134596915165172e-272
-6.30990465706519692266175460936724561589881759600894716223278303114921201159845487400780653926402197577635418103371132882e-272
-3.24769058735109221432411722708116479221701347390960054249640423541036906908971811511187538015377584183304102932559061816e-274
2.30628391076507523064917707200272584254279636180246735952687591156131113104085303032050974163961593217011447633442189211e-274
2.75839680708621742697220171501072337704092158097850170806025157778892217585321682867399977753572676279182143494846349807e-276
-8.71059571682419677978301341043301163398988574548596286215948456603080397442367626484736082852615977256758530875804305711e-277
-1.70594823272235448448782082207148150277212199859100133553908129608842383129923099294520490944685979338454787977932045378e-278
3.39793357718157066644322758564324311688786462559690152670551678194182690429235772728053136195335262499223663542502016399e-279
9.63099721057880463249148222816374699341577391644555266176290707304754748192203127137480281041020218624892540558353556269e-281
-1.36733856543735001156508332185464587933712051140302823787574394033761698238135787598496695320794248389794191873093366305e-281
-5.29356713537147583221741340642068743049039352736379392160640201594646626704448786745230866113438544728148008038666247527e-283
5.66217659466197276763313836729685608547021409268351768119628948023697157983233385038556844788494325330923586048931280299e-284
2.91295091790762630391808352309342590422988643400236328018365038194958256298388116268106951647145103071027036396719248383e-285
-2.40235961238839758541891500214101442273803400844319474090711068851723868545286579035858894550484176577697465115459318702e-286
-1.62886941345453471901236927525223061541217777860101966992692382671968263949490727625413785826676223614767240900289880721e-287
1.03611557713527530337326631367338587447151132676407455899119981504557258891576101350718640757055800670962022838763983314e-288
9.33865587555088729769808619857343461598754076187105364585728877157758862654000646255845599099609474123655493911919478055e-290
-4.47499115240244541492022929200857371301467834226387469973098095531073475000243398788211011153317983601843455686566480015e-291
-5.52090144961509599333813311124683808222923217058882408225092938149760748377020918523017237726622524160814427824882925162e-292
1.87537310549256308085713311885153670968241979305991986702104330432037467333200787311153944758153412359191325415011092542e-293
3.37805080907088772399000763948782590769704659772306132131102598796594631569376781847335329716733743713102718483888083087e-294
-7.02377956350864444816775766289640103376724873317737571073034240813978275492075800515987226439339975959023375399360974622e-296
-2.14384331476685152457134994361755339164505866379041613929440597326037769850054212362197677389830086826604743661668653019e-296
1.63308373440724804025181684601502346474265001237075192173511629869512001193257129998461103736962181867778764368270609290e-298
1.41225688341498080370184582893738318738300591308988888637588722904597645580639900181234733111343100999761976487129457554e-298
8.91187175568161393920575167135184691134025106968510802081446578390548923911092846334917091354499253761621343502770430080e-301
-9.64795995710273467027096739243576673974915904819374474020639074628720741662497703095219519423017948213747343392444555081e-301
-2.11256985168250991431234420365877783440067683707899048484193827389815835916136606009137776616152210446611784109587873713e-302
6.81329494936067508067923974364443275008375808256179639814825456676347558938478576684689570526322848559312053494558596292e-303
2.75609662328452937231362059584782782458464953412510139301911166172554709559824778701720363158338906937088421631077436669e-304
-4.93864643938395446814257375230014885220541368066214266329020590861008283123956298599576153795904018374911621263901990301e-305
-3.17157243103145430592301094242289274341275006878208548460891048178808553776151209948246774415918003812693394775936555832e-306
3.62161718289336455450139883484298926252334639640103514803646800622793941293148781660222954292889397321479018761474194575e-307
3.53999666055762532019575710392327267785407994527057933058949087726048475719904806691817292193127842803124581745802202846e-308
-2.60342966862425217600478651272605846845090455487258148860573212994843694159615302435903323359340020588282750404544620111e-309
-3.96862394945395417980889905635598866525806872157294876121953499867814973709475881626368531879654693202157146220139763840e-310
1.68767480349521884035933000987202464600698535104747446094001083034207217762747214292118391087206734612312882628693887264e-311
4.53586407313335595487864482992284782757871092047846816755509325713215924060084360156196312750774245109045454829108662397e-312
-6.77892360948575604031697376699984129794414195045468291001323357721472799581840509813368292641109802832969417318837093601e-314
-5.30989415868584425134538315251857494654092322437963637626564568446486087586212632478186095259516230463213927571530624766e-314
-6.92995402180825417747486259510578551452098121769314602796163617730338564798682660201607262814561640061748572969691571507e-316
6.34246235638008414969519658048794185857648428021206437663578634587530116602756446359348397338436077072637099316021456121e-316
2.87531097489265843327218972984800787923952926263467884308979484087854593017132012095732596996242383756505916390577941102e-317
-7.61012011882860260751897438111307206038136635184913871541709955128587778711103599817107452151910712165509601386367942026e-318
-6.71547517338668120933776202457807329862067059403388851492264728272682503407339746557449625761908083809306355718797236015e-319
8.80297030681516501957169677899105223436177954498156130884761532396951808016599147984613726144662191811178389944600702831e-320
1.38750358404850075957493541246101975898415513178382301425191631777658170939360927822356501138018585354294734940516427526e-320
-8.64712277524332454953107556670612262207501426038919796810083446854625314315257625284793913716922899217203583121283416467e-322
-2.76147794978708690827251018807473071576701359127262430639379473040652694220632883204331822043922263383006288243301935057e-322
2.78989238152127052424552810435360291815315767898885816185099069304972455162389642427609373649785711345212965828724840533e-324
5.39556218848117607284161413243311398228404434272949139005145858513051415666798235367832453040877652137067336142840176018e-324
2.27429193880573267739192692163100583145718847772654194090741649173187198782855358893534854546204962155790360250409855091e-325
-1.01644042443757324418897095569722920726779271381479772467911018452353813149400806021056963910036770402987722031933855988e-325
-1.11527068634865750841061657421912063873703609507120667713723191806722587679148043650475197674983503516675736647554023324e-326
1.69939742646870450735405045467979931073018636326348062856646132045197582687497341655172738894540734722828162019970152941e-327
3.95294149557041906532515431587343018215810156898868318388066853819274565528255397690710083202641550943911266796648945118e-328
-1.65159417897748866630871694879032024213480289070062755514420214049172894495744279945917351207678042862090520323609663782e-329
-1.24468058067606117687631539624955605531199286734553067671404014470661430010703161295885114594747493906426903641076130833e-329
-5.40594191594832052559352090570267470800719458745759406280853809411764460526118277381960173107763990610064804258384079544e-331
3.49065461530672272077172188870790891097405853202257061460665070448621287125625707721465236688471614076308395151246193735e-331
5.18416700454999728074706866145966814369245137158390848984040252787302281723009149884531259663610424964398733136768665912e-332