0.494834125843043735148609673904796713868003412506993749143859735885650686229835654063465182029979001267693568149167402093
0e-869
-0.00912323828507028957913981542978581713820259360106339715579368973257565908775123090295896934935915019772993300595324420100
0e-868
4.66651022350699000528016757293293742361028286195284250303806251739611673812892755990140507614405173916213173330380827446e-5
0e-868
-1.23197534033885601553491427672220101030159604883030298649941620105921001230111560678868092537169353810975687035944376485e-7
0e-866
2.08561416878003123667509084182675079346108244724360270270013211747087428833606043947114967319539980400331779325270007536e-10
0e-864
-2.52640467589935076475797537544377877142223711046766664188557571345863790170183979253426685691455773370691107411320765084e-13
0e-863
2.33901301652237414209233894844063528350922568117481728812475002015592733076174734207365680008904596119238914371102211268e-16
0e-861
-1.72944164775165428333735675096647767355909012280723135903952102360771619552782450121187163093723904131718572704242303838e-19
0e-860
1.05378272070036692158785416957778633162762115249176303291100295903133959907772792004114929444878723894804439779683597689e-22
0e-858
-5.41739686504806009907278201085098813840067932344117003016003353145509729644921115383218024468527316862426388777985166254e-26
0e-857
2.39320268218752580413123290022249955623859187116357701292598794072378702057841698623069366272488173414396178160895490605e-29
0e-855
-9.21906297340245801112197553254258365052700614363949334141771676508578067259289384725877646931116382417927457957758688201e-33
0e-854
3.13422082725469798088019004185577163297650934627214148089647273440373634270655459762660139953817969351421023708921847766e-36
0e-852
-9.49863695628578984183580774378923818057992185334926366465578201940998272719847162792221642220844124798578004576709784799e-40
0e-851
2.58804047670530925249103915727281039084237899262033892028968303364571584601689706057295041847638087668687749277531114356e-43
0e-849
-6.38596083450971787062365903519217850692370314700718310015715914521691148912807369139303801159928386475098231402906359969e-47
0e-848
1.43607326045475891030510872606394430495547869283466204409830282713428992293026969981286842755273743946470079857907208659e-50
0e-846
-2.95959589726322163870810494771740663743200875537308664088851525094280179622698974017337810143880439714717925639659101308e-54
0e-844
5.61725752999284176947625156179636186228904459891365708073021225218534397342833181868740333789305233100868910429029409842e-58
0e-843
-9.86165320234764372512559326294691044029773499641352614150450380347369528325683868282766595069926334506680377844410948251e-62
0e-841
1.60771617777555239015937604081857170383286958461944284866373022965553382703490567184036579025178069034648492756435977451e-65
0e-840
-2.44251279136339362425512088125932951810051412552622183381293667268890193331356723534214652872355862181591563690799454687e-69
0e-838
3.46914270475006255215767005963502687310222457019325864313389719041274662995148077578054070278533108602290690671478351966e-73
0e-837
-4.61988663936846234099931844995332987006613288282454247240883051141741250858297059816260415286725451516357296211973236231e-77
0e-835
5.78392019072563340281583846016569798080235150612901558027931494604276962219281694180167338569854964088049129480380400007e-81
0e-834
-6.82430545958530304432977278811833888278414907226558337176023815716509856692533116318078925513675582272856709007981263853e-85
0e-832
7.60536111963352733487789012078072650442325150811940855547013893820606068081926834849477295214063476804032870234756133944e-89
0e-831
-8.02255380064292744440575875798073937918519794555651012607032336431483185560748668606361703336597107057592782438226339672e-93
0e-829
8.02559706486600218706080857065903712942898618404857900788483279460926166337235958609924826639729877907403587170328018397e-97
0e-828
-7.62773765131479333376237381369408184951997891097582980544291206253644267770253506393223596656400890298375395523897244843e-101
0e-826
6.89917039676887536950229298677772278316993435417133640010101070329414344266892066828600711094232008702499586076703746414e-105
0e-825
-5.94788086277599568502797600826357985840627933638272400197384128827446123653715539696513636073301813549013066316041992477e-109
0e-823
4.89474972478990983814711004607758417093639829774187677891935824686681389780241000545104834555238342239933039086070014999e-113
0e-821
-3.85035835493028481805134764451357116383234956041653940086501485552134148201274429232716772447255047627235425326544483596e-117
0e-820
2.89893415542469067389054233775242235245534914084897894398258311333357296505481300620063137980502723989943601120053518071e-121
0e-818
-2.09157675292515566318112211615844884137851493210606887964584213176065508376173658458377184352992058635591762994684303454e-125
0e-817
1.44780336412064999194734158893200588639867714773425720245228852809215851150060709896194856388117920678981221216131059269e-129
0e-815
-9.62543862010894372523829663306709541745996341842384078276978676173323079031700813339123966157245729305232336403489022185e-134
0e-814
6.15256859298204155926279643599437724321350783432498603013195149383336900903802941761726583493545430313733068957377092958e-138
0e-812
-3.78481028794975402049357454910581485156957975768800408971331595048845824831532188629452382199488532740062778346054633873e-142
0e-811
2.24279136286538607702139794630823526475354513928052473292749997086182955128340018461870896802299365012568178669813237914e-146
0e-809
-1.28137538002741742660024616463775406986280660211859943360136623144239445837691400266950367576551719981842445611669154983e-150
0e-808
7.06437777303035615376501630039690786557745856451170882143096228967694869870592211658769389155956728517599029637697963327e-155
0e-806
-3.76124609495855286194037558270153324819791476901301526996422649774773011892739290213617891603927267662699416569809304845e-159
0e-805
1.93546026865522324727864471354944643131638549003989378432814989464148007525000940431866156622738169025304114654111611939e-163
0e-803
-9.63276626198411778648261969940215340811384752491284898607939382821358194519871188893805752866169985689567096769229229302e-168
0e-802
4.64021149075145077421968464782527030773328795687336856959783237143523101308673512975646633236018880568103396665908306336e-172
0e-800
-2.16489736777815836638815079824478117838359618883352605321461696460732097606252892273420464414002376688433302884562246414e-176
0e-799
9.78881889764095249391679528498864494361584491238368687040209914743532991680469871645183816669863416305295845939841142663e-181
0e-797
-4.29225971247617293228560728430574685652849576565702096700138491420142837997570592567650049344324435321744749843532163427e-185
0e-795
1.82626156443461702855802123113684960971994994000056705380653364496516529485255084142909879383673783915420940411195324290e-189
0e-794
-7.54414031215847978398655200668505106959136138451060541501177658127976954181273984501873268792602173869871015472614850768e-194
0e-792
3.02736887907042616157955638542901765252418890995635650768885336495880806855346253497767638306120040741187155857865037088e-198
0e-791
-1.18075502147571090861923592227501399676744243631029227707801933152389336197245229915570431060927733309813650477987894369e-202
0e-789
4.47831616849393589569205323754431537647238581198628676884407237609505152101771011524535030413070900598036518472600037704e-207
0e-788
-1.65250895377406299597019699010688176352729271877622587555720182549520855483822773453218727866602139994200565669481601288e-211
0e-786
5.93544218402346791505980348388643359610866694600290056355348283840509572184183873360968602977319509667728849313765878679e-216
0e-785
-2.07606731296633620087111091129765264441430349617205534065018304694890477794524524527447331930381659201633556212894080446e-220
0e-783
7.07458536184219244897091632241257868023908537132808601844813017470025409239829330066530205274538018734566132367859348946e-225
0e-782
-2.34972711734346289646362371110380970018375186085995922577645971154980547565354514636047625235254901930813076225824828699e-229
0e-780
7.60974823513650964144739637469831775910583642523407533778106812908771281725705540840436389925272269202180106514271793324e-234
0e-779
-2.40399351312558099604585189127953355469837151164770094556614789320672483017379602060782629563994134144921307330750007589e-238
0e-777
7.41096252556468004955798964442401391565832127506273603785343272418792444118800923848224117086088615757620242524822718088e-243
0e-776
-2.23026858642609239181020304023074955657810837657347977316622354847864704477076495445736502521894640638417288116499785101e-247
0e-774
6.55448859375935981956630874843853921149394569582505467696125865813322741080791118779068721488773492491405718329247247941e-252
0e-773
-1.88179635030179641207209222278807740335539235626128790280580077110731440008960222840885294701141016768223440890949928087e-256
0e-771
5.27967373585368043968372358600492253880612739015454341740708753498764560788865788402528081622447572804980314414781973721e-261
0e-769
-1.44805919069853243314204994173976998896981261909842346408275367828757630317484021553286729358859259625511482122851899344e-265
0e-768
3.88374077574818584505598709371123970969531120274200148687974842790741933879738897686291388553930960110434641028401510143e-270
0e-766
-1.01890752497936059916412933669208023188083230730373125127721636559682314298679232222884224622134648551550423801947616806e-274
0e-765
2.61560410007547654772618190348648032227146525872980001017058860021980676143445872219113744470275258374154975678348988593e-279
0e-763
-6.57189132741983610093004271486095089517147923556572531791152188543684879323635286009480019905578069614177667464600350209e-284
0e-762
1.61664536539054115207594198731528527531972956936912582048381387663754099442370574679829480029023766658530772716428254364e-288
0e-760
-3.89463443553567118312380835229498638228032445205609088712901600211970157218288741861856256071401788140090908731953423418e-293
0e-759
9.19103613821867536483253603127915608361287227086991591347977367937736732585449669051695974284845565316552100391906602567e-298
0e-757
-2.12531477352008846085896753249525451767511572663719631056369956528739854865912863251953186803675163971549499453492435716e-302
0e-756
4.81676269680653763447585993809642569036665646632759007921090062646497622921063809457772925653103388310348849897034470219e-307
0e-754
-1.07021186181441534408675931233319942805975887814644868151038204989748057378267663350723223732571850604796671315557612434e-311
0e-753
2.33170360702972430583435926319230541515619894170231333058188723461426028369607132094866173572920449273794136020113995329e-316
0e-751
-4.98275921946198491072731066174630799704780597323665134524290709169493844544676842990569262460039381652041839295257985707e-321
0e-750
1.04462585274391268701406415095176591356560016785400946384446082088800866383723181418574398296935642699560791763248685605e-325
0e-748
-2.14904160778649913592813753964256606538668679210089782478638767461678798191322353684877176614111178226384501547869512409e-330
0e-747
4.33928888492623234766523850033424067378283007216992285965812898347038274196252814479132621433064453155164686246948369360e-335
0e-745
-8.60153972935667036964125422144906070664748590629881250924946968132281572590188834570052089347380768839043946212522945517e-340
0e-743
1.67420923395425672447869145528662977487369786826561751917115008108804266908860900215513242413461688770141871625222725513e-344
0e-742
-3.20043517301457835651993525029074495747029852474464659551125793565598953139420883871063445364844314777088954471597046996e-349
0e-740
6.00982628468344619134112045817893011597638190279939289360892227801753084871369549925193984254995432241570917853503856196e-354
0e-739
-1.10880254086460205791322748217767724336733052110164496747522271043224824597539420351733150361879126509513970935225211278e-358
0e-737
2.01034143282286076583581504295217462203895432300141138463664279122053106559501178875181115408872765908515692639348706874e-363
0e-736
-3.58253799044369207675870858988833225492600762250750496098200689562384179019749914885763991564428714404123090615370724716e-368
0e-734
6.27620924607630594198373931477021347632355029877081456438800638525572546197240746757550113508649404132100549986138505590e-373
0e-733
-1.08110574889129773546764910612790521655451768716167646763955475269001070784756690338377111061501241819690158236884600870e-377
0e-731
1.83138619652954959976139573816835525499767786326806755964546388921559809897942782945026626605311605631496725635483289077e-382
0e-730
-3.05146162828902101434380813204355748053724922410125781334054635291263973307468732757954680924594466877877923392872894561e-387
0e-728
5.00179343718715337408473834554597915143963715051160056733822253592983101986861388064575706218866706333378014447878171986e-392
0e-727
-8.06687960877169290394221785215766175016645910947548034744194680836733839620050016327699278283040261537503621107289953637e-397
0e-725
1.28031851679953822535819012671483995690571654319406300821156523040162003617584416297742432114653372196432309304005144981e-401
0e-724
-2.00001069328071760797790641108549925177803238003304034890882483175798604113034278689386061664338084861655971480400044062e-406
0e-722
3.07550383154122277047748657030650765773748844994241437962213115020346445892759149636138847029027137398423585181880179891e-411
0e-720
-4.65625083186018208202668495126614869748760537506832114687445301897810037309179331478405715301107683225296494512941006228e-416
0e-719
6.94157105682345743224846748081367704480425744496461570583280999038692828223114218260637615195276915212431267083944942559e-421
0e-717
-1.01916474524612830753241525868531964034991930528024042963806232667664236881025384780047438062004838709874810959309867998e-425
0e-716
1.47386903287451478443407466520932776941188196963031592794312281577877157680327585051887113349111029818100795572927389542e-430
0e-714
-2.09972662000419784984948857184326853871569834089349454401338629297220611166624123869043898049089961488842525444308886784e-435
0e-713
2.94724531425116630210709553619554725561703346992351485039501382326097350646178368240456971042835973493382191794819881349e-440
0e-711
-4.07641765586058162859497350246452331649628332199428514048361034717254739168699127687881403099115758287627056507127490204e-445
0e-710
5.55658556064815418443718298850129732091271259514265471285660039056768412845335366941196791718091789664109935793319533385e-450
0e-708
-7.46554131595238902897430059974895196019843843103251041422774902849518710255773044781736258766451066507625546531801931036e-455
0e-707
9.88768334632810807914274684471539007491889671268295319709640107739480780113711590967803431827371581100286544595805638238e-460
0e-705
-1.29110844005851143538337591640275803767017396972513939764357320355463280544129423420193738039943046123075618764525607054e-464
0e-704
1.66233981955688015310069285644791597347415474417873626423697840352225776883407557075003989424635862121719394746241307796e-469
0e-702
-2.11066277789862445452529766514045894200776007519303375257488389766550867864283895602098134522237214400675871836853261932e-474
0e-701
2.64309003750267291615368543065768899056914669488537889790359502752733401465935089723349384027512490602400657748360392059e-479
0e-699
-3.26475299930312833360559720789600299269017913717702185313976015548838531546669571974450754648213696135643904572306723142e-484
0e-697
3.97817869212085335218525869247330689857420523792575358651296924703391068188745343281325551216041524082021592001174732755e-489
0e-696
-4.78259153421166966962227993362910314572023768890660120276292039482435932014700940740881135560744096809784523833362723753e-494
0e-694
5.67330281436507476149071962180602380455157983957014721715644204752578325007287855741068917205479851215753104182338654000e-499
0e-693
-6.64125440028978135273905708067944104672271654179632830753487933556439041748236852115301769098154959473617941068745274833e-504
0e-691
7.67278022336130184292438694266601039469609841541722795815425260080868090261064451004764467232643632455936212582104274569e-509
0e-690
-8.74963884328488621382600249374306265080267458633245652166353721418411865728667082296700400444204644223549532214548371207e-514
0e-688
9.84935299108963832699304769987431309894380244063319737976932924640206171478173902154745845633537609319333312340068339047e-519
0e-687
-1.09458685086278121871849748697045899407039099667441243781427893331079386915624441009118389355136698058064562139384642873e-523
0e-685
1.20105175551714128963965909010135621569568430112036428901519174223231247404417090336265955482166365440525468758714605740e-528
0e-684
-1.30132420872701188313544750429846472662059770144066171320091093475834639165740849237092007782757873081833130374082158381e-533
0e-682
1.39240066177057996933985982738272441615737314214115004110727237013346397615284836923337058426566375480054899821910694623e-538
0e-681
-1.47143073299255396596489275120952436817557770833894972554109682344262566194264259945839481430362545364467561754276720841e-543
0e-679
1.53586705600747165338158082765153696795009045824333443605037758906808157139969448938984568078696689244736038342286495889e-548
0e-678
-1.58360294379401852258925074951494223967383197345783451928216156330046117936663743776069054557026854253168121191604431503e-553
0e-676
1.613087396001666428542270194988821194647261040279437072933579307546252011354884616170099291387264864533435745254627649e-558
0e-675
-1.623408654205763651793954676518935335027311220065480579641112525823118221227407456698165770286261527138553094109e-563
0e-673
1.61434005134076441735629404536287682764106327781818916162124071673567834712100017586427844987958667196281e-568