0.958458053250500657515691427131862104702888044622138417829172881529209668948283482251776714679142026360329797192044258398
0.164173810039711543476235219998563792212635466877453775245593812527860382863656843557946477241252886560621470701942044673
-0.155317722486574357504822594649646547438697415424458875086765147336081730821608550280964514901455197204262540839066634810
-0.0166763153895972109723468395160657765580577058731003258310159428169281313681978354177788432205775396817433174987020945633
0.00779821753478762311419734754131490055968193697572957084683447371356596581676739024669592576672178796499850567721143850833
0.000614208557186770481713544590096837048161024048836396783199240978160562922542231926525014827641475647793387064373073539239
-0.000190142046684886452961040316501699893335568871581016020118222910374931077471316985704746013327901243253179669045513542597
-1.18968209341495436689723962865619117868422502639773659696127296250285942139183657757999247142167368197235532590218817391e-5
2.74859676104976412500183361425698156914698373943415301290350608610378196504173492463649873497572636037063435241338589933e-6
1.43369292642810192741787032135655711286801936099948208405195841585648523750432959494209984223697440252561540171798434841e-7
-2.63978881120276542313836217131429122294142326881212951795051943541219290886341657614905421501114831254013599061934895549e-8
-1.18573307778454241033323021645802262147228866570596492594812813855461409640379199125314765519402905423809772762960855780e-9
1.81365142924755941650421961361629549754787428295529393949465709034761864332056122472355174675758854011029706326850420812e-10
7.18067216782676970645173643486855469851434394215673515918581545083754718729737065767492393156545258265322817943265624030e-12
-9.38877201653593253774219557467691979587584690959720444604689258237000694946381317743348496529864370601949709550160536030e-13
-3.33462128675475247824671380564700317477218927190967518886181283510108632586607301104259348261694880348468489187703211264e-14
3.80583526309457121768156600961871351651056216398655088341723091100523896442594287335267879259182808950008634432220174427e-15
1.22936716298955485591991490075291884432263909434930147230137114404402483790115306000392121622863963810895336410899593974e-16
-1.24444239969672249456782309592328934346917212642786425388907468651103455344724395959640681293989483311770326138235655574e-17
-3.69656412689913725990215527893359380010431744550258881268837986868440269459237369875047018066040794306661801156980889221e-19
3.36079514562415332790950943604422677681228487682315942922323663277987295727981305764644598934665608123728755269038398983e-20
9.26408631386956592367247961673530336570185767726307376850146622334980156309577889219145160123181912742850095359388982852e-22
-7.64206541756210092915798631751379986711924513451032081321653309854802974189344256011689490092324687872874980824498324983e-23
-1.96975871855918042889388203012522083133352187659494488646524098295732555139086394798892415260229506359874244525161042937e-24
1.48671125381119623753093168847120878001648414305344077511253413145583807964549647646883346528594920665809240122767444891e-25
3.60646545482676373457386661265052876551819974350378804469376676701045443974888565944230501032382344725678294393684117094e-27
-2.50816115444885089771242935230194555487633765788011068330764052879377071798831584908524542358124036099553886058063523395e-28
-5.75819671373408782942042157018810965474922445107184986663002509936901883310690647645456396787116815346442312331857802504e-30
3.71209605553551087106288794504482031612210941115920336769077158202755190425337199588546334729424298112733011166581553147e-31
8.10473065641190142322393943412034126457976663812397872716593323296306145647472281057712173515347300255877650099635855947e-33
-4.86819839387296718931393521598518661136126556503417571416873529725735708524257016604535527151836923261182476197177859951e-34
-1.01516339839564124200288786229678607450335957431842128236732266335270294757013448412206736403148744342499369831068745894e-35
5.70702210785917978505266780832984481139142677932954826632917353469502346280975096456916241275439922011552012367062013958e-37
1.14097908423250356168969936306883031977513792691097819946241748472981104718047297113906999400871201233871808947345945173e-38
-6.02704182506245006440891755325200745353948304635900227831715401214805808988505790138786175579144405444029388392170069625e-40
-1.15918254119156412318217621061351670503507342972893251618528913715294722310159918401515242997646115716821418745010906279e-41
5.77355326787122456012760201964696184076430931874405156001884156070723492128715501311488540509868966156679902146306512012e-43
1.07152851402369517052228900124065526859282518906846891140928397510963022271414349755592015632875256184690259837562875491e-44
-5.04785311728590622640152594911635026256136999970923404120570448043877877342081453497368908703707447139936391443668969836e-46
-9.06546358979446368849821501739820680167213368392684452283646855003790735487349072661372499005155655087267810342691104021e-48
4.05052895841218406203770560205194230669069865206502076352514347397527290470145630412382015598188720896778861380004277926e-49
7.05702846638531319442547079189984682019146367097528514819374281334249491798271888429067031380233249518382102780891646665e-51
-2.99812813516744551051066154969313202072635945155673883747876482964012418579461529130265151997621918860917666751215982540e-52
-5.07925564660161308938528102236464666786162431499533569758765805424487188624283484235053087896903948430078421322185008866e-54
2.05645962525978370487449709878356006066241761430958257184058762102270633095088140844107933450889681784588480519646148661e-55
3.39503090816347281900960444428164419248033126740168584014918297890213131618782103903496917516865515709876413696817635508e-57
-1.31265872881358449375275379603470090145704826314870591484183391476489871058544994658518985768522345510437851751462021381e-58
-2.11599202596387318725755537548453076310037381131624795963649911308039118032329684790266171275169423037262382289645918938e-60
7.82759951838976650551392501665423294544841417972407331755688441456560093363031510475424451147019627962878511777595810567e-62
1.23433776741290545019342452987049458551426393483004926024702066102500381346081346282576842016122593261662282553718771109e-63
-4.37628205145890728739092616621770181978608158706309289842056328051551172416275946440185754178172791732445758706108055436e-65
-6.76246948849039204797888532694583493168684779318845566141828777573842322013928668236284595370264872398998868503408719402e-67
2.30156518047785681630079331722120261681942309654335281502698101135058891604374580170976257963662236814229653732193871878e-68
3.49077788349697376562157105140184808677711323208243468123853318586703046262608104749516680540320171543240209749043960855e-70
-1.14215032708401072844034928503039351038535020353186244548447936017010589082601215953699501227121291748994582616885305468e-71
-1.70287868307288210053251456036379868762034175667459244218050197876557534413149162250080788691604277323858389458300143353e-73
5.36360139792511919037514672506073424259106191406040887821944510850546830176077455495930906056299592957536742858805075280e-75
7.87234013284480928276447696015137373713869163883863014736096395411443558607754626588211342461487227877271511304954468877e-77
-2.38997948683584007843372081467611366865778332962166869914686194598063834000035863518495246735569752685131644633098519833e-78
-3.45796557829028738746098741209839595839763342268362088197453636971886095148795861074581300290895663823096135432091478621e-80
1.01306136938280161967737426831493199565773807992467303264360448123441253146221108665186262519686440852362843610418767528e-81
1.44678468872947861641339812347855069597510396786603187138896613045504586474736975896171187662120378007151569981438394025e-83
-4.09464360472161086646273652866950880071331800814982856100741758136397045831838220391647002501241778406733577626229252068e-85
-5.77912101523316418835334700152044002297163410553830829306200181691203038825516728948264572032620535398877936068510667382e-87
1.58165511586266985993971089922981421228411215144387806355645573161692296033978539874365124047219366511035960691892774076e-88
2.20875193479338033449188291866298103528244394746011646598393897349986993907950366191415642488481585007739647618800537862e-90
-5.85122199958787731663676204802068464312860837710441935848118344507540719623715317794250544958433786211094274453984832493e-92
-8.09397020504249701471072845109844722697320992758984985055629457026310392520688127551046321076776336638789784540653963583e-94
2.07728608687565211817455178547259228146579455780295565219734611897841251014239775982490722523391419950567882408618289005e-95
2.84945773264445431253372819507264760245446815250069201644552296903375679358960608570849258382862180794334247373725819685e-97
-7.09076740831446943289083746669425587754437530748265563860079164507811630100664598410468901603142123063395710608056008963e-99
-9.65525088351982118774831705497225081670911752524445746403618829353621680477530261645857277491301699256989018181026471226e-101
2.33146996731389490374615256399032653455490035833422384752336861175993052458413397792345324951531830571149624703859587400e-102
3.15458587585492338043554791241597406182171108581044359582147921016653613579433933639660415524160724148825307642318424816e-104
-7.39711187045790290973733861369006809980885879235644742734064106841061666205692157020818010196216360755793683069098451752e-106
-9.95498314967707542340413258139760114585842160983223346847170739035052710604179543462039143104084642522794401959834143511e-108
2.26836615280151249560957641351391287160018198186743348243207055642089141523316047985217212170781916237458333243301957177e-109
3.03926213864318115033679794916306615860787668222998263115963257666714953114272159409495435855693066611430969991991879248e-111
-6.73403000164822660528418056276333890461147702185928270376220298718298972591115129864017870628326566478965759335248228411e-113
-8.99096045308283019859136226532542508690796834348786470941652110411470703225782017984393303834272763483127739895843641627e-115
1.93826036493969316478980820336149133270276759784171625013466347079445353204524708320721123571202664715508321997612512903e-116
2.58112059905817238128100378990888728238014893567413262574059120441325764526530299668597161445527064094723136233118719860e-118
-5.41704977933482720536834102906745142887457054402763015656576535313769143281528249267666437975364187489275501100342576227e-120
-7.20118667132947675391559361337304188609412743391844190819325861283771829398948096241604845091013858565287026452222253811e-122
1.47211548878104271817567241768079584597521302659224881741933182510686424441437517059288212826277049231597390686116916393e-123
1.95523937869928824001437142604631955577825225290129959583752280877367841105721968102068569021879551633838778698597564325e-125
-3.89531040544992537046701447274191372516928007810216369770411638732822944691785710920690931444775744024478871316025676082e-127
-5.17346432094589593692420524025426420417444903234062343774632663303915530644079301751314246540921090804625087935375659194e-129
1.00493033927729802727778987112820588347215475609273966132315114989688173224318684219682579402367638503413255761464561549e-130
1.33571824248618598007069254039346130379156535926191810424379740413394428057038721016867733172110488503330117390694937326e-132
-2.53091422189277699827156375785698271853662391249052937114904870249939389930232595530964562986464103405207127150663118066e-134
-3.36936840583626064555887414729314642639486012245140222665020972801073725113617428890674609576604819894673697917052992213e-136
6.23021581520444927762273388349834175625226462211320002054090374803584224249628752597467437639160502725704287131380049464e-138
8.31408127514241440624688901924434494565966935626798533956166919676851425749642732642014240380097600721830238547547775189e-140
-1.50083724065829749793436951329056828288810208220896178518864899019992906660026496330494294850089479989155357863175801662e-141
-2.00922611132447396219626110663051436623116011158296656888338706840895652052358581298613120561921690371350253368965657068e-143
3.54221417903779341338232032069011681948954199932401866932285357834480570017463102162195977338497674464463359328990547023e-145
4.76096224343200909284910691410987680231617496103981388936584163614448459997328014363670201806784148354562283697636522119e-147
-8.20009626607400316253578212884067033881343546495350339049323032971240724487571890932971605233926410170029215721490734351e-149
-1.10739267450744508786317445113610403136251468517467453094573963831657995926213414920757398942458752588216539532411880048e-150
1.86399846134464409610026368921188684397379238472529987114576242330533062215359960434246831903292287640039026356409017106e-152
2.53120408466814750897617813618645435403208125847677976019765057871624760045562482911692590236700311564852334590436471640e-154
-4.16507149340735989753186078453305027920444342696292515329079804105209190671344271540490012272678342930559377171705890627e-156
-5.69164561297215814850193888372524351609062819888196564149680783971528710688724912606795872933840137501215836429452135618e-158
9.15812794457290681705367057913634835757286414224309589784947702552356219642724988612346125220364659546986179119370351070e-160
1.26034686562051003278153012263111588688936625325274132411514145460624601083469655301484810990062939489522948885191551449e-161
-1.98355983089863827593298169956388274435011710017218277027899894845005906407738285792164757402704740134007292567854763999e-163
-2.75125509295611820954992856611551530697859613500986581749482523813609417680718189084004041452018795401649244324229176405e-165
4.23619584145321765815357624231445735219399183500756194151278746794510271119918059262419193803763872382185117088477831740e-167
5.92650349919775699629196155543787425562069558966379110472162932375952072913828241706891915658509587969609243810929382556e-169
-8.92952024964554215456476396457735774806985066039528388374374456848222767430671856882172391983008081184465974037189284428e-171
-1.26102474377923169373440779877408838383879769116769043491211700316936470992547087514814228238784201390657967275794922910e-172
1.85961474331846882261309325857385779399518275326957783333247116461346371428514135161552308864493401442397882196667964163e-174
2.65295131985805960376894810586930404360740493584505218246166760758624257659728117268852288743129816744715873577925661113e-176
-3.82978808572723726944126193162757810097207964512802102950735781934222839508240705612629530317516263986160909674021169626e-178
-5.52372688160506293454082066317792311803718497356481115591975487957358202804349299331399579244056447477459969159106176176e-180
7.80712122223047603423948246670263090033298452663635579109953651607107886721761243148159512975259165947687161220176584440e-182
1.13931284672981786822624308423762591719629620093685396172407980712154908409597657413717628740296500172074463382088727086e-183
-1.57678665174769962505726165852521032453628926893531396843361274142536622021028992961311272174067729228572475839297943520e-185
-2.33005884246318195493337065550303929956043190743968017458332787135954559137361529758665657768777681494562023112608121942e-187
3.15803274803339093196571835742235182439253728363547005256200548122723441910540140341659480166395150982216146746791129996e-189
4.72938006953464576767870155136800160327638271172566917362327912971836640594645864136460697654654685965046000821929515993e-191
-6.27787668755565239208191865212540144967220508621213403960009963907416555042823026639755276818267713323361716182098731419e-193
-9.53566442798548702815182186909774942757179296468640805445075427440469768123062773208529971963559493543894046840754905034e-195
1.23978836190601739443274033925247776964341977968809769097988281528130456352426122666005376803578337945531834022504476358e-196
1.91160975810494205860395863267542203131636465372847123150618131362807010195091317409255141253638712943774119573635884182e-198
-2.43446171099887504640563263334399895371514755224475189461099805022541293977327864083102577429374514833070810578433443183e-200
-3.81362336893868630415886725443242324850764968517160963102808251001839259242910820733169982553153955275687418224604276214e-202
4.75726344757156944438582369092724666429297483805117829647657626575597013623810998429119862881197973676611819907626125208e-204
7.57796286967828644278353711264620602851045235777659110603613144615826435583302946380337173790936364608991723783371499519e-206
-9.25945015284240808927165167620595829410613385290239218051583230672073973424188878390339834162158409181322000585863115988e-208
-1.50115873770447917541575046053561054737703690333873992254303711253560199787824604679718945096117881080749910993147237277e-209
1.79663073495696243404093854989849964704533031571727661639626334976557805683747373903943845445984699161571262919808153979e-211
2.96716408179317188168971035392887827851901109187525085286110360096910400972221264278952436790722024597993636004870432579e-213
-3.47814217225965991244838510298294184009820526588212274364836251099609022634724470425658630720175933200772681655752728742e-215
-5.85702422854953109499239866069977954625615703408774817564937367552117702178497892414234816135756107941655813257796177118e-217
6.72384427300145540976816033079941971245003067125298643895550062296212747984835122227966885714169266557060517555672978186e-219
1.15561056345281213254506823644030352277733676137662750751459621457546363997243703504398693947507114663715037903863575157e-220
-1.29907641145319369358119479228959013666372181601091926215824957110638353336409085370409734113812445149928513608118356667e-222
-2.28098655027901984864741515834879730545099290917274645365352888747712807058689322832281158995498517051810039990368350103e-224
2.51050840651662697762665609349564765177829068010308764573574094199089004200662175087583079466397661394814307497030665764e-226
4.50804243753073077648449795689476157781766025711799492636649454565092241574524845749055784880657910727208755074128598959e-228
-4.85691305737828322139581662702213456506988546436776655616785045139163901942398822327052803385787460061644944104632909784e-230
-8.92862564692444733274795080582303914754219427806932844109320449467751648988350611866307966034360890342567252780872897238e-232
9.41436756890761772120103549258427666807635734163758880983904420843663780099394145342460864694719799179792347231625609433e-234
1.77374118679557741057586665760392294820462037555129099458527785533002322673571562956667982197963035815174604691210310026e-235
-1.82984216341557524421553792904374065231657125909349779086378698864825621854345435864239506734432711630443512091587587561e-237
-3.53739312118631976976133140014541841172180404424659575125445257688551356188346026585525072595089115669413059416632725775e-239
3.56932764313000517190423325177947413084489739229376675620740508908977505244944179179013381403179257415206136551532022074e-241
7.08832137679178105337832025448454828010381140825579631955121316530874794199962442424426940076079707206650617410029202616e-243
-6.99306327365860794577935819290031614353423274261788771981587376925708040037055928942490317230925247657758102793468602743e-245
-1.42840557492185579159371029678267325069295627386355184333749561264931452631110989730013723436010805650015262475162907501e-246
1.37725424871341782133453870205189555327043060012383205250524744359126565520999182769825815999548918007075742565326025895e-248
2.89728150907362468984998872256059548050227032821130093603288057765489702910768972064392807577590534078057089159482741753e-250
-2.72887246284944745552157858907131913624965789658287648763290615044462470295773135026473208219775974616729712731568199298e-252
-5.92033253916501112973606846306437170344546607166786673482146475821080714704661822524303287570473238162057580142948716851e-254
5.44416302877743756469842642847626823715017756386869435513915810014379669865133360303280532792881162216514989791079461035e-256
1.21984776569067334448772995550187012291691155958733787205118476838171329586083844813202335570193791426353812950833280676e-257
-1.09449427426472896443475865488841123080425979606027108101564401136740079065350256222734694828471415098123783188281558037e-259
-2.53664803212498529596383008909892622006226507901346706373381059660038648407703714866904923709626645061577980313774019189e-261
2.21914331246328918947185179390530682491268445121793341371447067550903177902260711570255052844811845364150805918730366716e-263
5.32849022729885667654219207336996257577966370640967623441114978468284989564558400123738513075835201227488402610088822080e-265
-4.54151458274776786608034420099101635012608950172696552921360738315311158474249372330139014039087300909189695224287152404e-267
-1.13171138600377066869038673749788993130962981838574092811676884425217557269103955803426975194327086569553013702968177102e-268
9.38884710620460293730866996538181635784112540666296241520498468934637291540377668448154462337611944991397581853469457168e-271
2.43252400674482761093660136539075089236196628848520535519858830636643758683146702785696739878420769302457982832930967467e-272
-1.96232451573714806764381191125320686869149611741892063193728019374437987748652047098173679125958342565741223050463451758e-274
-5.29633618722739625271835795403928011790293688046779572096834599372940196481589488299203175264511254040519994986936398353e-276
4.14977575747675201059370507772643960625856694323783820352012554407206380986249043552088312466090366923570770311073226132e-278
1.16923817362079161521304243247533866044534747024599602208187676996603312152676827166078834868121513339559744939259037328e-279
-8.88624575074739225095867840700186105613285056808599507326569251540362880694946466487037708716301383200503999438623261582e-282
-2.61973288289231512309746346765712216013946391097799420684725503561558398835661669737459358111106353082699047805130693199e-283
1.92837575482168195027779112988192006226260347242232824601119934024102033251037186782629508385117579987334940122328336031e-285
5.96294893346910904079358938581855828031120561846381890813383974298526600175492686517953450202878421803262041809158313557e-287
-4.24402340764002913943600010558721592350070009098237657631941402054034543694938668163115051081908487400199946419370837232e-289
-1.38020964831302185362976729289334904496862590675955975169123367163245773722640057126467653424162520275469460793113454454e-290
9.47983468046087493969027726690915384498239246861812804396675454278846984963323584535673802507951637120827080279657275193e-293
3.25196293039520179151171399972605585649860148589958680569072813420088934644587106505498881862094778052606409314686422025e-294
-2.15066436036068897603415975380423933431026209202685369038950732923636304104585451337288190122010336580641088531737479223e-296
-7.80740392408934833044235383273376776955938436519358181717211915082260080532503325156250929696055534303858575321942945847e-298
4.95894231842422581430280835564210888294937386074244164480864066951978220787638637449090454714443679879348849721234134391e-300
1.91196537285738882736432847242233210939001191497837579698194908642930436763027868954735111386188922485435810187684968479e-301
-1.16284984020880653919815831923377168160610901701303863096329234552060122880548618956880744815204732307348898418578390213e-303
-4.78107761030928290180219231974341337889951040051700150309697470577772440001492372982620721959038051634754011300844156048e-305
2.77472611501488011885422703715506852231916784293576535201893643983763077008139945323817250788281722317763754398397873317e-307
1.22211726642842762980318949498377436382264554941433772424045301673306565560021073765919023299305852548041199495981032012e-308
-6.74033477595264708955494863855977891871866809051809750732349549633203964065629179945568800641964791135012082244662994720e-311
-3.19683024976359930476659908499706871552637748432269587838249181292093708716919320698357018295658960703483808620058123812e-312
1.66745606801266176888583074047001475508452835314475480886294149488186987031861396648873544698112282491505142799841018933e-314
8.56710544996060556328210697701640809850571569237362631702819705095824553664676163991654372125777889896645299310901021384e-316
-4.20152594836804569865713642582969331866073803008546142648047939533499119125524260644464591785827948632023914203697991200e-318
-2.35480655740026889294801792456449192261859031419231068176223048958952634423668891179206516545832935728281527868937991833e-319
1.07819107687557145342127921203446046169532296330577830698464156222133267136613761751990854349281746498980164733747895889e-321
6.64649695607611409227566412141344614062058343826382132416918409434076791298958123482674713908953480869667251074063558229e-323
-2.81652796177736500260665911175151092673285867948733756738857961602012066507974862948452398709644436283519216819959056332e-325
-1.92871664670686333268206693761184096475060482648182050832299985057606664945644461047011854187581452722228794191149861572e-326
7.48190184558671644500605911086414841367589669704801940920409185946609333183930411391550874681191331201231173058316040322e-329
5.76124119771923492315619443904290450327130871119234894477228628244444333362885860757254700613778576771894562069076728333e-330
-2.01725553024498574826646834805473634348848746506278316595483350009851748872808556451987776297095635842300916167681626044e-332
-1.77371028829724697600736609179528325204257697188427263658503087437082119407448132369490485045335875745072494998601235362e-333
5.50193218915920368557190753808651649849839982094855681520744364376489244582372481887844189877409158171791568453341204861e-336
5.63545509773274183661042754212029541345077857444170483404157942939863869324971803349267536796579244864209016962982944132e-337
-1.50924187250804926073338933745542955928429653658302808675224909754002643147485036920913347066238350646688921618153429794e-339
-1.85024841816308096146160339096353892586447824664793534179178033690422547338147466571762373327292933280046283267824555452e-340
4.12051288432041917578432042103247440300023639153902007045080921872912916450569455304187542494826637931804106569251684403e-343
6.28602281818097577943653867877745410273058629062271936884472464992209894542443852678265185325938899012369036220502224930e-344
-1.09703727528207077862970921735292321889045042471670057184219003315661734765086672271271485607933879280123544726393332913e-346
-2.21295514860660032520631175485898728266405485434887489747472383142805015883419546267682874762844507111258661883961800778e-347
2.71932553580049367241619644881593991289889372456321154752713520460327680308241733078990921396049556721874234771670361565e-350
8.08429858566234112972795311542978005510678397292700101869015877590596440032690334526593791024413283816075620343874928594e-351
-5.44392306147823326510354963344511653991537762944132983695287769080818394734238551355624678367454985782909224971391046473e-354
-3.06919577222017171822449537885060472708047558409395583062213489985063607868310512458310809454676947524768875326445637077e-354
2.26359747824162238899534081213169180117700101237582300042302513287802796086127535040318361589470167015136517237393589698e-358
1.21276464084665145989008474284179069564017535125505399795122762935367943755519752975000739226769528984580282882416710302e-357
6.98694069164654193657657501265556441909553659139358206368867312144128935844659193157299887116465466449284008178019943377e-361
-4.99543870222755446305887198884808675246153014603505037978034440616054899456308596652381332711776784906968351938542793181e-361
-6.41034238711231024546434622342117724858191155154105640649339524399386753643615609777057796376732585551534806463473098152e-364
2.14837545195079477391097012229526496314773267916142216352062623499835929212381792338180932788856328298877194419059270761e-364
4.41680376133002834880497375449953138148181948219762530201471080016690075396977312103302317280929320186960131369388231525e-367
-9.66272349605934982541107839146354269736953727023275073990823207245629681372047300643939318237941411652462642317651574520e-368
-2.80589009229018103921573884528295236028443288267973828898486385714894132038664265388415696165015079204343822696333681610e-370
4.55275609229167662838052581181342456149631962571388432384788992390133206461029177040198787301396483757485965310230902854e-371
1.74769318130825382133595641226040852084960582780967453595664596748137556884199315566241575184960590867047390740677027541e-373
-2.25105659193416690789853407761497684283063331554104023223055028848083670536718041145609195193761715853243489012861774312e-374
-1.09732281844545676752118219460020430220242803701284068167128552751117598836945477159206661051157278719917877257216491233e-376
1.17005400256029515360539857689637622449725604310924180720538019570522520821733830375001490684613390501938151522334417841e-377
7.05387292644840496909596346426743829314695932569946928208699690723176257912988716183996219874876565997154785678508730751e-380
-6.40502023548969032853223076595865976267702240736789705975890830490928765235370288505473973469866388974934733095698486726e-381
-4.68943999185054335104877259022250276057938555826117425901871044160346175501099697315472876655554690341966676810605109632e-383
3.69941653140521551217679035635197721253598582965103341501459240689862306644030195841358430726081665018729337473484468192e-384
3.24771190349641545294402407674876957910126586357006097777543460956342239441832610403441861055542520818905018720801806297e-386
-2.25870378075373438201073732468096283879561967813043032593706256534368927627487974276081962753625594145391717695939529791e-387
-2.35659510674179060181510975004876726302792234719535489055437877804811135947801934662245348897957534405846369986206560665e-389
1.46056550163495624609283339092730237296930821372297701953715318397456252108005109076048425746831016368798180607447257448e-390
1.80025553229444700273636483352245461553481557334717397379037133803114409681066409424512213418733737484885359073977030119e-392
-1.00216803433911226889121639472381058989056131110698920257383569654484939020009169982586246916955986587751697831910066229e-393
-1.45403552758222843319381831584260370376655065496710036423492305675177704108234743618533079968733824713988607832112244205e-395
7.31017915785030827266199911242754574141769321705905124181745283879014969646363148171666096014899321501019832729909679073e-397
1.24655216748389482231958427979458176400216385571369545251990254057091237748225836189271693975263980150058051314040740446e-398
-5.67890295454188033555037378437108007062605202686779640297741027090910650462305415624682583327765887793780569564954051510e-400
-1.13855886325483149590690335418914649838512897263862394623162609296165378517184045836509287151520427530462491913338791253e-401
4.70624764265736488042230995036156596367173214276174375153127718079975306618336172895684343917934627521993165542949966284e-403
1.11192683830221966011098803075471158373711836333660649434967829349220724687982709733762744160486301281832427391756796994e-404
-4.16663908175740921827923362483901693387210572379571150162376651466845173897522699321652445080132567038746710788821345882e-406
-1.16524221300765457476652715831617879413592090815280517891952716017730114174707398649502290154040978129050309296380948441e-407
3.94510695454705775596173820181216896665808827242826731959652168072563676627513160673309755805866986920913231864619001530e-409
1.31496601498960647438902438799238658954554449019352044207169594865909524268224199674336947564825482995970468825575234700e-410
-3.99645738587565835767904261550895545924363102050990800479891229782395019585999376115074391344070638893762747343051936740e-412
-1.60367946713836392304753187897114434271440209111848897594120788096874209265523322077170172037915615061333989108193784604e-413
4.32850699129902493233808606258928431066418798816451715285054720580797492813326928659520127091030137873697794525886981975e-415
2.12122072259051311044380279662711418279734970885163896403420854977150740263486433003563861961280607016959928918656930263e-416
-4.99916890722589113970029758052636523295353204203568080278824311783946101246695385755099392454568068433713421816420953700e-418
-3.05418405722061834416912682543945261977379725335198187776474339828317118390586860255439589672960840846246261361795903815e-419
6.11139160156608038320998391406679731918200161164668406606125269666353499435579644033727677419955420286778155561674014891e-421
5.59073958565465782723370894876247018964503377448348875372178906378837288190373706750913426224635811119978722831786897340e-422
-9.45666254504006964896492743247360717052558161067045660706858993843174398339520249643656682243814298530040449201371717920e-422