4.933166927403999679330033315756700102015246793670765238029697864848578256569240084704558148e-1 
1.701503329684689079683263032852846293627986580083615645664558718111686239814453203497620309e-715 
-7.587165513218836078031711645633518332393665699586126704449747003964302864558227965046836082e-3 
2.730092056091523973202101852105195432087177229809946329576575628275767140116280083351803522e-714 
2.795950381152942825264218253839270899529214234006766568098999172774347542203601735414907708e-5 
-1.771582403245410023022022439298476654097915205374490968492747511521701693713079953862722192e-714 
-5.713865374029479194496640996265578920046809016022904267766487735910278750979156315239932408e-8 
4.693783151962015581159553475069073269336147580893825395764707256820733478129339329731344096e-716 
7.872483820988180636701750916617216550126857934250463480389126504289675053261222386750052099e-11 
-8.041883029510320140871493002469806248073007089775487594608429219482458688794984016826880108e-715 
-8.033165635138317969829658978079336975403384043102823100323023290559848402458318213340000030e-14 
-4.788412038720642455147903004350876256321684815918060890636266954199824880420013700845162232e-715 
6.422258653222846147498850828955656963319739419618870394144347932250447242737271857071391928e-17 
-5.414886769028454053913972267194410115841896497642572718050277977569273971207046451452821961e-715 
-4.177487442690789854940676299176738127953345117901700552748770514963900852311120537410331287e-20 
6.186885047857747379292278934980224837258645072823838477957228847127070887409289439074493440e-715 
2.271924117184961486616655749801249788863738038640780782495677203677188519897456451925176073e-23 
-4.642676131152295906140599150098737217884799852091864003423243118018007073852499949207124011e-715 
-1.054583554647085928067183782906724978338925565253836826167058775221290077155264280849897979e-26 
-5.081877178984963476591197638632517107010507572326315778412285214072476111027664622273419029e-715 
4.246306653069403485133202869930902835846913702512176260857764215551774785127414712250605180e-30 
1.591147470760159919093914965165894675186972890764560102345194860529863851644544075229664419e-714 
-1.502674237504155660606395963824499416466274454009466462677487666895960117444563626993689728e-33 
 0.e-733 
4.724209618533623577340607482984574172425789614378725101225652104011074675565573061950273540e-37 
-2.666260420050402074360220804864277004113383100786094353648945144964274958535964724378583516e-716 
-1.331504211167374804808256991215019677596333752839836123675944795872623765916917316758342942e-40 
2.586177936581573190498367288949930640304362971400314275471776717738253143212848623542563478e-715 
3.390491727619830182325078001634506359856683778085459819911604655089427184128122730237987224e-44 
-4.624888419904858383044532501887570581865585393643294942567429587629266815045350862467026319e-715 
-7.852140613595007508564922364989324780162743259329678208449105490457606439916978929822570532e-48 
8.555503930324048864541426938053253460627380942951517617764416270447736019280391629960209482e-715 
1.663594196432823046502634125926985955776940046469608700165226583068116109357521359541354573e-51 
1.365109542517352456193026921519540140479146131319481076156931363752818592998242660280593527e-714 
-3.240910922196577571277110506020215297860171354040724835630328531248201371809058033965399199e-55 
-1.480185929117629699763281081036571627673081405319849765788752704372767384428583071985717561e-714 
5.832075759804793810198768036823275560386573685171132025696811107463857017458990214940379389e-59 
7.841008275910142626860565517791448712392628653868529176122919356813979748291830018332082404e-716 
-9.733784154863134977413372687069295968662045818920248806708750601558980949342778207148412800e-63 
-3.006253877685726661606601726900957541056597901367067211206857873773204781027153250431161080e-714 
1.512276493001519532240516832512235452908373075762667961655664604694612674863495176903174041e-66 
8.678859362054987759582346534659805811361427554048537304252415619720111677101186144931495287e-716 
-2.194361929220271497514521293171905736050150034812428374702430020830699512246882687428123163e-70 
4.090476687554839353570850337503945103225048403974824501472896427889187757961761195269838656e-715 
2.982763072900038945689455285766260825464689100993302854404441623618520216057750069640999902e-74 
-8.845071841377564299065318497173375236427681797137427059723877537703323978956363461794071123e-715 
-3.808510033048767817601075238532110032837025325479198989647936716319292671696342404701553875e-78 
-4.462964559251194237414733884564866712131400268278038817290662772534737648185455172525801089e-715 
4.579421315203257350460332404916516602787724678748168295008453650295072918361273871663792621e-82 
 0.e-733 
-5.197463653885023199079919557114622284463806214393780773705649573090095685391627747292195086e-86 
9.147788039020248645925456243346609653457394789231687229794525415346328010304419832921861946e-715 
5.579906710392891841405271782997913277725750318759572609923876321601537069354613729251872518e-90 
-5.594490136609130021650778188433478913080168874169989160063583795035417792389149557213552935e-716 
-5.677771900058363862875570405153458111631967952276666349944874419985649655716456041325808632e-94 
 0.e-733 
5.485855893774211238564536857076656025602758191938163390604206884015642046732682648545922916e-98 
3.950639825685158084844110590020349218867600215574295928047029865705139458904517038314833270e-715 
-5.041637040078452247697050219710308112748947423557743026063001556906297175535174274265371213e-102 
3.581612479697732540891685170984150946768971185847229795513232990213648802184261776596647778e-714 
4.414236468838397385775037390239940562139394634526131857647266920784383503772016102761747467e-106 
5.047328200816220733095848521043739429085280346820488135603611504040399299532112424876889803e-715 
-3.687636941240481211451859052432819171856437509569586423080641788661602788499888027696131892e-110 
2.244959206352526506993164135297335222562449265258717035192930629667329443660809871297208426e-715 
2.943477613682477608922965103712978505554702500369912152296889197055825523072528804023561313e-114 
-6.849329045755103110619177034437249884238337593609986728675976421959249820588584971915658267e-716 
-2.247854675528316051808640710288691942124396940547174470149069690395045127955937889618022629e-118 
1.774576544251536328585409586306151604464640837452419037508797739370105477662501478543610016e-714 
1.644417835099822175652352863978041418005169284894167178430935589046506772373381399163654758e-122 
4.036013939112363319196889976240209987332539299179422550179482146629875623200261423121267455e-714 
-1.153728502563036169171628240548045874161626454486885363846636698101466349798590668542525519e-126 
8.959667652180093725544324349231812519712663683028445410154789681761466697273305674132627761e-715 
7.771871950745934747210883771768759380065624245643374163955978451612479809257356608104834946e-131 
-3.814863432843732325692398616329649337593168926099617185208357194824012905426898959062217820e-715 
-5.031941603074583409938587829112431316921335518962248675453358784551758384448358388519015296e-135 
5.526009179494739639293854936414197470651668626237957745652864350283181638480998172545422381e-715 
3.134492065555284089326752757095645232532849513586443343722832180157299655284795843265890255e-139 
5.893697870128862480156419879190189790246992131620612650150731510957259022179717582838099160e-715 
-1.880321874222902838836169267952182127711588261212961105314239633380647331906990295780074007e-143 
-2.849972988016046424549871120365254234985998413947344712221155916444416221790890686711142398e-714 
1.087232028849380671437596027667514647565741677229335990532873623910643506884026396765590588e-147 
-5.943004697473893695446256673382918424512647724343464010205185088830255612830669560567740700e-715 
-6.064710872264347607649633323988364729180219027476055787333369476239299457009794681911454711e-152 
-1.850885159702958065207772495776875428283484434565056250059533235677796752664339746284598296e-714 
3.266263076015413858505040035743970715364548664543374929196324038204782385234727841027145365e-156 
5.262583662961589531903091918122342713451281621815738043188081779631307728114373670409031882e-715 
-1.699748098961700121636496095890524824500306551683108443435844800306253425291032429672272272e-160 
-1.829973409171210754745581650422165999605662715849996454226405914263921707790843313107236942e-715 
8.553312248172008991347363182763141916540653788510173762017679137688509109363262497392806187e-165 
 0.e-733 
-4.164955241097490198463231658818299137399717596510095384556340687431969296561895697664514902e-169 
 0.e-733 
1.963854351052524618947893126153657590634129071180655254547935675173115849081637324778709021e-173 
-1.260845299439332353868979653871603611923831481060398261652708396674529836531772444682661590e-714 
-8.972540649882521199084336835816899079072754219342735349819960054812319316353238542251467619e-178 
3.994366597957837739952357079807284120409717259815109940029425020160340555003196514896182168e-715 
3.974673904425603173611160908657788910868428581853448916363324502213177006504399806073730611e-182 
 0.e-733 
-1.708162810647505201042580491731618870929703259805077557021408018261891000701821955594946154e-186 
6.230760394675659602600198322890522492421202036907011827146471881323944075578947202911691510e-715 
7.126072445766930197042108206161836443645591360167865978411188706470232344000478996279965418e-191 
 0.e-733 
-2.887395511480550612566289710125503344018627946248431465610344107354922445720761285696323201e-195 
-3.673663741878234458587579688854232083981791792094505166738755025449947139545172704458574775e-714 
1.136920626299072295335439542443263616737897332280312316381364868100099820263760220304960337e-199 
-1.859278015271384322960457698857629973935729402331693752250309591969413335069834042972276646e-714 
-4.352572280423566290041713548491863622199900563107929925836280289038757046824467569350851638e-204 
4.948726997802736104234145784608888112303189817229278677816480382469230001195146046899828116e-715 
1.620950834434024079752279538404507386632161740571625013717098792074481814108698842135441164e-208 
2.290081009191400887367327893956882022363657912977995562717616544135993451463969631831342230e-715 
-5.875029280967961291980805409078308947481932303065395190015126152229379392096141344924508179e-213 
1.375347502155248355376832620244660303595334519847683852237321821392300656319754321882376366e-714 
2.073326168474761507670237727967201785732666593300702995558395258728905316772108686706212328e-217 
-1.402911435215501990262063201016626610735040094060567564366035972157682770778860688506661136e-714 
-7.127492671727426558848276552634384512444799253663486018400745980523824708488177907592810041e-222 
-3.636730158058902058302256145513477247792362472817189976946194239435518549549763471089029860e-715 
2.387839286704972511286384294284518215644555981455287969977987949627845294926034200881723917e-226 
 0.e-733 
-7.799270043584277538151088302165228899026741774600282366746081825871787163844577227194258062e-231 
7.497407303361052003497034902709382619360817403368839532706414511546447442092831731804490002e-715 
2.484613536664508108923788508514985570446775450243059915328708579494444896145767854983466771e-235 
-3.423199528326572982877750471849649495319556139700647465588275764463104210077128960447934030e-715 
-7.723063578190360965316859318061765319105503570825878924195331287300814905479200677271387261e-240 
1.816885877483905584517558480674150556881840414519352916782334994790153647558687511289806548e-714 
2.343207448007507734728892165780289162593165477820785624901489884643960502100316666485241208e-244 
9.481270723627419432753115334775356768245272270466912932518944755244508747416858121705764172e-715 
-6.941952241895472152493529740163249861137746061531834177145628311644283449570297858100008033e-249 
1.721815308547971808403627278396259829448792877464537262214467099732504905081673510067151504e-714 
2.008892865394514516728819988410286674693434537618206528098530636854931425229411352931897009e-253 
-2.029198230662800418736314455283062576502497533337431211576504620103283384264867802220408035e-714 
-5.680493611284001550912290291989523042716650735457843220622768495731919117856034061038092688e-258 
8.250285024200655551965356399215764137622991535924706264024213458312617896528931989391551760e-715 
1.570055315741297603106013235195067573197241820423995582924461016784873297186715270471770104e-262 
-3.533862425082779186448447081942797543118426293983935681840857867794379777099669124762091689e-714 
-4.243113039301021838405309534984314376788038017199310130440811234432351041187301072901431863e-267 
-3.289514895794283469764598738804467101537871001066170715738937595346717386519508714229150694e-714 
1.121584902324267091826093369128118157459380944567156990643633647503702342782434610244891429e-271 
2.954119292601997442025448626215501311237246164174236113234193514129985470191751722080749914e-714 
-2.900620171994123148191761415842938644747137830350981695137257770274450566165499134160814947e-276 
-3.218646153955184761038532839069860596506317235323514692811551797435502437278640997782399421e-714 
7.341592215715011011864682584698933602297196230474005396182021271395238078637688697000285584e-281 
3.322040575703387456470147555422308542305374700183362780808339906840933472116927230370449486e-714 
-1.819098885908735723752369818415890281610362068457776216153493427940487719454280546965653110e-285 
-1.634423614096380551154131458726049343809281323262379965976282841965390620345664718581870438e-714 
4.413788932676090664001115293637205522351781873539196949063931907125160282115261137517787266e-290 
-1.862690098384983572024741111002977901780867456286133531402729769639007072087563889203936495e-714 
-1.048999518461842579595362395842300753485176166945116560671403798867149694209452759479988297e-294 
-3.647632133522731497235006562092794497054877829065596352404699084337229575552725465972603057e-714 
2.442663327212602358603364676096212911568304475401101839779620756919786341898280524095488634e-299 
3.126640281955382946679593791292729336469103725937993941792544962085214803596926574966079117e-715 
-5.574290903034139280035523458242341321729380148313809317558180487130656586616787850278203407e-304 
 0.e-732 
1.246991610220172681664505100362136741992014731166913122320514272689283140032565605065471339e-308 
1.129737353784775426749793919738808768455092133220412776530429499433663672835094339013795939e-714 
-2.735222847858542463010353230041371060276059849621451834723975593138809167758469455506239593e-313 
-3.125143095166314603401144223560074953909876741765005483268219312751596275910614425222262278e-714 
5.884124985485106416591276519678013622548808076382994759780387797435552058221292004982853994e-318 
2.140167544254329719138681781769585916800189416593137906748103588540485626788285153609157324e-714 
-1.241747149122935525822227900195797346315565562199260781862338291139808227284473073672616307e-322 
2.074849385455460550680658634110235201059440899256007583573889549827918202020241813282110174e-714 
2.571261162318746243634461880408107352832814003472653936130934102254452698511364526976251676e-327 
 0.e-732 
-5.225383502185754972004314301487617843349547920343668224806331542125399948588759394400232663e-332 
-1.342450221558374509529082453806719423009592579061209654830192688038999049370866596336806319e-714 
1.042423086067971432062691481868168722106851940557622463289399869202009884211061794881139464e-336 
-5.112897700321961162879342287477817840816328477464715226013834412224439045068559888789037708e-715 
-2.041815146589682361053291868152993846484309835115848516188610010737047328598462382583872045e-341 
-4.422267312575195936020449968593977920479160203647509420230652514493667502906852810564384705e-714 
3.927587724752838954908797562185752015390266803671507868638877512520237178100006675020328268e-346 
1.063439780685940012211504113815263894545320962235161757986391012307215766890991613841724733e-714 
-7.420973552324970423611342378982005748610346431041763166248588299667770306349047618892572393e-351 
-1.138683388712654286371372755728540116279399090267499311266620818080383486857734807987383889e-714 
1.377551446487784539795033115803165668473841382667288649004046225829680912716925695679328804e-355 
1.811496281177930319548792107749342731735661844413824927577299812509233754582703289013446475e-714 
-2.512761220839365162619692323163773559021819191711761653236153697447032845243823861007929415e-360 
 0.e-732 
4.504781056842850452446786764122233432968608500294095972211804610738708528796484597235859103e-365 
 0.e-732 
-7.938821526824294986286459307213341910384786883406817052570974314708608228105998922692176002e-370 
-1.806470728184049717223903322286295147254399808310665015172429822865294144047061297831528597e-714 
1.375553006292145816809915636294105764465084915352061093061596721047492553767752239924477042e-374 
-2.068435957017701963709983921922423449116438756274439619912336265980872538682030251882368441e-714 
-2.343769643964287910543109107452182869801255603568909621348464479422636432378037808694110366e-379 
3.264890971563650208141694712572988845941513514794205625491064228578012342255552266289674124e-714 
3.927756383228608356121188170238032821674566484174230854776028275208452196581368644158770627e-384 
-3.879543627442966800060633098894991919164004957601992482959980538239514020516587823787342316e-715 
-6.475008093549129312816837469632043747398134586530799044946391491694356655599584135904011654e-389 
-1.468778201871812820683995053498558434628004041068826412944990333988536870089250103828474674e-714 
1.050206820425464688353747510218179084551878529959489983039081929655707424835152869363166444e-393 
2.526822510317659341280761410617130417382872834649282738837174432083387728088776401109861678e-714 
-1.676174386293633965848800874815868158616594748303989930379884852670525237367476985745909561e-398 
-2.606103924906253617772911230040929314757366663056703460432712907845427499773149513875995458e-714 
2.632952757764410978321732977981928756336119855064642260706850734829218888581566483854942416e-403 
2.039916298498557057235224872684565104451716709107982472264400266820338466923373357385923782e-714 
-4.071127353364257088081435234157992893838703992174671446096148555384660435058576746256937452e-408 
 0.e-732 
6.197277711397078233343989020458478283294700026880062508674785809457380399050634414391419024e-413 
-2.657765313888018086417023359539766849946187241316039442192835184330166506970134273534416916e-714 
-9.288967673097903491973059491303536974533428243052669900023272678460967881625059331362758295e-418 
-8.345956453570601151752089339910282213350114086990061463572059453183330931715485864711673763e-715 
1.371129464173025890661093906070296462320738122794864374158043840090769881664082409629683724e-422 
 0.e-732 
-1.993411901672930712260779833964784816024172820924940565728010725237701939415014942084610515e-427 
3.122142811097795894278615967780553276322333621551959371885584326582194581456050002323736080e-714 
2.854861527030263064016638397529108068641861012058065931025763815739791875014590536103196949e-432 
 0.e-732 
-4.028126873819823371303611620409314270737902950878485975675653821452747499668390347735398553e-437 
2.659107598175865384481926700523532266887458570369909181189735843940772111378653196507440896e-714 
5.600294452374842729803554246700427415928349479085622158121974408697177796621962554030935807e-442 
 0.e-732 
-7.673025469127034608747401872444638120290314115841288695157570214996691197146569213128097462e-447 
4.423307154739555138613605932163292673332544736025991429358684009906507899403009836824921293e-715 
1.036162398020753481539489157547579837475990499221353594218000582201773351390840848727616743e-451 
4.463767525704231335349410834026972484546806987803658154516618064423436243942781150235605722e-715 
-1.379274583737051346548081341640428615421127818102353900947151155390331975259632390938126392e-456 
-3.111322876213485304284518897204260971447641721248417207845232642861028441214108029896210195e-714 
1.810050310232287165826974515226623437562866784397724212265642581705953635457989139371844749e-461 
1.640415951014853691969755382244525957581269565893401370333128759416074543652037799599639128e-714 
-2.342080757841134167854336759586589668759410738984451381023506556318105759924567817203438355e-466 
 0.e-732 
2.988393128515792564370630412224908553521345965621268660081327864900748527482460637983226566e-471 
 0.e-732 
-3.760543650962561492659392640575779225974698994708530823590373509819152148439769264616518728e-476 
9.348311243603182922992251369526303531669189712898456652915084199947764573066062255380264109e-715 
4.667583185347562297335536233099966162188268451255017630722658044077108976713996468543760916e-481 
2.055044320198621740087546589747552347963511292224440149287353665909846562768823255301799671e-714 
-5.714952471099233490734141540440479087901539478699370398282141575497968293375801535278608038e-486 
4.564022408218241598613999348824943183514614752293562655506439891506699542701144663134620303e-714 
6.903384021742728921047782162330933996522158925637404056468706613628712045176972711932899647e-491 
-1.641754772912381211184524351611642751249910407775281317678308975470213567649466123948652436e-714 
-8.227903380197491026396712961011716353607467806953898449659341341529540167335450901971504466e-496 
 0.e-732 
9.677031104871054436401807144315716767074197526555218758956321114508508799205309464090767322e-501 
4.325159104825236233014889215683023466672296579478460380089331710723376208688059660961911301e-714 
-1.123228608839920047084627934116875272824825940814001196153478650169059723048010466518971591e-505 
 0.e-732 
1.286807910019823350719972511521491651036883882927425288475354488495257058989128122444567099e-510 
2.664870232853438826610419368722883475107692357868753646666613464666749011458687868653297239e-714 
-1.455206249051398914143538838282489006279242946102404217075415352979805661377104639268719080e-515 
1.965706434747615444022634228782594796294929353796703343685075866899855982213489720467215787e-714 
1.624596893446151217625737592228664885088621390401295846374295142517013943713973957438031305e-520 
 0.e-732 
-1.790693153047001669392628297116899058318973198142294087871019910236097643233294778978339086e-525 
2.812316343850108482616384494824668651627837001580236401019522708419828679430998696797799081e-714 
1.948923336543409686318107139847977408022433226632843007870961769639757670956255117275811472e-530 
2.418357099819250190311500291469212913214475684285429013512598126358836640747004707625074635e-714 
-2.094639153876919427017598667599348155712116342913721865521517611982651219832113067504633777e-535 
-3.201193547532165401964550513919617513679244721412523700961740665320134581693825463421618867e-714 
2.223344359233666377127078489564544173803254315710096205822542760540390351051472940316519869e-540 
-1.845520198651591416590100116581950207387087245261226370776138459381719972357481506959585852e-714 
-2.330927792161499396174198900765251887048870295797151029560368027076380196383508808451651613e-545 
-2.505869361397191153132679904052689475858614296729729478554950564473436219127560781803058053e-718 
2.413883759855011251990182650154735260901472302626823189386566964486975667838746529526000362e-550 
 0.e-732 
-2.469503109390651446975514032353756316700087378925933367585370727791172524382700396552500429e-555 
-1.068286235811955534147545151888628799124098549332236528921470410984502302328909544247972130e-714 
2.496020372273462916881391615554280569788179447957666494178967701268429278434740683983253576e-560 
 0.e-732 
-2.492705837076650993494850177322813774436028014544401635451754187490737914386105103121419484e-565 
-3.477687807142521871074286275643554799184034460451915527362061348954708922618744123659438832e-714 
2.459895957871353317289554619472968515859512648671925141914336716283289453595772092339256782e-570 
-1.367186415987934337796469333464419985576158732862578202088437192100787374444900594321509693e-714 
-2.398960648757329356760880704250285258587691570617193144103959239806195327296317456024054245e-575 
-2.819414096283626298415377451229182451279001758560212246905009362513242852247469061226454586e-714 
2.312211198065461126352278283712674033052705183737963285632768220248379655890935326434799522e-580 
5.275993591061943716639362125744903064662883831060834745451522677391291888257087489383141283e-714 
-2.202757218928021609933899115195967063304505200937583626385283714585066628147122704673177828e-585 
 0.e-732 
2.074324772323381900684579142204975005158765861709879417436425604295736509076636870249495603e-590 
5.079501364646300554945376973026615639674673503575161107543867651383723797037584690964976028e-714 
-1.931050222467421683023989933090906381970795588220326442130685079572520450328497340162496548e-595 
4.072246825007030823365311003492979487331351817416773811348492040796477711434654652922785244e-714 
1.777265345942561307241277216426471902480594164912737232238494717528159147159008689228302459e-600 
3.924047616136821343732034166674857407018935821441282268331283919776919259580262259412757625e-714 
-1.617288723285689200227379292673530925316983812793669652216931842684192596475677031266612401e-605 
4.989197964505085968177710085033895152238979470561142941226149738005405123502430509039186303e-714 
1.455236663049085379509300092778424729956611128239328806923691543719922251003082825967050128e-610 