4.944002292500234829383921288320802606476331140680948300401958618180610669895643505773466337e-1 
-1.775298177896710111084953474863402374803936811842571436735241511852126570895283068971941414e-3 
-6.906890294154982955275382207992826990234616212208897608624136884022051024115063028159804257e-3 
1.009090976696341663143445959619457973847621940704240239795960390929032748924679060809406917e-5 
2.939170495514521180064644427862727345506679095696375538956930448505556681159645829363313021e-5 
-2.606953632639851748851284940078970530724947998611534495008632680378581349683093294729456545e-8 
-6.779736308885696269377339696918953738462001246458262408187978343995365825584816354959565452e-8 
4.216220380490511201628777193069403442068211637074435051733542676923535753230613206873496519e-11 
1.031897468270487244715536325123200261896345792222462096337789692281461548010287444940284901e-10 
-4.858766245712766528054627326641578812846535489004662936558136981249579324140301653700253591e-14 
-1.144956109882818337818115069062011296129106028943832184781854967364527717444969609174370562e-13 
4.284220304635075516961735567552263246694183259938384623622110705281666862080022885198489501e-17 
9.837545501286830651044504013124610558612715435339161864573244834694374564587772093582306807e-17 
-3.024839180941038054217097317087030005606226686505454611618313494483147199194617115387572015e-20 
-6.816151409363290866435580340158253017459899200191465608460617918543360410385733061436516318e-20 
1.765164803414504874536095298842127825346418329984112238584361884515578099100603552693454635e-23 
3.921096351190840692390006192736760631941404349515043837440064014534616278624294832547476297e-23 
-8.715780401014231363474806964601095521160783594373047977402635633801969916526012204467916698e-27 
-1.914457127568920124708002629447715638675126478047164169603648431537612242946936655198110151e-26 
3.707880470580563489080601749617814619292706222718277222144035921777394506441877450893518858e-30 
8.070996971538073367581833258896477210218702665655610132668048683001218606866791081787967641e-30 
-1.378812036527502495664696313025144356960317821152988963530753749285656146381230414562405733e-33 
-2.978951318060048573097868556026305100701751763106068196469761278531569196176770724432626463e-33 
4.534787327023387868494641961469382257603729922399108407831990172537989171682108712850544360e-37 
9.736389090095522811206882379440778189379743822703114419621041477455970826163094456054883693e-37 
-1.332107901064254442342161576027160096710238906042030654940106094942861935505570842103510676e-40 
-2.844923145525133702674752069031399356018648956261439563230014970661974713438957681052739430e-40 
3.524171124563775508383473811680162006514207538001805143645529233787661894186377104110829151e-44 
7.492046501841591143562821346198549775885925346894486530168659086751185935719712503581034566e-44 
-8.456731312392965918166804325430563943694360912876091848254734706785994779816262730874476489e-48 
-1.790678107247188588313700878917083146209612797166652690632991536758192185905993024627117015e-47 
1.852083547213181988127418557078806050410356592010088041313854724237435760572381906484355275e-51 
3.908036951303799893792834678259975026005079053242999898834267571821111603252584645344014071e-51 
-3.722068464949932556408186011624932561810735008177975458162914084748541355027579276474359905e-55 
-7.829616851318323381775284422650043991198886490544112631441266788645584566860886114010496034e-55 
6.896908702018840412107445808993435363664282869556907183098218471289572711681412842337707646e-59 
1.446821784020863833209554970509921356853075084877584889485130664576438413152852414896768363e-58 
-1.183380303922747244140262646915746701367275699342712872011465251342669066887614939261776574e-62 
-2.476355263664224879866536305877567465933527862470436640090421864450180560618366048966666543e-62 
1.887365260432849225177219252589995979728223657399869857793660638090110332331217897783084410e-66 
3.940742205493911999145599500424319432471442522777940159417630986962535549291945349896679030e-66 
-2.807686240604330985153591569952671668367881421765239309648008432603183136225129136912352535e-70 
-5.850522887303804342053154590523913770911531249186330673090908020713264757422966767842719426e-70 
3.908064861835782808775682928771863818397528522352719437774723412732532080052709468716911069e-74 
8.128498563568307395006876483128149511666080770373034165572454028883179554923753264885272364e-74 
-5.104278374235920372159846172362821700561283877201324497133355117474543963091933546744215482e-78 
-1.059872743921492104404473771691711029873624628395126202110507948033274520742556961364490311e-77 
6.271913112379578849655935026603278870533752451570265199345139529156576467169466407258603144e-82 
1.300319647058049432586743559662031965235200621211956638440469072526668533083144790993452405e-81 
-7.267756753164028806076997311804833641965201252319510818550049496964648292468956112179533000e-86 
-1.504644899808591638250520283568288694702205247969285015232733720115727712638785274378664905e-85 
7.959683417325863953289829785219541507029901602664374466844046618181988262446005739525027308e-90 
1.645734520216653166747850776206900092538898608821510403913011045932992361287341922264667526e-89 
-8.256096017289662962052133635189585252139504142910301757365688177530868036890504281488688834e-94 
-1.704946439650204760143106389035806191074855141645308022367616872424718054361491396266375343e-93 
8.125715970973429351613610033228345269179593798599955490052647579173209299878016108676367951e-98 
1.676127008475518395938885166043970905219238418355019057941814003187651497525439930292228473e-97 
-7.601926585535169085685524017167290776641557747183921921635035043490247326544224974358618925e-102 
-1.566432513730415977857139048951473557455153794262381717949971154879567719218010933784272693e-101 
6.771370528534113125696722724173693921243935775872826236997270937448125386844827626688821981e-106 
1.393918785590500109621313265717422044165435571090284365908260454407235544942582176565522054e-105 
-5.751614198568185690136377491868059343648550779173175332309851882968950814022409738116645956e-110 
-1.182907460371714635998028520401734230574404073798990276958265503721900575423183191226725270e-109 
4.665418650164718023203697316533465659966257463569163677757463050095943339846807719642611153e-114 
9.586862650728621679281607592408341525892086570241959465764438154644080230309942685434463550e-114 
-3.618833280382592142619976901199709081201023102067714422972343620338229384138413693115440118e-118 
-7.430222589088054406114185009282609224967130934950112649731284757617023615479086441138493982e-118 
2.687684699168656223373563603337396777041162074356105145387125011650872895836341634962570362e-122 
5.514161349012820936093490497410197548506734680445272796835783488755534487056294645711406726e-122 
-1.913563596118208886263738991873915804442598227579181956340938582009435344179129943983606473e-126 
-3.923112370853146393814399349299888150899529905547335052973144402302869543966246315788643660e-126 
1.307544195787263322015398360865502573979986408536549461982628968974746325171692913692781850e-130 
2.678848570132703427640942790687338005086284416152144188199747848422112674822797654960075115e-130 
-8.583930417070202688463805316790101708969209837770429681975921022041959117423825493656106277e-135 
-1.757509871954096813053068722210219585995752520769386117558256212622071593701052365269135615e-134 
5.419700335024557938052641580570787940621706466849767363469711625543585867117242267864014373e-139 
1.108973767322795093161925065713268547728811835443619896650286183551685323638135900358458417e-138 
-3.294154578687426874525294147310214427784474126567187676604628432162870441446556000929976752e-143 
-6.736555463868384689864843514171993441507927422123635248180131802199466103504964303772035595e-143 
1.929264335549763496241557551346671284759694807391901687642280979222521693366116409248547303e-147 
3.943175126138978521055081140216608701531934981882939245254965757361677139039520810463236773e-147 
-1.089679168718576737450918108995547643278691401632885916462858295585482880778284299480043260e-151 
-2.225999096825849636782309338734743315625916308198344843207915171495832111498124525347991868e-151 
5.940552468553751269442802320745546877767066678919133409584837818521990484320464923793819435e-156 
1.212930583248371613248878060863255597610259217182079182200151697333702582280879241146414879e-155 
-3.128395940556168944040307317590709989355019220694977177354434825061503655389768733542576082e-160 
-6.384451969115052643371385888172979097557506233371122079712055533656008054002830220942770798e-160 
1.592623544362951901716384952890776608825990040286728226011333366191533888892181916202857123e-164 
3.248756699682497963733352971356540148875013168711290264274081727676966010932329974113412926e-164 
-7.843617664254931668342033751878825894844609637813902014982355251625739403657202515120802290e-169 
-1.599305187561879914753873428183327981638264844628571865333258682800016923490870982101427037e-168 
3.739670306177805388159541127855228394113469696874063423660140362514871666131198907665944582e-173 
7.621970831119119043023852944096325830248424747688900495018784389989851279696313961546056336e-173 
-1.727240743488637591028778583967055870000953998734294513829998576169999576154207410739278760e-177 
-3.518953453009895118426022237412390173909872021817568232493844574636805231558485653797378880e-177 
7.733074934572286742957863587793108400959617856269243230228753029177969727534367285862958297e-182 
1.574877287421861714316379909370272544780152556310832767244518987416860195204290141521515207e-181 
-3.358128379963331248274176991854934309021704077647318349525663408851867027789582627775338478e-186 
-6.836477424306574162117635540953572573833683693420412564157906609485417221447089830117131958e-186 
1.415283799644381143532087365274092686565466814945698269644688042058763442266511468700731132e-190 
2.880219231019795227996080959645392510293373700069537346976460732301965185782268205054028185e-190 
-5.792105675460054277731172695048105838272111096617205505516495054001880416929831112857511463e-195 
-1.178342039262236056011661848293539929964118795659537089413714850048939656568740637632352756e-194 
2.303097538503037331198597669965509695361784415006195291117166380742549956454822444514748266e-199 
4.683879708921052889224170043663623341121856742625498276824470607667799656795008542329852386e-199 
-8.902223879919762268253876263660080182394993569025867570977069982400847272763902147235284614e-204 
-1.809904775818801268559604227813581821123828332265113552165589406131105160019602748443268272e-203 
3.346679493039782580769727857235517367908065549195155103773602094013717758727809912701033242e-208 
6.802055344585722074181413020787188318575143943662834426503644291753538116454125967752702822e-208 
-1.224250829948598968937984928226810906886606874763544197375006544863380669409653048041109140e-212 
-2.487539646979581678932188864945013990395138588030824978816862690869317596110985921595487510e-212 
4.359846220480613015954544994632378240951916000395318030666201565542037073072976385482405791e-217 
8.856228830082672389539969069254471857756186958436975290781804146830752630887574699694275766e-217 
-1.512213711194551675013986862930313742845792258388162366853375595664173220357570430016808285e-221 
-3.070952770782231538546204505995464118344547005655764800074998106913001974896674706004507374e-221 
5.110771671667067370828481501460903005920590261330822134386790907269845859662490078858347046e-226 
1.037606747331936866157639022291720891981311452445923744205769303156277953675430093756504251e-225 
-1.683739177196156489397627341846498067489163964100369168277001030540729167768658883854321235e-230 
-3.417521841341521837333742646802313237412668445835666217837259193019382397259586352124604846e-230 
5.409484474431969356177167079894357936168421591488413785129302682368766942222856454832739253e-235 
1.097706343842621841986371411321562636791459785345003975333328288840471924423455778360606553e-234 
-1.695514934864082860589728438258954048335936632329435558789350018855532557884802606239952742e-239 
-3.439768310083377701666095285672858176313848364796632440789529697102348396175350487362902766e-239 
5.186549605296957045990270022349388589542354675128082197999456003596684316915127427449883362e-244 
1.051978052774215581011742579573672665156888262771505692003891886943753226248686896486721272e-243 
-1.548987532234894210810375168470705353705773366024693955468975225540363075288018879312254334e-248 
-3.141085637456548234206640229414185829917687571486897361414921964391032488460753267297808443e-248 
4.518206889211591977598492291960698647010643186801737388927363292943743253511210202729356689e-253 
9.160194032418608295291326129433411573708436603719753055251003298862553711118001770298254741e-253 
-1.287611104002973414883202126378910233265799261574949137311982046845747720271563840038897156e-257 
-2.609953882247497205172724690025746014864103619348540733291458839107520990222944870163869953e-257 
3.586334607102683465599211141573467536221963489077689422681054343479970880769063599339347137e-262 
7.267938010181583034289671531215840539948515846810323582943046467893769707119780354344864196e-262 
-9.765785095858137390905483004044402400220959688368959827852680872877859402063443955058394216e-267 
-1.978711431914234506894102909706134210284545872087051529187631079118228905990540401196559966e-266 
2.600712958070558455165817779122640055937112644949977323412360720059344828863940084639110529e-271 
5.268477196840196523491079785624052582428050397368797761023410904264285436160907473585812369e-271 
-6.775498805169585135983438853816024975336162846811031477542972413763719540968807391786487064e-276 
-1.372314722188526659621002569710117709458712048742693096497009430441083593904047053067433967e-275 
1.727367030510598680437416129391206767133036834789088515052687571387799745022462524115674334e-280 
3.497994508572064554860487148615921743607696797404930714560395163243587791597646539978334352e-280 
-4.310719522639057174557611633447886814471083733236023736733433905893960643520859431575494102e-285 
-8.727874580204307941328920220887745558207187823016112924788916973939100352717822664986854156e-285 
1.053320424871757057223573247906077120720765350936297365029701639265711409490679985092044192e-289 
2.132286533737395690475702051169466007643999131834803640893925215164479092574174749213285454e-289 
-2.520793812311780325230851113031439005491383521377035550308618287197353632074070681271730472e-294 
-5.102120599807954061357786389057025099027122365730348567017016186184962750668058804213535896e-294 
5.910136399125767824000522853737784439694697253834095576995693048095464050274703689950359852e-299 
1.196027499186540123161458786809132256811205816972784992387223321009083965703811732881522424e-298 
-1.357860817416380050914289251770061986199764201563983756254515122664529904477924298526950076e-303 
-2.747457823008161263503985866166165766363534531421455102364471584306045194767961203878979360e-303 
3.057889880141568335588218622176852197137311357868829187914399682527588023359524152300762337e-308 
6.186307657765760788312966795312637038252491045259413944295330164094219986805809844142216747e-308 
-6.751584118772831076145909201845889975753381293216446830661126878670450596302613767258889876e-313 
-1.365686324530772239935257100293681864203905231223610762556074696411404998302831385302136453e-312 
1.461882525297928583356738813616325578878627289791651407317227068900258023793005489466006716e-317 
2.956616533712277954876907902211026435847005355895941894878783798442449311040656162978963815e-317 
-3.104883328430882153854984221773260196589348119491876844274734384480473714479977958343261759e-322 
-6.278655325511482309619201653762136030396162415726365217409046734079169715533025401076808395e-322 
6.470005571543020244989844468063572716538887119298781712195218890431017603705845830562181711e-327 
1.308176566773690387790713641364537438772976710683490296774116933350121951223532640362893205e-326 
-1.323087865412840208234427825590815068125316245523711176557121729713738319940276461353407496e-331 
-2.674805560526939283823257505537699795497752442780606134146789706447690534895791696087028667e-331 
2.655786365029137509531334638632520313290312444491604686103329278559988392954444428687245851e-336 
5.368338610825891720975411394908639162321815829969540479970263190088490417965730253079890293e-336 
-5.233732225604931978510057231438853852610731463334020607167094368508338550948514588422402096e-341 
-1.057798286930904793852114473070949890362957289119325974931045967652571822345413127603623694e-340 
1.012826560805907145263715049410281784241792232991330132268046878548910175936237085828037939e-345 
2.046785596395452564095875179597803815661329899934886692151768388187409296900892224188632152e-345 
-1.925099086020688320223252181927465189103559537009952660427397742785224071345342222326738168e-350 
-3.889891926915275651273703857189921056454231558507751169991683816106119359702528819426815191e-350 
3.594617498995108188423074431854668663372060251486700541596102128900930548717759319715414529e-355 
7.262489758807122625293891012666458816248030908131348841685864008162151804971418968305302524e-355 
-6.595064898236781025236959691211202032117734533763884399084591877098673066663096978454897179e-360 
-1.332298396358636592556754204131863144634582062197663602087497388269314507670073520247252079e-359 
1.189147041529899036598269583072119423770036240274882560052634098147952354468360463625733309e-364 
2.401976287151475804624022903631323923041497135105704375927550691879155217591348107725589828e-364 
-2.107577779486284934882148644084720508850782467069939967256480881236075268962565952219638179e-369 
-4.256656394202658906279373942191428557144945076330243899115259997465505782832166334202880598e-369 
3.672340321183755183730164354430412490608229728924680425294122303341809428909789151168973385e-374 
7.416189159178488445228549479940239665543952263798241984110879207855841674414684001644833403e-374 
-6.292039874580392034405330234859211004833401602610967784749870117748928923191329917832949381e-379 
-1.270525158260052275697030686968893461870730086032183602186930408965709438894459148988593157e-378 
1.060243359928341675624938587078663317154192096319271390339641096840247329175408621883956602e-383 
2.140682642711759848956612026590145834800732766623934565762318520791617535851817031657050141e-383 
-1.757356663152262313990002702131240404354269291771382418647754141009413437434716345879538605e-388 
-3.547827765949687928193570555279581899100010514143710731418673270183100638405125674414734005e-388 
2.865679836824923147273497293385523239675389793154126811258475788421301714896608338845012458e-393 
5.784783482565906623431586079699233999498274031257816788822871872088848268445688590922860317e-393 
-4.598121757043618218958956548682310781215667168890591864527172433000236535954404366991256602e-398 
-9.281061233290383405023204340544005088675303066104525027920051634061518749438674310555911763e-398 
7.260867076743757715813022714959848840590481174255411841650538126428420078100706280578710016e-403 
1.465427257037505158244461038241380927133461526144396254590673561066603846669702329420296624e-402 
-1.128549166158779306960613079498098631334013170691948618618727450471023153308292475823574797e-407 
-2.277486029454543023755745846668516928279338806967664478340397828033278657849489671291689791e-407 
1.726807175239244662352127032138456527398159398545286705411079602637824388861247975268026538e-412 
3.484491143579734886464501854438611362159953969229422566199712778427169470933176779684203815e-412 
-2.601504714439626504775274663705603110382553592715329183189197952621301655317015564123901001e-417 
-5.249056173413509535747923749636340357888668383789077222148312301615435920924487890969941630e-417 
3.859469009035359126999262809654896103614362040961818885942816576106170158737017703276433085e-422 
7.786566906363596229839979185173513179753007689278230398018805770736787010631595809666647233e-422 
-5.639182711372295078433826289125474903385267981355126712157627190378759886677106056958232123e-427 
-1.137620053636504038628085143370690986164482355741848614134433060410375224290292528578722243e-426 
8.116199644321396850067941079199030160809397888220995531938004957516887896410689745678962839e-432 
1.637182660510707513553724888635249300326585354832875717914400914987331495066704397212574150e-431 
-1.150795934232058698487486539383984425249133386837397809963824450308401447876201159147957061e-436 
-2.321169126051716502019152737422783974213751929601021896945599763517380230978312604016042178e-436 
1.607729211570723938022506310066988996543245462247994119147187854182911215363220693427946109e-441 
3.242545731279539469817510244670927835062371777682838736947958032322405864117182240171591641e-441 
-2.213376521380190235492010999892810841602616814105516781045713822828812044985197186237647149e-446 
-4.463688874913506850890146432963522406242414424434883011120186182611835958785880483115317806e-446 
3.003193019284855783127154037099426969997561607856430666223470433870753895677724292031518024e-451 
6.056028687771932494395985050504648450850682950459542199562824234003770358054029824197358222e-451 
-4.016552290916041096394632085298125176621684509649667570299914025961777648546556204241203037e-456 
-8.098876873393656565723208936771746757668496743792929266187254052645188431680166095012751114e-456 
5.295677035635246609194092695638375566130328323822019652864595876585430489588790730820491749e-461 
1.067726865518013818548426166658322343645476547380712963705896155389006081203614171470110550e-460 
-6.884019579363159207426377848064658298756518337153047444785726726530744037240116875913803462e-466 
-1.387869660809592688120625089323446147290135523396743956136403830057034706348396814258486013e-465 
8.824069558599419707841918793725033895082508129664684450328278313943623123795111200005556739e-471 
1.778869119338851941461717771933681085488187233371535468084267244063752228180843543074238045e-470 
-1.115461801475342398578384884722211374056827274371371984776030699552371127097186135255339428e-475 
-2.248530741834793347726716053538762028038594319331925577949563499166676597859082732473703352e-475 
1.390756976790477722624803721587360280287029384837268316433283469011153759947393524418943632e-480 
2.803270321540028797637902072356441999048456558920662673251409846230932737549585247190527789e-480 
-1.710446403127152580506190039636314763721583246835236097062905841729865869949416007957964326e-485 
-3.447413224338510398945498775708152793163349838541458998171098253407065232481158891243709675e-485 
2.075292945716880760033683116079419489001513381344850426913202354913128846992327406668364355e-490 
4.182480709544632227837130082129918748313126459043025035661624228808519322251340075193274466e-490 
-2.484335544591391975321252025828433607265443486486218092303840115931477855607125794295831720e-495 
-5.006520077612472541322475014619843351110124674287829223322650010303541080768917454132701862e-495 
2.934609749967419265615828416362894180575235587091428092909967178826205040828922991197036569e-500 
5.913542646438916234360543249969967897596307272317834760471207810318176477044954066838688796e-500 
-3.420954248052886549825084752045304258903246033743749518027714037187157163351366731779774031e-505 
-6.893135155009078567112427254051731265618715806758545990004154771408268891674130081680548071e-505 
3.935933395400494756817640943235447796022192728087176152033303785269197221460826970432685323e-510 
7.930304990435333442541625339582230901318101274126581184313579519479585094126338428468904229e-510 
-4.469899603249951768831180841744534394037787528905218800539295920168603603502719683150789618e-515 
-9.005607165924255377232007445984768327541828040513515009017327006077971226059568197363379014e-515 
5.011209836799401710127346494011664523558211706956946460872463763533629058634656086160678099e-520 
1.009558166806479742843977582497291155623892197152223661542143454375151201371671834328477304e-519 
-5.546598199743087008680646395057090315278992431639757438420859366696375124560042837943786149e-525 
-1.117350501875369340986245447175004102751707737934457525642424397129643104406529493770450344e-524 
6.061692676536140492641391803420847072947810472923191484375517601856447257830944185659036886e-530 
1.221043190800508198062611246535877044818002001489985797484116981948285483144176152807406810e-529 
-6.541650041077445495313433587226550475930081670878327455187510994219934467913739856788547436e-535 
-1.317647444483000953659328609449999411728992073609125233457252421057806152886170231395683598e-534 
6.971870300381348627168412969124139172535302951169113620630459147496297984181003517108641991e-540 
1.404224114491052518362080110718994019246801391458833578759926272013074062240283861818092233e-539 
-7.338742359600940822840883456134045407607033973215965319138678759281781958051330509619647037e-545 
-1.478033831329359771615612789509343468872219980123312421231289084658569833256902999338760489e-544 
7.630367135855962664401615765014278265558086082814533802989401769244091768581954195014255146e-550 
1.536682553201686184598535129913324746487745634527127643780065254354145562846018534506939599e-549 
-7.837203923346936922285872737149581778251183805787138639955091218677458519854437992285056976e-555 
-1.578251615374388609237667170077184109118106105988207320189394609937792014540896576231928000e-554 
7.952590649721790531569858793066122650058636995459058253759746822170009865103178896444421816e-560 
1.601402348769573605260631549945805793656705945266457316383460267477856087793147856042946387e-559 
-7.973098363082819576685616982545739764797698881825386455429203208142308045283692525809610053e-565 
-1.605447293157684522832160200815681193874247019850508723234133193425823119349731638975337727e-564 
7.898693863352269594086353940832368880343106598904478925022175759473484445338355887839538104e-570 
1.590382766095879485921437831249884633084527737856138530330565212215372478961255265494445698e-569 
-7.732700393615439816830875786799379743833653309521220960886544987922175271863880705936022228e-575 
-1.556880771857637169387709616054022970412376950831797851976831316178113240103897316485197961e-574 
7.481563019217703577837366291162632851313359638673049050584231747852097871887836223645111696e-580 
1.506241599141721263341524439956066572037504690636839214845652987002178011898846944779872447e-579 
-7.154440982252506121862440344823414150289440368089118478434367732041612660635730256393310464e-585 
-1.440311607548408507970582663187238584084584944390101307575595986272713086961425749992034318e-584 
6.762662343405914930062635070015971238488956474200932460999425909063131696046846882595106681e-590 
1.361373322166269359045473389976189293432412506249348036221365946160459130180616081959805836e-589 
-6.319085399063284293026091428987450153884205978460538193233769716036740638340010360322885087e-595 
-1.272016799329945542187069011277557558335779858394091847539817505365720357213530001498119659e-594 
5.837415977755693178750344050419143169222534336602388243602212052920720341366632045100671514e-600 
1.175002151934760641185484038906070113313498190073931198787509881755285463736346984549067361e-599 
-5.331529622129626313544934454145998151573673209098845008483549488690366146894314404603391333e-605 
-1.073123099040986949302762399362032252439555025877493759043520943513771117700894503681440748e-604 
4.814843230826405169881529740959115054112294671701406092300204386410025463845884160833528421e-610 
9.690805088315697200917979049366369061504049379960105265329126200077985850846699736636702591e-610