-5.36874240599100034693369929877946545346804548145621255927795785882456792128731754328280066732384925575259090274380065428e-11
-1.50397175903657405256705900947508791235790623851867404591467182136882132902729044747601479323319414132251635609868396624e-9
-2.04215810228082374721094244282661578444021164247220068634683749670033637407707107743843781127272879418070607267789282493e-8
-1.80042526315169668602004435059787091590231996470433385358069076771320089994050143139231720194360229797460141265799034697e-7
-1.17316222229954748609460840643004465601329198144785967414530074192342635761561686509832424889723954182970187893475324919e-6
-6.17479861392565596331648054844971200535202941348641868578205450840281327025671907025913668962748624105019319158352517786e-6
-2.84117265740797425261586187895628264563585553825351849216898871313570063146914165492700962347231163559150723794849406763e-5
-0.000121980647932370232426991076395082642505021752148560238704276923464812455692080857347397155089155251037355059183480042243
-0.000501275381466343678299500620701875690532677202790454818183975511872720136469985441044481818983251797587935867167175135508
-0.00192759732620875833241428460171212471629208052183126423011100711302125222207049644997103707250219363988220080592738740079
-0.00662954465604117227185708133900501522228089172142072789802099815485965315498960923765355375237067086554478507148149303238
-0.0195046346948994966752669083609969378192262706723880784849777029005751706949676980436858607961799377394745444214286451469
-0.0468610633846047589597747855526484384601808310415905719698756268293795869399546654054047050250115211602648743659109200897
-0.0846792290854136103113955940206786598778805609637062603593167600738129977742384464406614551238951665407038342890527098455
-0.0848773249396001345613027386414158495887540744752093131335459024911745174512985200673398404538495162699096266919009140943
0.0982576065174040436043315806487653233010976878994479605954326839084847614631073918651596970117635938594781988791659184344
0.730526323391994664175450144373936628471114421430888851785265167476135055728221126344516642651724764783112170419463178876
2.07147308205260707150192852007299618625377950738642907963860097121054403280044009847379384904795509793791512294597352898
3.99340434048160918286757242927592673204454947991189734937318942062704391750198734266270281460497784465740996101906612066
5.46673393242676294364672108133995897989071881971116290290254389728508655280668150951607044666375548537757557132933234193
4.44961777478023809082096278017619314145239573411662278111326187261985383452722164141613480767387343069992129005816774078
-1.08231881791280956885719227032458454142867883997736844102453272600226336104645758535185085333517479910349822343351641114
-10.8807125003832996203693557102421454859030734016711606309691597442686987089616789907645656466218199572483018692953534393
-20.4156595826033740040109394190544990786613442065956125282704767101819452774024849167231946797847162521552741914048453215
-21.7645281911474455744362262641250285920541751412192118426281243917759605408758800354806249716021006076141718224322221924
-8.82151052075416655023581810866370929081611197165987574809290784427177132887837247491480646345477610639500260096219358200
15.7930808414380378210587341850096004381855389654486135802233445880906740523097285364924271763669749886213155325887644468
38.4626205332084936552635240139270985843889242964607248089230208213601518573641283535773819477818589490897821977532859190
41.7917167587147630190524605685934841559769780296677702397285945636728598798706448291717997578584964778017231039581475718
18.3243762017727108132385675829979978737233490782995946843424847175217471990077472932806039660723474762575902627277933352
-20.2558633872584510608573714057779753856413686198601402512437475113903915295025086160871595777628799674127257304672468392
-48.5976458426636627969636386501837739508989892499709142738854687493910062120362580326933329220806011554881631803237077629
-46.1758232191964989097480025463351404851320598379690898458413222608182980651972630870605451507153975753963452541665115989
-14.2017432697038472430734577701718350881363259228510768772872518886298006980134511947057491811086459604809690080501530106
24.3447679145326705031914965867179415742086522811414314392929063998577674725505209106137260944288511263604613346823045136
42.6636935684556945847967781175428028601362267909743816850908634844425383006784795790209051018543062241577166655669298406
30.8651353971718825697583717212831327764999919735794342714451887644667813311425160187916446270210461709501654658948393481
1.84176005547616589001996619206541151157131660390698196296327594625643198654049809483270859507931766231336690123734907832
-21.4868839624791767935709004614186499215251471912237045810474930771187844330770411720978820650109766507841633866549599557
-24.9100019906165449847502437656008227831273524524213079462552434400780757605953165261813021139230114081469620163396653596
-11.5284347883941703557814475340513964926736288608055532678163569945538406949955515560740522013637492555680531782613672435
4.73149506930329286743715206222589813248909473385398368233428181671808133871579489559461632028607624452392723833103247062
12.1722609438903251665331808590886839642588407524640440560063272812490149326540836915028119158614587835333668117082380182
9.04127804190549298500402728741384963523824235026422004393134833228356843127661169812827008497388013809786649402792740902
1.45720564282201240908740893617363450731893280578446757285739506456781893308545250447427028585530322584232923643997785763
-3.77375274810277939692944228206146869804585875911892651096557737438962623411861269968653513700413308611953247609206103513
-4.22976818749035093521265042648408535070547973948207742069025571527742494922511921714786606813743862622254535253330543659
-1.77717709141808799359303068005035172606648965416565003312794904095674893808006861783875445404477683548538857711300628082
0.593639481285745383861914925517240683797452061126877310434614193313645687258994197475770330347908414754441396186767181769
1.36648679647734255169072995070932836325756187621912129830900127917690196975738491711721979605976344498648232126133534307
0.853910995461319585174587781459010468102393938411786208213367354829084494225079982319196198104201268477629796044112086567
0.0755187896784739364147940425790943907846978333634520707208492885033772642073635223921034878221455899826820197079240482766
-0.311114678869967282496773103194279446978905741702000630833039412440210052266681345887810919988411249671581637664176047415
-0.272732238592098856426155550730205418449680730308737934929498003911802527853086090506392904862187925604498113344318879244
-0.0812229700995102690828150503661759792141021017367225066584684736588896034002420967847880228664971370783961728518354387759
0.0459521850847463831416999900396145837296634440443255524231114349290508706174785973849032070894223442513383339802146801121
0.0639785808590668847564866515651280245951292037478912955173102679975990706692268913269800986673386656874969215619139509067
0.0289200885344558129744841374182860684261126089014420506043090791575052157906353411788392838617647135129055330454017640540
-0.00222851481770905291016375045103286140067927789910399487960389393055123771867085842108609757600586422697327266767727640783
-0.0113205106337683143276748881489445482103285657859122490007782588561305374692550136717820264782606098862028282259128187111
-0.00687294963729449761416089793309493215564651739473768519010079095469519530079695266640549519114163223695175551542987498047
-0.000947073727539117128253115514626591089523099516905035697461166220620659912650426167569737590009539442208992388049133315657
0.00148891852599190514704333107497072451664510837338723938627418944519165472657579059681771726200906381241132795377186002503
0.00122397508511516515415090284641201156830453446853006266864709295949380072295580846055018789954095027574110117373702882286
0.000336172484133043279136437338106033661920073337735020546808474590622290636848607827049476705499535205510260154982345257816
-0.000132975695104396560734191888274915844656718444760999250373354897567237500706128536621618009564844125621117949713146487716
-0.000169663712190395190866516889026905818936718041047414431014687064183402541951919056853415620683495259359589106581678026010
-6.55346232093736504501042340656069121820979065207309780410569069751399564696428397243141190213574902577416350532587220051e-5
4.56645039307608414774780453475534022475258988270213860223500107517994926110724281483729844336944493628219090842299922211e-6
1.84778744083748717819859275857548476532416742531294093947866654139395066546444635204497402973162135354826248857689254582e-5
9.24757818332525416604852508225855967795011659242920533715894439222528298232801466020211062313525998626038203385429973755e-6
8.78063133361411617271531555586070255278672533502193634255673563187729600010105726530553586127175798940520775362798047820e-7
-1.56003553666086463560194775462907705252795469889136718775441092484357933305293724798648532518030685977273741146340245984e-6
-1.01398816587083450700436763883177995253215974379163275227200929065605082474705783165676158345906461998602835044362628436e-6
-2.06704637070014456431943534122498669339344380460288508947839766451015389279091893954725717610423611627444343635390962828e-7
9.66262946074899987875758440562065280981005524148546619938096004657436985215631136462761982184217418355144848285840886081e-8
8.86725441102694185641852747124620119595867636919344370717419141642269353752002520446092851885228352496439973821269918674e-8
2.58212184147253083240391268078846636829464426160896263514777708622722503016822882769155525568407381430181814264418461702e-8
-3.51884860530048042419291601042488956668302544723665025454296678582264372885590013071686970168128372384727010991790271580e-9
-6.22856005812896940138024612088482128982018901971124429726043833071834978827427310332171787948442854544126826180509578868e-9
-2.33642609477511364640896553901626387727473970949729641016613294117265610126704574345565434476559188958084732493643342436e-9
-5.48797981841687469868805672406021564049160464468374087232891769979423911396451486064731413400594447577104595956771078627e-11
3.48838502167604499578931823014962885309805555586617295662626405610916279504524270453010207090898296352889227510777767189e-10
1.65092626431967629217507770013465829983877533350094445452156203905134092003822156421363104710564896960715720813134587314e-10
2.04975102122611461859701215840512354180701631746862031798926711121544127290839911503042344567987339580346224960729778058e-11
-1.51316894678923121843031777368857843893782498049539509474910545280428767369454546747797579253735674852104145459558573547e-11
-9.36361191633834422505978131025589262753106982595347565468119109043853766362468386647041275746845454268893090471421559533e-12
-1.87149501032050248717877235408849450576000349689057732961789463500015263726961896660609921418806143273996868705911010615e-12
4.65746678072281257634122844062886951946319438102615238056155090444430002788339238261055775915491131150685152421965682896e-13
4.30199038934566817234480890066038551803449802391894744955057405425415279246371633564448791548946871039959016092785147050e-13
1.14628702600486450810209725671868855288748604432899798335751523697726405889276256957610677294984087340902461314983794579e-13
-6.62001691711059144036169378388622836910310340062785832478922676353468387086936436574073677773060535863750354967791657363e-15
-1.59695250886177405950721476534412319298216146492698909840643951987852141768930239163023479915660043907610459111448804086e-14
-5.35945965239037096569190455017270178001239311484667696532110880324442529557396237530943002636460458832509055572912513879e-15
-2.65678292494838344614204629595088060805215283109428588469229212218293363741707506733509639196838128395694526142298760751e-16
4.71378015360885989494909467748205707444025186972904916072381403192636715883777101148287895455521308959207570435963855755e-16
1.99343001907806170782587369489184369092055211840805002869262933433194115155561681702821775530932335114945359967217605057e-16
2.45393832348525059413563611883478465832424423889079705540205327810749359921092971374171265508409875200613354378393559092e-17
-1.06006183896211257780923302118146109174450312643106677048947527067605412564592968278618213312254164498997434737480320601e-17
-5.98696405988108840721320570177377499334047110314374349103245003952117671159166093023173881300863623240283480809457674292e-18
-1.08865010636972383701647578872643908635654444076992346543717028539086430352105255825397201306330404975506213685338044155e-18
1.59136028210280511921359311922698435869184825605009213471912240204045216223634600598899547732410934976587857755357888097e-19
1.45458899617151075430689649481012238779121818175879219338978125067065945363210728411496567599185969832830844464176393079e-19
3.43895596560280768550998941404069327719701150741061800820919533859189069406004084758076821971113169286133657103817178700e-20
-5.54583660040882587628450779390059667159333867820610573512624172302203211376395067421244348233029317540245176950364695306e-22
-2.83280125703371630523400706679787892357652380119405558799139424452185577382684495533763563033861852354102426293028622909e-21
-8.40550900295644751846740666515687204994954616659312769315550028027425399277859838401370741997968242295490119065046060735e-22
-5.24388844814309278786323969783754370248984520656991163385166648947064417189909255827976284047654395132385409770415063780e-23
4.30973780328923951374623983990003276883918245324248042693703706550322383450064879339071153327426598119006763953144917592e-23
1.63458347217006911018911946242336750854079681114178522724990982675123079430342032412658500432402693868315149234593981877e-23
1.94465519424932151454565845156913728339135686600984100583957591046024692545554144071322157784576010184137443063037601699e-24
-4.79118326852241071121971269304665351490850010666770750901524911144593264305885827646924684977297706608576886470978990334e-25
-2.54883259649010910015336461172485668545191446156408593552269576466623148467061906493924213600564364567638203687584808427e-25
-4.24285634717020258739672631499815597369573801957068543720573787315206143461667079984417795190479590876678267442436062739e-26
3.03239807127107862983248186008263548312161143780177725495719632049080064508651031230779347871846966232988442452454786667e-27
3.17262553176462737664638702873098368769677278984392700260015242257189303710270012695431761645524209668095188455016033250e-27
6.77141121236889467520956775212270282938645140108679931406826762144182532560776398320530363852174146056158629908831560899e-28
1.16981025093110379208885820094373578792762482424181645056411506718689335921351900142834854086330001549188389144304177621e-29
-3.09563734148673890566839223592905182464282565600338118379519024178959789621811761048261932418340300777721672243590126010e-29
-8.36245128550792378699957598938122002056994579325052791583301831301559240574271581951724403117822056411000157643637815137e-30
-6.22321070479549704321919722522871765251551278216335687931716833726947717388338533743973398289861155515832547034012696234e-31
2.26331298663796270177887737498603592139372164805313589069997902135400911506009412292051361375826195782471784653585165150e-31
8.13179497994563488987828935425377785505333259758294546180912673957340952651863535548069191825217690785408807031015767983e-32
9.60177953599390894083845635029708144506297296507640516366844544077500058906860777257885516909633542092163489838458808894e-33
-1.08376761519350852686724367708181704398901704206268734221469386173988611782073273744163255241323739556453502368771552563e-33
-6.22664891651604146049821032399845146383395348298478166628758296304424854019825432456808343520959896839244260698072324417e-34
-9.80693065072653537547950105254234056474763918252212297153305825668530707767974920568177424716790461401369998791168746494e-35
1.18233913434426629746253409972819711171170256381307687638200554659751881718416034698785392610986819359128287601276943207e-36
3.70083981055882172810886160597297668338331134434010971253371612544040690359513774372331535700261809779262746426382655763e-36
7.43415881895045739134807236263581933669414927856916287053450346720726939835902892027110102426068038104019231642650013891e-37
3.38374724825591180335341081968869230637929948216903377519162392434083087795224867813687994738280160048124997966427416267e-38
-1.64456874413691443406113269506709763961737306907422032005503766387076927483629407020260940897975623176753129383572528746e-38
-4.31941552771146831049899935235791822523380711354219465735532831626052884714196787700861663707898561362768700684105147990e-39
-3.71149355289515854856751682257889789343906127637611859947195355196798414763577240718046275320267993889389513907554209764e-40
4.92754788426077494712005747640300798505073272217622251758401973642242889478173176217666809188408433861940622765518064337e-41
1.93292253089617011158717611136853627810769749223960464864101831419037014848298127199389514887719199266842652903921402430e-41
2.31746050008041406617857070068118521936318570548460275199227036080401340960296300910859481745492818099168768676805360807e-42
-5.82100251556239381257336966113902835240223813571450220687479405977995289928632571630548259906548746918280076450533451362e-44
-6.57676475592660891343227614761903544590087422366695435078668263130956179396245026333863074294751622896361052183847691536e-44
-1.01942679372908843086693230110916899631450797048262067233477524649980588262530462848866428592214662181015117616302546411e-44
-3.04314746998266902088486904658191443642362074593615625971881174229598495544055179752687169590153446401987278561412735604e-46
1.63957446135658756373591435146820480422354408737263174144466479266165411559333873770277987136505856515404080245877909546e-46
3.32116931715930783210776589773720652868322435939921108728049182278650296074598972204651733141198996579834370621633613045e-47
2.18796554343396252243211439784388773761409311118755120960247418701296070223435830634844715633206493255853954810464622105e-48
-2.70572566107027052859915349471189724481071086600504307507620720287136993320070958474269502390281533052436312809768844372e-49
-8.08228800795801079137242364983538994832083409232408933634327781477003589547548318906089398023878591810075136737463088586e-50
-7.65479965623787203939135518745545374639498073511342421865171999415484507014583537393492581836442399855926378147112854949e-51
1.78447337354089988937510025962526886692099544480572279037160742643038461747571041886016822688029946513696385635254561699e-52
1.44829698012067935793665388386963182972871693454192880500750978566310822245575882336512470978795318095212360551482864520e-52
1.79052687260307536537447958618772278104124090254939567549805745142032757536047789233660085871093029127070016640750831812e-53
4.33406157463748679726946642583355325207895244919001593637268978919870539435400104452257470361476394649145780115105181468e-55
-1.82956841137972223064556074505937289615915592411047280106390104498805513829845861254139797704315696755003474007284690719e-55
-2.97961751847480993006575521495888274029083584551981967126569044290894422941906586239486690597277435331924389322745184271e-56
-1.61097042731998773939995028918702135751043640055325079838864267549346748468402292275884410113928675746601268903492636150e-57
1.43907623951871686116197155728656820563157124859239954971986408078749504684428783734479913627995632486327463435876365474e-58
3.55526664006960312741600276724219960856213136370519531173478321724693789452815615725570831111009911203902887326977617923e-59
2.75335006096242592582646258898083060045016836866766224734616525319434081357155079832026576795760567743583163586146234852e-60
-3.27236369043659431152732380584428127463089062345690083971767088178365836690474307644363144522392991143402902781037128819e-62
-2.97763474538731582258154901721299004246318770769172293996895024195668943597826878823719652912673257587311598360791791205e-62
-3.01097119867882954323216858395991236352468763167995773463604622283105793975160229985694324357848103306421937098228929798e-63
-7.28116643345912193319272170160706874756761504331709250978859683954738672542618749246316495794292587754270297518063730154e-65
1.64630628097447687155866620645331684602528171608058667071840530362012073365769278832915550546205350037634196562545347990e-65
2.23107160020993624400153009226143743078305522540532506407246843908913327622638572512958636909017266126558309167816679057e-66
1.03989373203117091131030646070201093833204489141979744489372944519262703450573769042234650922343513082433284854550328178e-67
-4.95066625366955646733908054386541608351239406141303693626923723084418286680466560185340125979414048523139844514538713926e-69
-1.11800988834495112239367236345644146080599399622255489585817245001862373763425224315446359241692657445009590572509286115e-69
-7.19209671864524768952120229874203444208154996835360893766496781707276604241136714958516001999997271894286271457607159086e-71
-1.05192135350980013286353296466425236967243905773499221889024697438534358707456398364779663203979562439174257966946149755e-73
3.64390890721077782369410755119559987640244906568312315864706769490670831478683106336401973047766034592171042068952511777e-73
3.04114483753300751045584403925909420580628479228598162255899227336225039367199801697588890241812784118628955837036494343e-74
7.63319269070579633904019141655188242655208738260107313398833963712462099399257790075985984217092164272709286385018939286e-76
-6.95425090014520341388890647014548767475141097040623174871564953397841607151173632946483243277484066071833255883970916565e-77
-8.10936621105546604209427340270683300820361699109694939283039420175057971052673784071971731606938140907517513957185346784e-78
-3.24044198236094895596665794105823071759111634899031579492101274654536789516645841443631119825460830933834031485136962321e-79
5.00119705349008090973931228134458622261518897527840736048002913886511208016991143287573492876138763312478850276042813917e-81
1.32694492877120259348051361558764181414693905791674647905006971107698869817144174571349501986669964000154895310369260355e-81
6.92447202979920195986453556422776739594025696950354586586247850511484125271455243787310149792733998023829941356247699537e-83
7.21279565802818618029288433256475230629702560435344285776866989985174610811262727171750476610954206317819178442281585171e-85
-1.22776363348292251666493338302519680405226416212243209336615859783471829528502318088879190325412205416092878580187068024e-85
-8.29464176197533996072465365730933592185162148276950067029052062060588815448805576248324539185661727435526370773118123165e-87
-1.93015596305874327537957999406798025539326671544191650335938526676233904012881666469551057739863808114901626445686562716e-88
5.07683564328566295331121972304720115004106403226328483809780754130320992976638723497805626039535970514253433625192965196e-90
5.45067298545141264264654931745085855125125417885714943462963002562924497467017865883951931528815936235835914795643523370e-91
1.70141555624452120395692689987635540880550001866812900122580859140558043561027345920053982667025200257379068051517339970e-92
2.50679087112200350466826217927523816576521457333708754780933463187620959111417358552515282586322885790182646883200949841e-95
-1.79442188862441086833645744135739498002973169621285116103616320500011876022761938370619038680360027708426233347016132014e-95
-6.83671148020008236028578508485010618014104239712637437066579071331512302415893779479412467092177020960036476047490083860e-97
-8.18112983929698527835449567183001117014986071423928512157151144516642906741634890787750477823431713053165060564831720328e-99
2.39352941267493279904529302713334007246632444744406322588036445449206886435141894641485358405355107569536268086668947877e-100
1.20600984114626494167319007286650681148299343334670841360445969482086994701499061883626153577666288252889648240095314821e-101
1.96790317569395961325505311642949613267314144534402169050914089214261137729066717447409582129794956583413560819651565713e-103
-4.47987747449108082978434121512210908629353594168585353540457336452169801270035615698173099355737808976003235662057246346e-106
-7.87872982357997079860119069797518402723406476442209466849722932350493264782364807568940652836369072427074741813093760556e-107
-1.39210046356301559473331256729074355858490829068316662156403511013650138391106268582124953870700864449094253059254506141e-108
-6.42214685605845855289095757813316244788018010261156301699370119065665170411987740205312183154062201185463008356706601039e-111
1.31163460519990669581148248930966174755731011343888708971542150704419134302944322431122826268224287425044154916028831145e-112
2.29853389870700819442607829245088657316661402160300825557192843617023005762246961133281721507866706332520938256200809974e-114
1.20224860425708105892888064180013064288509512785150779460385312731813675840608247933481287256454879110351383780631545543e-116
-1.75799351749152194105722537404817575063905513061527334754370422637075468234097835348733462822642778948873342011444053001e-119
-3.51951525952421154668046383282628031826628774574799438069625637710009648330468433186513926617566872830743471876509625811e-121
-7.03018452659588306602592983995729306348814933923547035083351705244491614117775953033651873127496471330308025485151144445e-124