-1.48285690811547561672750844432006025625025174509012562477860783156921046774012316976197280280898613771539006061532719150e-5
-0.00879338541832836833391876555332114406159147536734975479676394361042685240562086360641969205149849350199728235336343429391
0.118656792121985062582878332009881069173103512059660189745252337293199532780738679039563857917487230106844256905483935983
7.71153954539717444566441649655970302426108516933315868365323253182509493214325836147293055268353171524655633302335655862
-88.8429385701993731142348206275146573224248023548116450303017938199417895663552036344384343909754506756474898757228937058
-1860.63904878469804488848098613878283356378807431458540490996862360732262757407586629253936177985835777796945408158895325
21644.3650650807788565358569222450414980589440819564370172513612839778142666353264417377011475868648090139931527322018168
191420.617641837143290318121343671081523719250083544158794626941804441715495012568428390533673942442947051739281569550417
-2496575.22163951068480976255653263735337296530556784551377402861930941070587164689749277359242108548938791637514984238193
-9697938.14528408268209774459960062432577231163903935750511498491595370580087764674816392068168451280517481483049256997081
163355665.866340840416587043200720663322233521699965414931011249479788695253053881058898852667331877222827588944926104606
220958294.820490970220576458416213717806064969615287534897569110585501472245102050857788070304555161134437390908516080940
-6734361571.29598095682805550290522730690856975515282639490025128392020774282809492718689977304731627829449182211085103838
1075368768.63422496663353170561829374315430516926304155875567195625832737012265079656311777993535938621199982726615180948
186998461509.482549254270284122730119031503506700518287283031241945901244628268040549967002545781263623453937744418037596
-224605997112.643432132250873281184263374902610986582838762293391790625983745063252890665174926071333245897410230668080521
-3653869188930.18577546339494404350360599579400642542528180793544021871581361458177705839791408259199328629399126523412888
7450805945524.47466003953243042448113942996590622118201589487141277595103980962234477843728677117606042312021689172428732
51599377552379.8779897281740651563296601530578129200510374011381713644561926345078392945042655037752523035186114367067849
-147102980429851.569836052969332039521905516469439933553337363513967453819356795722821559292462661914560067222425288564410
-531763857753732.421049622453545919972984004472092550328979540038382667694828844944071796118469217232440266609053125477161
2036589228207507.30376954670894883423428555551930753109163674556499725895080248714853330837260213530831073743837042717961
3931334061043008.88720999665865553497834829811119451775423869024577448577449928449205520856471206904338780867395584266259
-21092322722988671.5494638051811314807188982468190738226495948638499951615600516842514037865305039405219005746979671530188
-19031852943252320.6284035740151899080609200683692635583638110388152848278646250528326983093241555169830096269061087499402
169225172551004135.978245908542562855578127462849407643676801799249126461096790237628369984462780062488896253337080405970
32429814787331439.0205036156322395933329038833490915230301877125866446476680533074482000607608683448645939126083042731559
-1074493925422491072.12857486760893431414234817582648172490002723935244288272307530073064698668828492941454599144246816536
382240434597086472.593298968487080518173914033252468521538283243948210722634650942646892308276308983847432094915276585830
5469431831713226630.43201564292370267193129954045209598275345741250415761362465868204609065883134391323342135196094919126
-4526606087550285078.64025693904107805800503341493777008330018068927811246424014627721431865819357866595984746461115980632
-22445681472587214308.6183305175888126448240508427237529930870096927613373750553859536847031754441262409640074627586057537
28988163693088686846.0570736148583146228021541166917716640496923741415761991290729969950140892662625885095992022152293708
74022373770360638955.1963840476539823570471480184137080837074913603230577418309277624827750644607007115446398132653487566
-135229219155822521517.591125661494411710355272657648378780662050172009584583218782985764147255980751176803491406138189833
-192457053737759398543.004152441031962207489895531075584180795150392410343045454794891043228930719840440886648097186059130
497403965712638244080.176804274283318893757875425200219441929721089278892458257887824891648128667728005575755488055905557
371391883720083696031.034275030350368672455684442645102265096478127923124104148447263875486079981950741750322759352797778
-1492602542932355082066.02539103079556627998227908092491106623050097916043082541819579028980831987832020435169979325540876
-415306676702869812883.261217573037630183180076415810002528584892718308992187796088668179888331958345136697385534012707561
3718931079243490399384.42238102467412284440681918700018835141377615940722549112954195949914375485505131378345986089095179
-315209885240350851883.533109075176949897645919561233636864059946328632421043338014700178015054185425945513228943245412839
-7763254585580032555042.95878410677709934107082834420442993206130073814997477166738263633785322169591062847247308667120029
3087222659534383022919.18815946879437427633853354198922173331315669766354686022642208063801548020147946521103919827515067
13613160042107765765659.6042826848782454937614164631711271116390145896169650796640711639117202517603129199726326295750962
-9538637011167349486517.43523359340761815029844858346848106839631099615667828245128280134062577777013168835373459276390529
-19961714084650545738159.0722718601396410451738050949005195766841944628251662384719600556485029400751000869315679523829886
20715535786504542500982.9280010948718482972094572872412057667689488362571761156591988646210667218349222579062819562580106
24079603672873195324942.9578107389265168880434054192359648847908075844621401056783236354613105613057308711014628952187958
-35743974653422506944019.8878076184767537356534857824121029441353253753597946843809380817470566428376202219679880060305092
-22859475387776946391721.5779035978177827413108714313611296901867139819666977358836007275653482934165100630580040611270836
51185248817788369472131.2930734302294588654856593086264585408414920893628506039906471057619024973403255033080398761675336
14757437907689298275072.1048133470668498455699983537627621363155342822813298365672179166766449685698873381539639203802203
-62055561725818736062415.9685797434746767364871250046738944922882489041969798924298305716145583651001653841925054492143438
-1294565826579005959896.88276980242009972715156446216601664746622987683592987152898698482373428269245647021228331809513675
64292417047948214232875.9162777232551844318452941430873940631726271478234923048614715420399512851626939588669484748974075
-13263905347383462867583.1079389051249397931780748467686856168897982576188673144914474686926449714460059104191279521517463
-57064727173153523567005.7213481545596781248278015196784311174303138540438325505187204939054907615667382763240113704363922
24092285116451114850365.6657024839008463121816132588448615373501967222678383849141191172354965233319245502654379481103392
43209763680053204913045.3487187055039173196638651106411459783214025090988960121414371668937324206493208856349061681279460
-28331344764915137849495.8893604732147496950196585606342596430484515376570459932677630054987106608199994894385133958109566
-27516420768388220798475.1242765362163113603178316289522388494434555563474229845070500128353909752125409902970822742033030
26199132155916814307472.5242796095243987959694701347571387292586958853855110003620690345170173583688320905472308488854724
14211135366273840208438.8756004371826544838219229163126717183066532273541647882489008300466869306338070656630021075777435
-20184582685525605584426.0816903874900952528425991974943793005327969641000318902075605906927313765426179741192048069963598
-5346558622163433156997.32079718950102802270468772555389063133718931966969940678084243770189444626151982855986607123530794
13272107735639257957509.7198632619726505336574229123212763645121898292130138426108044542675011805712089111191691912479243
771095406103774197455.120720662700731770500521059235941985785326248053323037757500893010426354698041092052324194311130172
-7528486092693005895552.06458037123135938408002955826141055024411052122749515917271742962504822715792371591501527142415350
863938894297647460036.259648119103084920173838515625721491999683183377743811584986312007507754970875902514257555532929621
3695234019791438948922.49502132665545097471489101712502634237392663438342712468061770334265292774027016913855203190390994
-1021719182373229281620.03661843465341928604670437808309084069588999472492419926967576241568270740508542938848032980812151
-1563584624843901828044.83232905043566472729736147795952662928896772645957407859786893033065240257477019311898000904172562
700709914021023687978.536702195254979677791730454532405979211555203708442902647765136886291929171410188899669235387954281
562905911543793880248.331205958095493730251933924164749890223113067594500327403699795063697916133468862052765077766976646
-371852103962040551887.497442056531767213741196437300445042308184016173158726104461261710532964252237903236053971497553218
-166898945031383769702.549608096359281157926811716893536437642101486946101419755212530031150770924416115133729185861302878
164190113748617889869.469704525413538963483714940778957246799344195010167540749637671766252696360215706515775424216378788
37202669473029816540.9584083539677031756302347645241292351205775882462654642684810018601546034723384289525072305210435725
-62051171518547193210.6106287712140870772426552025699684419230078668475239978534511890682646177615334920853274933162563237
-3968739842260442485.16116562169833289829495461168936633332643604080519842940761911031412130008451448602689518502088130435
20316646303024534009.2002948551888136053667019445294507521085225504578260587020218769267278005376366054339894709760429314
-1429326536824498656.12381981651917286907852195249596484699540529651445156726250344330070697802853755669473299045171563800
-5783460944685452725.13061664444912098481130678444686262011406692340159017231089271138438738275773748117945678710385082356
1126471951047266170.06925672834519445105493120611797191315173855687515478000341543978028070240487406664637207816072482173
1426373142427507686.84726399226164159175169771726799406025598217979991952038064731982455907558532272040262804575344342080
-464214084112669208.065624038112292804006703594315216773591002363944932656237145237377123566146222153127016650579007405082
-300907707345696152.278042319609456439687016301429209965144482231370682158324911797440363301005690269657891283820326765920
145995834441319350.775757725372313949367050612184104139749695186836197790745067141546860617184104368459124281772832067649
52624849866826088.9187344044559860021313884854430550636001090088013459536909315784964113634439986248243736470672372183426
-38109434395858915.6248007413480487673160363058160693180261017618478544176849290009038111478222508645695330879510213584841
-7002349107658975.57152787358488592672898908317843693100336286777450280105395645745993768653167097408727678979171597585348
8518024433354686.54849079253409445529516266405352146736653710326578969519707793962552401767511947880126197648437812911478
475728075149177.884648706499352815525670848225341086283766912138479348367974990021456822975323300118337657091460141306570
-1651607181081284.03743056096541439212566774538365306424431928095200556393065790570846617191752406779266636865299659296011
81087351237456.7662939286369869674129005132241568841120492969509008953116048684519533032031461240300829140235525846953545
278830095958617.327721922011115576708569027393204693465366801720797121011283581794440327056026846395896144728465104212047
-40680345296368.1354265031528806578825098633286682600723877519487824913528101389871480692433958382157276393648385100609285
-40836445165416.2012434471551611555069582634424664091178320387302578918343628540513812962519959721679400709137262235820552
10096316191198.3703860744688259212522837202261361524772460468377832865823502036158963620614902137879084323110081519166506
5120688666856.15790444686779868433120955770436275543734621424396181108755872477716970035833006160064454610591652459597083
-1898873689848.24956835719413119703012564875260232792468160088317637879475364800799596702682346150511678738602247990206418
-532513283469.554747672827653205223328154586366757247654438231830368989964119451976438636075588779266746431440655551146859
295828806254.318458105634015308861396178321600104172132962050079665388135389706950861011057869837409231744561084652644967
42092128299.6464029747782038560195056044643274614398909964413014711222297993847237697472641448271595418525146467066738080
-39427444708.7299985915322577482835732670766564783948514459978862937268982418187650446076195173928347532595447301179011542
-1681269101.18518241234212342236310733829508882382496038256891962235019939296561815079704644895336690992479949069362357303
4554645438.26948855989767905439512091520793316228258620523198404371516117393209509398343685343126485394855028116488470462
-177778419.239005943677402662757194258781438412618780189850352434745182001427124890353604552730295613591838732731183524471
-457595499.579243766111576044541773737444586023878850855029299660953208627874503048024957174568879767812496765081246492408
52355446.2183387747096969957075830003701059273542209437591542921715555202138689317234738062970575556827772787693960746902
39814241.5784733273351446679963550849268764083669326230968735474879955177657819147754948056234514285417231263347454016106
-7705445.82583230059486593356835748660313174111933032110833073448694275547289614493679144638851061101437135316770422970035
-2957897.84928549535722563262357354553662896159958570041592463555046228272649273336720260125942192029827139800525751866766
859456.862096778338675163017638941809272103429649071317200458015707623554756380680151666323527448644875589115842300886550
181357.302902226459149192902863376329484720445476759817487755466369301253021936342743246771007887939596318773824758541582
-79292.7034004784119882427457394094813710114644742889119433084865828412430997051698532236180948888260537232994188653650849
-8352.42586830672180412052174005923668291069819155455025123350210935625414611467606048309818195482129944392246139654222579
6244.17767245585512225881754096546904507147922874614847518073355846520532818903842323962282620858395725316616395571383900
180.436662007520158217867642979911253094294887978018984346035182539081962128397889260452964597204511819719645981189481553
-424.936879066935878845998298844419586718599273450871263516782129159123243360564359096449795250767427109839050236713757950
14.4269180003163599423409954924487563651693702527284714294827596036749369160255128135987189231734994912286602684573887627
25.0558822893374346715153698198422971081589513574434198954825269340510391384771576488424807612669345431138036443484782858
-2.31015564666385591377316976560308988852968271428356563354556092383843566159631984598843900388975086531395328163604784801
-1.27330743366453315602308017394512971020975314070143381004598037107581977798232315704525045043765078383975898732873846558
0.195777254629686197376745157705994998759057956122832777692247989545147240893904904869499985695793836801700527953334297261
0.0548922003985747277529303081847593408232616203111938082711793379563807235652184500760955571752106266389979265168240933385
-0.0126326872794763847552451218196431133751909951338039044715855355695050313729574378749978253383810929535574754126414963229
-0.00193301694789206655383202473616658619351214824331831423557810670845075140881206626979601375784198169382629380573928890745
0.000672889229198012329221177282731563333145160515035905474144868619450333580964116028599152047428168383152692449260603427051
4.99540246636804179410199986000818299839946773203211327080109626580895578535480918789724240589456105832142947580466959880e-5
-3.04602150546237061163840250063111380098057415754505119415808236050267744689728043431402082721093905018090951887837946058e-5
-5.13398254888743423917864770114589991210087494411771873018170009786348462416720364263762999432922498501880534521696267014e-7
1.18469638302457339875695309305959254742253310455754605999944390567305660116507112434621110857450333748657993228527517403e-6
-3.62245540389781439385870386651709695793704648979528332187699902909979032046704611920836853525297673092270798780370010735e-8
-3.96388441883697780245845703084586379409634909101325046264559640499916437061907776502383210687297181737766578317178150806e-8
2.96500334148028600454749675804073526133601771461685727011221032136113521428460483487751098311066111642799652303913536311e-9
1.13313375496854452431255640349081250029541291024156194139570963344419488309187533305378669388905491577672658218047077641e-9
-1.38204232104311196794902614685739837352715885374074970569067359049535103110521626702121795294965896806213767847070809277e-10
-2.71704549774956082020466601551272156854445916741292117696633457187974961562715717243760708971557259922058664420284655361e-11
4.93034069440487768982016711425873443189776430173557688311493831019376098651262523549760507444525956376079402646390940278e-12
5.23243954621381188377391151849279589786538532700932700100090072580152683863882244979928737163158317258344631351624930701e-13
-1.44532210176341100801876945384288253074937596553868545594740345535121870869975143519122492639376616299497616201759400624e-13
-7.11952646591433070218230519262860070437759774601935773023843531144615374067656242718297966473957408481740946556210928892e-15
3.57166416688167445466711536592220864411810964051748791962147237354930182791603419003748547664709354467666051299400792681e-15
2.67680710985929451886327937963760483555792191638595856401385046680321922953702996904551125845504147069799703235339852835e-17
-7.50554447889744819297901982442714739746925368642689796600607355581836886566733983492073016218636243472761378143018358690e-17
2.04107767014706120523111068073343430691208798797797599285540007003442257412823971621402406178373184739801174379116805583e-18
1.34026569013444049931258677983025010290243371795422987968151747141505027284075811399234932357581159557630917723653871640e-18
-8.00081344293361436224231205595487278441097174237500647021543295500708999210658742349159175171100800196526598963324830133e-20
-2.01497906542207135869422949816268904710612276479072304735203959468294062282598484020061977116783689650269498657931818120e-20
1.90767768762360605484255344871411317031988464591706871566113356795181348501467664251149901883394443230919654890321628354e-21
2.49466976504925605657975542295745232108311607062388082752803077225075429048135288589166892426039853968264236117914833020e-22
-3.48355259374878141250975820439809411364842052325198105361809192482446725971128979890968396508134673253248851462003861725e-23
-2.41516407044318678569201694413935625245916973740400005505441163377458182309820650748739157556957645414274384328781278607e-24
5.17193439236396549410050920052718823372725186631028907003896547088737136041938777922432718203549996104487057925695445448e-25
1.55611882142823902080514377749451072963552279378657677850022398160320386732512915240926833384510599732065220086527667268e-26
-6.37449693578279720608552113258474783754191530030537761589348004551581915013027221298829723124863661156585960096794091428e-27
-7.15462925874317584344766416059956409312082334149062128756236597190759989292747306516277122910029995194315414484834423581e-30
6.55798914690347721431485514697186499514004322513303732691921731040553097291429322223393386094127494002205008468116207403e-29
-1.50325225689066326988578164288223374511263009986593795461544259861501109990831886462262756297890285601117853606196767282e-30
-5.60980612028109440243599428076456454141570371777921135291407824545189145967697793911797233064402811970045247993951448855e-31
2.54773577266910976581400912212721738941793874097672446297268508307714852479678658756913474518836767169174873312630974261e-32
3.93813772752437478225081717914694987165550843848677127163171010313843274181812544074256173787320645811105715924029948579e-33
-2.74516193092224153164729992292414081765901342291789879297376019092086020362535309732952620826944259363111326548101857574e-34
-2.20628476962725261404851281177531672743406679197208465164401471312080286100652696248639519196445285279532522444092473850e-35
2.23888512806545627386365958396227603218665561124114315584356303593988636817362074808313700288415840219857809566042221514e-36
9.24899278260379454678693284091826730327016185785667200399789722343836051850408538358003162137411726054923978229127896600e-38
-1.44876378692525362134915133521972616263021887094749274259800951933760796928820465364339002397305056560947586723868466633e-38
-2.33918131102716172621384472289098122611903322584460552927131562433017310970974771327998085797414928257787297736479986080e-40
7.54325746513836976193302639042871859334341571670696197189322702932535614152917909263901841967135900038173325931475818416e-41
-1.73109863883924851765920251255814951042809504302788498578437619999277778542595711026686532183424878748268918871423898370e-43
-3.15905282204490012253199985790192740634321615254198993071657653148506806291812807433311938516861033004172588605016979445e-43
5.47447468934864930292069300287283351645356043212999381808007179010154546215438304620999265317985156828126291940138924205e-45
1.05335369056425114223273858108326167496008705377309029938830893145833943935053595434832817673183146538542362981390436377e-45
-3.27243998728709574705941043659269641599553850322870114783547294952823087747302512686420520557310138903818775387082489707e-47
-2.73850831336197114595084072826263060576827348011567459609997151683396486580687649545681577792752694693352737435647742681e-48
1.24919880388223240802685250135942435912157947315014701886858269381018810957945267019012389071035389147261000794097852171e-49
5.33677934500389547308585929504599771923677651600455495697327999229317777662230437890486871461746030061745684088528355199e-51
-3.45055591483930932566522220215960738371329765822476726921335759241845332093717402581814151818975447489773541159142633061e-52
-7.14711277521404639285344733932482524218041085013468429345904539425600811937801801157333464921320169661163482694370999633e-54
7.09764340285496288330685705740500737618178309467066560662104741054277692658177845290951645231198254892756040387953213071e-55
4.80949883367873911633390463285053128279704554132246351931033440480824147424313051833814047449396537231578137711582118360e-57
-1.08581847166145963890379185682971843480095361209974728977190183319276154826231050742412121698277106029771347123561464190e-57
3.19492121322909521203355809117646714667920709560115524268367704829285951126273568806179654931867324106309913174168503939e-60
1.21375174564629386491154960426042564311423273246332352583956070231252975571533988037890332749923434612940895262490956302e-60
-1.23984776642367147275968812125044471071298754582274085620182178906830002466860283716690394091880611837043413764352932428e-62
-9.59808598214271807973562941589197758989699671054733572037096720367364267776005450734729223583374520757889132069178206542e-64
1.54227597080589056961929795672933367300942424698616761116216845555029300288070203145402612852938117046396502928696994900e-65
5.09998411788788077981782922654364950332543600415178999920102138770078906088180667568958557004406234482530211552451306037e-67
-1.08839013524679629768442203394717231475561137718119555258336269304084055820300856413711198569531172224060520146835072158e-68
-1.67252515870912087100807129264560436143578577387571845812571689471398406669508198136533590652531769279993777905872827669e-70
4.55668584732929171643884787861147623062989210972996969895533556422136979739818286231950265505628468030241069799989449814e-72
2.86474494274503888913488476444886439001855546644068382363395304180459150551834908796131733034257937665671497488718868914e-74
-1.07162736631312197384135922564208776777703081521354365292631164025053975930864308640250404852266739497269988045169820448e-75
-1.43748010117958667210836615303989973457180771177371616163006292106066975510772533723576175501995402137363851221751760739e-78
1.23704054216070162176053432785909943769720566607635312353971476773420756591488406887973666849247683005684137846864849964e-79
-1.30468255707184532468292439478920125685952947554577383917749506136723984586461257581490270344385697400758466709001801300e-82
-5.25432540486843367436276224406785780823442025705260760367396613729508164225938143834973004602362008125230112571553662411e-84
7.82293577076865522886559028201052915470470838598934617712610428753517236041973763610628295120748732901217947288351280168e-87
3.40597438716846810748165137797894112422262467771406575947522171709901996540921300912350695160507045083315557608825125992e-89