-7.82744689351153457951668368398637219194519326193791377066785333668192389975769316369133680874513971157256584202587767379e-43
-1.15274399069127934270567286182988079778138466720625065536964830983854067718719752946091585349582648937747729950872476428e-40
-8.32489062722970572939342733886079547153302892587927873066917633010054289199514708628598070156020731710194853775963078717e-39
-3.91458563848849585142843411429062613584592126035054305529459660347468141522373867921076806264825546064825276437843125775e-37
-1.33948438950115297648734628085139615120546851791680947424370546771828039951672193044859444671447597083685433247872168669e-35
-3.52828774069931233957496706596255321164257579483930879477204937527523912855509213167022923825637963966945833168412387232e-34
-7.38007441113753968656829329258559252470470751333050629519700148459301975409045458482526763115937292466234719221362754463e-33
-1.24614933737467209389139082697368520490730359803366527627781774862713116504512406141093161222407422048190511053295817194e-31
-1.70777914824828634906711292977724810661824677641907846508409033271072443760911144596002692643249394160620240544611679013e-30
-1.88775725741365742805963079623780886569880070276893224380686220613231519280275408964868734881967625300865746494302899493e-29
-1.64477035938227908960627317721373096645608176513373868937654619235441327572151173297106714594264259507642414118060979681e-28
-1.07045919504250103627770598823101313221099019113536057611880936238684090988704983849438476646553417641398955716789354031e-27
-4.68003502319928615199384377922358324782952769500357805271419924649774138617831300610291362446541937758140343170709603176e-27
-1.60700759904500708124583096840096026980472918241498899469482125408824300389313070729103261129844770628283590245124097461e-26
-2.79931199941855306118902191459700675330344062808908992265348208822722489200510957123122085554233675278207293952213261928e-25
-7.00477720907392066780951677776951776062310990945970482896109497220411156154303373209308271207725645290767569058967187984e-24
-1.15483586640366289240060525980320678767699230767091764086453358221884678943845245663956701636977748226281770707023773364e-22
-1.41331397415563617403101334408497722182254790155232800745303630158429115102106514751410703211994156801070755961185634469e-21
-1.39441226968239262031194080931669755607070615763857395261255128987099534119291359543234762971806584958785932088937015920e-20
-1.15812885416129428083146842044184240962380398266961173328427042183838202050403769991235866588211657556649094842287336359e-19
-8.28209990155281170016370440113028897562099570398004319594123609292966355142071881435165747914804590529664560252042867937e-19
-5.14991427015183333685505591560965618732573923676645856657712478229642318591712252971427737040161951094317931932215799770e-18
-2.78350701817527662187765939615302371795897323867220595926263803034437754712105447265864813829415868357732706433298863074e-17
-1.29380882699079237227243378766502028349302387126475677096044782370279778923717379197910609864750728511595354754561045031e-16
-5.04753055013128036409999137336689875289069589913475165466847283817081523593285620066513585773131908094530046660096890411e-16
-1.57531264032083638135459049942569349579669680813260033809635063334361478039822022463066447741644266446142284004425220511e-15
-3.52326826539184766496913332073435125086169689034622329115779775530406895266572058770415715435841692582036504359434061391e-15
-3.45305252982445434397962185553076031796064777056306534516488578388647231514974640541087983467284433728657474501211346863e-15
1.47864847986702440754180775895998160456084902084084966476042620038792945513475768487779840721423497639141269564032613620e-14
1.56131193891305506395896235879530126344197517177046846027101698331526191680814997295671099600904088911941175610992834152e-13
1.41317826885853426050001661035644609983189857078556596840099332126801416136587082904202124555589615017446177238706623262e-12
1.17456178102944010816121864886647887769028470960557439687056460303519732003942390929318489711451684782438349842910914952e-11
7.72170324666360327135828486082192913185460598797264749841670969758457795620790969361372245968596186762924257406813554095e-11
3.80806534657438202595349422979916829306517086633795248977115628111341965044819022246458014528993269897991427069088815128e-10
1.32074273839752182689691698605826528818610273550088353115173091532518898372280273450971862615695127608960134543296655224e-9
2.40172935968515139903770792055721748348239693746695845377082861299419557873501402055129291890808872921834332730891118589e-9
-4.80750336987159173988865376809814483896000460663004079306036326701723377768272468219843547403236935918931553895546009288e-9
-5.66981969365850744670428449044940253313293650964857948689532678206002946326522440544209800149627231059211465158465107227e-8
-2.20460311786483216263493725268890503520915892227584170802143652050355480385022135592565927330415412802875883669829078163e-7
-3.47530508074608424425117054675288119774189771337848419899448445432954766651031120131073909328888855866011249311689203435e-7
1.13095718427604878981033736358826182924027506047764334048500738241022546011769639897348516939970292754508673664670863913e-6
9.99709455454907738728742922363625247707442857717661055227594736913095300800486351341793383078784618577252030987570152591e-6
3.64355383702396998000818191670247531005956140327754338946946911185618247051948186100239131096699468315619119886119026201e-5
7.07984253532497387865089988327019094542790424241354379471970492361997439077654671234637481445034970353184848018194012039e-5
-1.17599504670416444668476494013672695788805833511216930115050131526673540307897859459145186939098982566556273363212863938e-5
-0.000619175972062014212967299990793725019781898235855724911653028676786381980103028639170825345655787297147039321032104291674
-0.00236672056878305995484701832164786874788753945990238896727349009612951253799369219578810034221259572385000249217339173808
-0.00474910085128740257948398206914863651249037522221618071518837383336814137361078480249849504466743095586854714920860803174
-0.00239386464468488321044412897975484705587807312454880813701721499333312945952559185717738568964207510897376765534451025502
0.0189227426253642256800037274931605054296400467533038035231760206583083229652443799994423228061501871626238565559640897453
0.0746931745442494416341312262726814177594216022151407099207483674805289840234009216556652424664879081217855532418823100962
0.142616496954216739066550573735170867239253379096343866726227658196787771495150114337204364461492602994438792479227649246
0.0959763360469340608583478768800386379404927105534951119087133717522041676196059624867209507106459134398467333759911324335
-0.297368544728749478383056215940284114071344393245485489702747279160678771267635732635859386215036640702129565201184217051
-1.11412985346192712991131527635893060983188142601179202316889243557485658595715826394365332657539090332822695580219469383
-1.68743376371156564742186102457614363186056627590842328093342013393257276779471863758742334528528340583382326865545031650
-0.402408997130617945638542681957484245846316603394184122916450154981852570381605553112455442202772414693712712022117431555
2.98272779075346842354392354237492916632863266783465564899811002274244336736984915715919735986887171253183616961577789970
1.68699437628716545030274199453028615528358988351076687443743247318168529689729084093574019828935588181797910312427591783
-9.25243193735420110838560084757905654552342360765913165672937256841994494280601769428968023190803934594725536555770621216
49.6896504662914190037850755861559679069074921236584579062928717640270481270089950735759026823565755040931135868449176327
432.950333714560859731651646740364695727802525696826868049273210674768615793039399956852317664332024955404567495845536311
682.325220691999219706231522501463599507665477335335695077897569768468863231351232421635044082917707493567403488735412587
-4062.49676303850549235934537287697516577335432761683005075316823799814483971285984576256618204000784292055207675304085308
-21786.6793384943799366914435974126934524467009976416260428931454980842401499802197675638808488276041480167271866768304135
-15008.6803455016198533116524667565320185197494897296846908428948426689464945452154138386829876148411201350969370316055381
210275.704271046027037897840782641059578708384412684428559670818769756004773767744914191264837746463465095679500638980553
747719.549564278103555808344941170910720262774719500371978158433383957647074637261792983601691663997622730883437416876929
-184123.186025784285918721837805065352935781382585485252685554057219353769522112661616427351727764872599679432638404512851
-7812388.73761548802973159436271117902350824947314809355693028239558051373125322159379578854323718223713869943999045273619
-17687601.4113984668114194523838992160166110178686334891249870815014404200006919942483867067759028342703364899917488443328
26353662.7898453182394777099507241137588039908404553399290114971764410475042266149252705650371087981157266301986623718425
208037238.463653898761352018156373077645302504386464239547757564149098594277963032500235722810546365168126674168932276427
254351075.460610607529229379477094323213115325443797506826247875279566994726389690730593868272013724906916771380770365865
-1010754475.88734418804605780535612731938890599046146818149545531010407426969925525930318846013501953182427015543424127501
-3885166030.12301554957022584511970677268297529772200680960896514403049359936717275217883594443714979234357737676169363858
-913475970.151048805352103614101840167834351607218224396668163550811935471954112384408660248164621666761264598130676155033
23028435680.5239786055333370388530989287278760540893584364962626652680708808091379909535694102715881178040004506492164274
47817170599.4039165435450947785039384586262752050700534220564181496219681580480810304741882005539580586941615184571305742
-47856248109.0909166178787359328950253534907417061317467789048114221902178623750338161016554243928203295103306015022497825
-342198242168.770335509223515873027520854076801509954543654074742902570418549094574320660137213742846826941150499280287650
-310331969264.169956302980462756339308753254011538629879312253144657628539379480122298064769106608000349869314741608532506
1199912451027.03488329564106431111070469437543473421118240907713805067088649506903434795705730178224253508999104152140554
3261462726088.61230415616764652576898166741825039682112955829706743584714176633840586145578480135111601019209770830199759
-633272860426.447721247634311030994076638436290583211990893564887415825851685689017040305701550282692836306170659732402994
-14715679240360.9284512785072043627294022996919186114986564745054025595424254360392313081944287504158124306929632095517156
-17037873879349.1719910837013475855678160722267847041336420651629299467035829740988545363948775066232309312210453681124833
34844971664412.9359065096390613472721364758538730164912850710862912323506934485730482701910396643465625381713799613462652
105111012042150.876265359716806985230788762463044212278182962863001027637527971115406898008496412692426300373691771167542
1647878871293.66339691508143021864605319328238336595394960940405336565650564672869100322504834177533659811774214099485312
-348226482836729.783877772296985054150657761555743703759077103899244301919871028754291753301255430109834149310951880251398
-380252082386916.989435256810232909277053856562364287042421788624476034479314082107549837111772323915279658375535970707027
663510756446696.637834340690455691429547967238237437222901449621851763283641960418244799469462538562517100807825430361854
1754909272494666.12096011590481806303769689132478916853607906139188912009722505780599581946747612519317824387922008242396
-176608145477184.502650560869290181383591087466827943566298873751261637872702251624236027168245015890589665959853286881917
-4790423351670522.01401770650437707750888511791809389633815938179265965383071103969431354062236320444358698819322062014047
-3687963550243451.86170390036960637417566483642793241730310928746694156450098589515135898661101426654107166852101780988518
8503918218500908.58095265947639816100148982535325023503533381722125841952418750235989174188977966301610224064709502231631
15192688905982639.9349565297265557298893121770041972835401966449974617565848783064973381909033306361806855197183417460051
-7317094133649113.08756959715874666023962112183652166765192708350667152919342130523204914069079535174159931790668375145301
-37269382742806345.4427439794918483676859884333610492524950346739990096410322733794262826672214939089291998671519407055496
-10740113480812192.9267382260873198812412490757828415340830839399540184274410583145487651659943006631236544174537235868085
64927268168950890.4689149980815023624987137314439428252900722713542573015166503885198181085568911147348716518897339719814
60188606268696283.3478790190533781231327220516110167501060478192019208862144122201333495495032006004601503104347295427349
-79236898766624693.2576046324302121927103738402203047733525182282608366041805519809773932554336818550876264436753248142212
-146591438867136938.354605789068786207079670851117511443260043427028344988920257510901411556652727685919497415055881864895
50030193884422931.3257454990701053736457869820316114785045386504642786654913862653269919509414352254191060702021654736156
253342322376016961.751028061737216913280670253866798511000891263576815260699509519557739098126378528063114917475290402498
48077265322510929.2475423376677405362846646511946433015526533789386623447288573101490689321609946552117324446869844417973
-339454560758667927.852796395171432831116952059983692813117988854721287349530956301751205765985968070604156602007301905549
-213694694202038244.584559574969003869110902590886566172641415277232669405814240908004903067729670614832643521009215177287
356669811955460357.275935129296237480905655601072023532989332914477772909623343242673053476371584884951874419250691966945
408077139507043288.182975481912370410464977542363875938057699357043067334544487442629038823940991133353172515923559015647
-278433056921662074.626875062929085165966293116143630643841007424725748037466524032043700425920480832371132699437979873142
-568677429070712551.410692061988897205027445689578165563005113916792211846316172911734992011928208822386514530102446630303
120060849347131580.307585504267003482435979172769966831637265396324383810303943225680415986358316539435415944131935316249
640953819397967208.026450882656074750988821959928840638097685232208520558985136358869278787870429136132739781870953304476
66474534597878563.5587965607788186838599628450745514872245062026662689355671882214290970160122542419265804820913712724292
-606746665679674516.762063646106383260179233124470689533975465296379990738004569350654759146729798209308052996890726599800
-220238741124406646.804837541109041424280750278501114292147072370317152617442699611922201030800007580013435005599759454366
490016624902852108.917986683346366545895340217124771237613432333041537130728172492280104378946786515336411981330055584750
301667357966229986.152642247704687443813311262589170278707402267048989767555320713616048994909455799938525542877093912461
-338840196551813611.645214035419603348715363486954294970835804202488849991896797598174443252182809224042122934891379969117
-306174391911390153.220040461969393800591302889814515226335436081457342122879550217999209889655524335857390835119741789341
199058308160836378.069152966881003257024380638198613789889070081357547818079894510838862669149819243862760435265873993600
256695090185370750.128052942602619280875589893923904465259852340045706864406849580979967819598525313715179772598711789291
-96740380688803756.8741144122952655606651900177811550748153036204867842966029087634226117235186180477685539204301825538615
-185364889934121753.307346986846033542598219326060973800965197057689961041093928404814540556024460555484254181265941717681
35986943198556725.7640747844084684004750286077605462737696600615848337729769369765817473740543983155542090406660292387456
117780764975138041.307417812089250397750442697307961113342102411060602930859100795752144260404505423731638373984559770713
-7233874784347655.48544022830171126823084423396228599066953841829028242202970538285503565239859197775470454056661239631390
-66704447504587271.2907609124517863519878330759841365495675236935922640697255745257400665321074708248294015108163409385690
-2638287146092781.60103023037359331297096638403521160450257530587781250747567494340623163945859629391701374145184897192533
33965685774827458.5160592199252148197834088234915886186954562692831878892798408032887231601968352661638611988060076638438
4003124212529669.72605024148230184960143165786169320166300253051480799754242461268058663302427879899690351790741291956531
-15648265463282122.6104386468584323676758321733315887672404687885037449470306636616376652181050778098475276344496592396064
-2788279903103249.20551778728837135518589037162715089037018931355914514716849609171383351058434484302804915081050820588400
6553768990528377.91793353343722179579772329442576588019522133598883361610728334026656245732102408708127130328798818649682
1460800617682717.10503774819195359203411615761290389125387930490590302161226589940646462146681693713642083994698338591771
-2504105198721657.23785818219011404884928758259280909532513527396560606753885937458183950119995860178621308730066488337049
-633861407557185.830672828245189995826904109792738626316375336632071533909663597558835234825526153136044839286098453567901
875001320092058.363508403788407131730414457913792438916641230762303891204982325631697579912623191641387008171594740586259
235821512499762.120328036507145440290069410540667206055215261970742078387090594312934196240894237725349312091684892018585
-279974935464727.867894991367805926475696029904188534626670462604609572859400801257076224249024588368361112611305673304477
-76335415194064.2628463732073718250393728052164409080434853169701360473506070302490397995149101432862011223056966894129708
82035441656321.4108930876155509568769327756150706468223612632494367512164231769832216975503139668098948399517514395238726
21616685535086.8295172354955527927722010696553624397966550072072636553836017292072970247070402690517944631810854565695935
-21983419689565.2822040561227130780424081722299869696194051769179466922624425340536645926334698598075175769678195325540138
-5353560115417.51759359993711550908852413552283988680086733852353091069848100020568598242386887856145377049999612532645294
5373469248070.70873550177689706639802902991487329146669431945153678241784330022505273994610336099900288280261169243354288
1153417903202.91236316475196473625011478648505288168775938957842805214544545246648766202718298251073323498664259239113801
-1193381857307.54370707730076964604858275561379962904851572818662554322694589682290404122748120680124668844568989939780097
-213716512563.196290039404235758209733337238150700968454081731734054787952151399502498170794505388495648734277076297075191
239591604696.408877448163197142463861581025828702904099871822365800702375750341409269843844016799497829080731523693265050
33314333237.5027513084398948249758673731613062238794129540171150912949169027981270860837645510416758963996189256386951094
-43221768899.2695905088991508222057277204022543472310790174265173513929266399905271247410778416114765682649536469606418957
-4170708297.14763294766946751602048047271692254212895033457850755528702482645132231585731436144639330384808210109448370571
6957646530.01060971429690985130878177871477233622192616037713627648599019842620713261368424341518141526792393602891652110
368399029.567947367615974981911815969986834261266147312894457665990751142475229163574595354564517572363763452721774130593
-991681884.827594950354797404451406656223390232055607432267330530370721732034838472977843775445317707978749854632290510562
-9299243.02814961408310720505651020309675370930444432630510746417210945665037145266352095447468918402849413535723631606212
124062661.141890646383005123343135926645368575210756796076599375164670507646131348132774603413001560809265010818411808240
-4197962.55448216108253851775421674648623038114350173276381928966711846715070999717222429432135055450486422738891344779026
-13487800.7881507086970172607069011650004693961461105131278112883680124952573608477717966316222344457552513947763704725436
1037872.13459589222200800163877166172683658930640261088070353471943340858888335803305502261315451028859974460266449626198
1259403.93546767771848257564979032050660722852701907479967711541219456961118023461437941195774293387929436487740931734072
-152366.304220181469791686748395779199997283055007527832406970016044866444015384027084288485897225671253709372338028059276
-99531.8662986781798758916885020414878367742938067731239254889308686017724039598787565398085914170874781612170156294747375
16734.3320190162551604326778710157567964930058579981377305408208373703506820377272927836107958985956067568849963939721373
6528.37730467536795062110706833733045903677739934100617157741467490338940275418917667600095396158035666481104209218297416
-1454.71996711526430141458865800090828220189936490795589064985309448104128530002520630135438583711245354657984103910268575
-345.019049807720719036092978294057994828711453021389137657651752073714032767707143157652377665805664910312740545419348908
101.781291642238598377649152061368948511809298943372315030987564821391528300952136422387899373768250216837970383334228413
13.9250256283354097721242425521052767566269978306872313240691258279329660717195180906476388437123457765056730916212214544
-5.73881054847967429546854668197708468429800644239436037558231688611738035657165816692252428773754348760244084651958938907
-0.374931955140647099800559900196188696684646859655183090769941297568475355131240910826546224616804773013679585065754307129
0.258807335341886996207744676131902013151753612820151605435557599154050314106586270520310954284183645937076726609166320882
0.00283967791750583804932593499906122772001192209236982058271547410632432748843159510116758790344155976322320707873110810310
-0.00919949381989677437774971642488685306068832527525802609786383546280462723291712435446703521675920161415194998609371917986
0.000304996950864950853417239642128192126156033416688834099009487240841389958589945394677563855008964383278945804458170595850
0.000251922381074749877091672645906660530798696869989723242632706416148541615771184799711429874264324538069489053679395067061
-1.81659491635296927399955572103683110612667377116283535279785443250635840800771715401781745815915201227345629959238028775e-5
-5.13016697719607725631958772094983029900250868328172967436191941819527641458849615167702351226412324986119357541464867341e-6
5.71451790885083764497436227635353512954080099236199333763851375435735985959945217500654359122921498042749388143106726529e-7
7.31095859668766792763988225676271923252843935293929885214746341572068497433676451234344213247376583273839774768376552550e-8
-1.17947451478745060436440287379602680251369810292952233512788100034512748139789937948915565408997008021586412273413472867e-8
-6.36516742064448494781921171817283530118001992170650796242608805350362795989740170726623407154733982124364188976969764766e-10
1.64519065747649475450637471546405229802849940000072151710492398514905263233785339023373441079824174911096000169063788868e-10
1.75094448110587683808958077242836778127640750411478976524920018591771985806738687554210113033347901288616638623219412756e-12
-1.51678261116081632759310780943842252202914546958218719551518868620483202150593309801320257519825821358546915797804129666e-12
2.65845573546522280191991900015322182749623239415408630446268750852435181801739919741017322276080203515703231560600957191e-14
8.72595661972124357751488514343781835455520446033920155447788213263749370034844021579563484482730114907484726774172269378e-15
-3.25256013275193646298650477834361935003547735115998679776921573026562009658367591158327672762663238775739790353436924653e-16
-2.81888481509200578102491862582344437599816375306659905333857556999204205723543314253668188475754335306259468120759583859e-17
1.49111676218320357851598251813186932672368723750435335229113100202865525686626240622934012484179943713165434215884478219e-18
4.13592889763976932451410033933854178025475478271108918657200694942032510352947958845535899096235902421555797482939162992e-20
-2.93425486195495441703700039864332778433553756996932433881129545056912205424359910827258874859286933563876787130315042170e-21
-1.34212996857923330607798742375552349066501044702557513657829550577648457019500143537614558683230815314466660986129075323e-23
1.96366956148083958503711210752031195403277016930023124072041770739886686302242014621663398733556178522081179780728910979e-24
-6.26354483782337003711715862656011800254699900112357518636001071853476293980963100586017875447754840282181985333359932775e-27
-1.86731535464258581619005318108136621062855530306357833043927540850077492527530615906773406889253564270497501768283309364e-28