2.91935485283779098152277010654685310338726414764878548242522823028651944585216732934193956311144641862822230017719441357e-25
2.08528680461536930846563020238673707397339615244200304298860181353812901842934606079989030076363561263274460673109973566e-23
7.23528953743290192407496814251891550478892140291006455269715062658369586269628787801958114965866075986251190858359059111e-22
1.62332562569730063676311900743097320735593907837701211075243875505599198535229486692279240670424919400312552403098542311e-20
2.64667823993054125226828245129659170501638774841832771200140251601777351539432466687710993437092058546624486435149889353e-19
3.34818684411372996612532012573897139462588177177501440621786378626693265686952452568450785974521738891421393821135318295e-18
3.44404740832526469830745092254186426054895824377041712450219809570068944970747337412964185718944671896054479172374102662e-17
3.00991837969931838151173151033746763950846233321341830725013166100991680664133426380309827625562062861843888110868956410e-16
2.35192645459361136773632753564775062050660856635656177294156970278087972438039311719292341908110489794636193795332295743e-15
1.74066384821633136598891676098736113907076600359072168431148937143019362078029445138526967581770372616292310536500760698e-14
1.27456633460971501587600567911210741838237270997075101440662385947125936529029476678529938128155128872550740864923154636e-13
9.26085992087788618741806511371056984804239966242057088137132690119926001578239272844455208832616925539405871353899818837e-13
6.46030591827185710590462187593621859192669471939534922324683146192066736139302063718462246095289684033543338711667350474e-12
4.16039443557995077908371503890528057638557738659597518420199721787648875990488215446957970982366267396544398278770058144e-11
2.40635315978507962630822144631559684398204134740064650475904727900100189850686314615333174731749420327195117626895347844e-10
1.23057285464269404800127428801788407016383305482324860448437450996711404415411392949491391230646380514728111332046493987e-9
5.50840194385029809567721003793438157768477002779887732682524557364965552780066055406739503534152998945795667038961880750e-9
2.13541111995633606002387131120304778319915980519683742758837825669507830517794565758740753434995981682545826369900241713e-8
7.03543999838424286925847984573107832027812173738549703250569895237382679429857832709546686553682550546607606460017781019e-8
1.88614846982887056815546542862043074754502115792585396643501123450712458501727619933313742367612577078327561416021439427e-7
3.59625124754960914464768001296637828680243595627808350309402005950023011664356637379924331507277403878175877729606922629e-7
1.52642732605101517946652636064840863225030374426778869979953072269259441249591593187572515126995913568353154081636652560e-7
-2.54063748404525557461779653631870888702530414342475967904290738807151443105895751532142468498722467456732313891275568139e-6
-1.49064101720882665532139584299381530795598827013119907714530320328146956066884289853949069702799146799233817795848071611e-5
-5.65160691709541833034292105219804857801111269015887323642783267201895002956689878448274750710982399447851943886791611532e-5
-0.000171683352160965871785725812290053704530409307964505007893301725720508350654844745630156947314259069980231814513579885919
-0.000444677732196422451769124200505551034686933549713397967121585521712755269580679279130391595363170542466551517915934758756
-0.00100944896500557099893061320745893455113462473421729746535592483711868856711733480738575928272849285585747394973813147304
-0.00204070505686437361659994469080796605866636972777342257632682063215990610375452926388827267331149550193772231262529612471
-0.00371341797418897889860717511842716179812672802682524335233284901580303623398323287651732541759814081633890458613951575471
-0.00609360260795169378890693004541967959564369802661674115602917503030880669432729212093095898429241051332274475984861235887
-0.00874503632711573406773932029774257379670787384809293524405346014992309820873252308609107661914507813575410428755784584831
-0.00931816857856346079072327478874248676537306202084894744984547667564704824114970471462688489157836914603385582436548169818
-2.85970053088382494642428056103424548217984714616427207170434444379103576247463904736451436712221614941401726762000544920e-5
0.0355918033764937787099751849351048179927131189648010972116223371482116663632640319071656929399345497434927039928868074141
0.105642402740161187195579724031101137916605794058543870337897118840724781100716109765584584169605722979961444256635873115
0.109525786290979406464567680824660677601896771994809454196771898952442890271207088015600232865872089626617887659163314972
-0.443910999888623612165266158639944640857148664601049199483267359139302509312448041491963825315055008821985190991045867389
-2.83690355196916070110239319975450035165562020616685673525158879941499995513359117456568749742652559652202387374316301444
-8.81732847482405193665518329865019218538852542509524911758747429103089149921878919481939250741217014767381548093120325603
-17.0491874662015497396683223905416463893213721995390619524681043076451244697092294525012800461153991603587620002486401213
-12.8867732337752201538578296661382069045031173258311456931238717983337537797587284540367651323681797847258979890375224181
46.3049410847268406629259097434133549568826023449259346457233801524729088567081256954283460918825010101680594863543744848
226.734956916416891480605484026105293325563192067149578088251007224684179571322068107969194060661683785078780554998710582
537.286957938594897257483468943759969398353680950914734150208612062812038677710997125698218986693021475538172692559800076
716.488566532289877029426960051979993869071870383794154815306417761558307851047796090619813713274727731902556117277780198
-23.1861400997311136057106251914028418154117709639989161858116276045348278575704115385716711111302508766627651446631225106
-2846.79407443863561211386420130590823274825689258716473938419932999919161039773016787202426751349032731404109339957901109
-7977.03933829721790535316297710103771078638496671929338867734316049471873509194450544932611689467719024923403778709090096
-11965.8523146099070294477249128929808018813698573319926348430548458193271112323554087942469608278312301632757555115252788
-5604.98694378166263151243547070661374007821879868501972913747660652728618813682856213713880994270061753023622701933880956
22231.9847881380545692006327306851943958841005514422725932747298419008835143443738667432677590703739418981560793504194794
69808.2621249380832968450536252456732603516676022455935039318300189985245014012485432155880771206150611743103319120286554
102027.044181716423404723844271651352643972533138177452183854697085873387090021599562140202873742083087063279432679040119
48758.4258414427935441361037080240554455941661455190925465763444247618219061572253371392886187701998804220100754180396076
-144634.596997809073422070470129046173030278525332273717139979889893900983895623829019133742381277345767863029235940260165
-415500.414521667458052782936576803034682366619024655484688040816636526706942868191477554283028062862186106027503665944077
-515325.938943088419518093837528424598930011513972107791537011052781148219043781550912701923510603269005867708009840467977
-120862.493013149416251627297233371546157844567131772456160507155532574002190702857852971480058481428583653045081439161255
818447.596904967472270978462982871341654699214294688807319230104576044230679424480664912155310200027221438799452663928484
1725399.60219692220694441614258580081369884158751096322674613098453231148074340729063357312498717202088008119869601554489
1519869.02746532566587949220513871058882222779624195720621707928360600674663086874847861588587181355093838781595095027060
-481103.954055617969069589118423684095078616289472058406275731912200034808648632068410896766387439793780069694985774173485
-3397160.40224412324883017102178466498730083757734086205711726865984290947135500081262517264860234160406932228581559494028
-4662192.52016672163276165943970328294243085540206564595589635480641901851969850018583695481613956577703743368962202171478
-1895276.31409729620402491710422349852774575261614355812246446218547384930517981286288299633403706142197712250558011619164
4214771.03396204223283330515589151276367599481525624668415192735064270160079612772223388229821276707166028530636454403449
8953157.80311010392019258177059662995461669861737193894922873527026786908114986113261427329337914099673400125498920274473
6832236.23806838554989599911956896627761255919582260207449571328501674857261994818412449730095081629850786071306991486428
-2667384.57973523336651987480958772600074293035569656643435684894000758717345678480411659931824955509714649690984232298097
-12510399.7016504521474936946477056782828016645686215014172872532513070042159652002816691562502439766202407583747273772920
-13018140.7516059930790908479601423871290275666756044233583747287788048657717421598816798751132095368094467803810216124761
-1386848.25469949539756523479659809215403668522812541842968465718053068549402136722400304531377361437698746277391789956264
13531206.2478789244842386688867191138182853308264986341355807804631836207284838668453248015077386000073484491953299846431
17882296.6412270407425880627185786685340418052079324712057496819743458221366607497020529982114775236669506719840765682894
6217653.67656135449291366508803067284446327684643653015955122034684917039321490048388818597769511274361415212320504767534
-11748450.9888121921105605109841722623114955937710615532825670915532321418026582035831143622420244276994926517739464880208
-19413575.9339814545798103002440441616679407318463139129256447077832323411095027446238689780911994999378728801806026239985
-9491754.39819034278752290767666257087385121945830357491839141195726517326364842811399036376596408350425149969288709113173
8440382.06319659271382488172264116375731685599092454722095378353333611105968150491452493829334232474685072566937166040757
17427884.7529086879025166482689487076005411671593031721145954553745566899834663703270144859571564315544982946690865428468
9995049.39345876598594686798111472462117082669601850541226830536880985818210162521808843267407801060944022542573652289315
-5207805.84082783829176171474982244583390831921929294153887403498419055052568516999981422298252719644614522263257981759413
-13294068.9325399693317101616090147191265229189033872768100406334890433611450738688733179116487381874035370231059753305229
-8191037.21615346590724002107501809612533422517180469171713842461492586732594926318341917167497085295226311602628294976528
2916028.08156571712130676924740010068960623278069706838176223537507479934973144215611587368754976995208817785032469035363
8764433.35444673611159117171694695740240025753693840419502220209856396850593412548309354258983488900592234381626461548078
5456519.35852218380071612192327222046830435151897815258464836386235237751596891499518622840486416681433801067571744883755
-1584917.47515681814166496626392263666990894544374573872625130079091289555551867432938420774014359303310084262947210088351
-5040398.13851242831264973904946108237477419149100649990161024649111979050749269278829743310455193822418799221207418772737
-3007785.02040744558560659912886196531062406672896141235407260294948371846675187473436243850773849342792756957833191585304
868953.958154792680936963888923491006918485593872447855444175905245194078036108077695504304195148411462678283819869818342
2535294.84853625672424673832876646453454058229495718735828507341464393360087572287543802672826435722942157190014564299217
1377842.86103926739815578200800983225772466656500426514104872326122342825133159589507442051631554724547962768833602422804
-468090.469966285705453497379790607296847119234692878251869159946798406029316993112702261118564464193525636605685056278787
-1112116.97824749565888628962659747345879025575237211707771856400851779117850148717557871296287878662797840298157454460340
-521223.998136815562307984174096508944511950746850257500785372284637310264501997005348795781610383030880951451657655087017
232759.023470146664215482974129011593139566428497950846731853179819778189000355138575543793620836739550627227220391070191
422370.235089715110863762780643626099920805600879210431703361413549281680082313463902035211092179139908054030468051607164
159683.941176372748689359875052845678017932678063949162110116170342815260951082703033792773129244020018673126649690707954
-101382.730800658156613101751526473099102327802811271529788897450222263019300309897916800813691503834112821071660050766869
-137434.576906866632173284128096308615178938486392484665943511013099912707472688103942799613681072796158213283014343909773
-37857.1359850578867198481359785933301486073170117471614244398578317226943211891326777248559911687300043574229567456309340
37516.9118004629596543795380925338272334668502515743885501454892490044692593553379850769207655412307071421289129702782807
37800.1287324250390766749810145974800863656686210748997874696083856336934242599322870916992254202500123186588509219914496
6097.11319305276695614190948019845042732184589834418061944119766240499457606253105475722539372741889725166500439461254090
-11603.8269198712541056588557860875303862437628216495565441130323700348029509898913712753206335810780251629206888959480776
-8634.09033697796020288855115978441479664348222589606224346541333734351616322814198388039937150519296226253222558619094873
-264.996132679237423048905432835024385009075668669424070261256758884924547729283801596060784754089148337012391306494562276
2968.79878558955225905298405650473556898208143506501153222781025748180020528729012518359785160711815952150118357141386811
1596.08504355588810048615374310763766814758570378612872392383007115164560781982873410826290542395249595464519139622747138
-210.260521987720133361457682399525764445291741372351241484452389318578813539223088832627311410904259529008645801610437404
-622.312583080002804804794324159830725461682448639208952740310350539782128254923134294686321555931658187493829303357134611
-228.053906029518396795755453159952401523152316584040424933154627794462395984929131402771908863973496607524221818739133455
84.5447554017008977645941228409372212636465479051930609066217258413917584942676568230940010569669445105114387105631626829
105.569602638247550018842232995168065852041573338167639736005138887243543991098851961942660993643709296228288355910827016
22.4886866640501703838681815544812774946643790781881562182214292278537032378101812822277843017918837883265419115101441345
-19.4532076504001991564823853100150920179162891325964402567311651126634937522362843362330134067916118106329030574755061312
-14.2169213668884206312148780815223408744617644896775555125107632288125177902467872891279518402667014511112747897799145349
-0.840767130449347309230563592185460468377445691639577759096553283901103387690211390342257559319024263064992913690821176578
3.20943415796848860918782379476665104762832850283544032130178837871042491665076649641465739034934937782949451537142740507
1.46705637873723911494126891531699700691680951123327845224678590450301618737767235390297278147451362192760976725041996713
-0.183180114719222748927802712741619245885662447686541700683357009248084814117397032483223560908571322930641427706190435602
-0.399133991188883164807680968564668571353341444196792986395168011156707085966163268410478618121249639460973508937132520786
-0.106859008263253729102233606652059981619092089029793024068924897116571005074859737990218122344636532548267189625881379257
0.0454098670545828443026167283324304071464179486222153901460451986455037486047141586619594962687759063378510748334227002992
0.0375779794919738402537923983905456590894038179941537129842270513542766838666404444026614230472849995194612187081028739700
0.00399602411417582873118919291567052609739709538987438174194278578291480677787037765782430501610678714300906707724303594912
-0.00575148184047257566669094945170313783835781211234965408132178233894059073295125244856475364549632730273662497633152261087
-0.00260679286995831174413319553863201693707750900033309565140171357135221879608493993378917600698023343016651378539451884928
0.000177065489310995175878861874746985576381318845586453910211204795879212500130160071428444977477722678610025356428125387483
0.000496023539561088066342865429780318837119512927947234789275361207216649909797524069203923761919187725392449060176110405605
0.000122057613539250319515239531553822380618671219315202948513695137572478876658291108277676650608270396194859532075158946591
-4.16186952229462373385988344317714938414463509784744248542094830138232580686336366005533092509689082398007788526355573006e-5
-3.05171245375719109914570501108256110725631015438558128566720106689628881424221447298751490618794764524006476560629798097e-5
-2.57651788597401157912817607862104248734582027632777020418211663629561057491518562527149050081332686809571357284046660424e-6
3.56251532672436105588210071851715079252440995611765755579084350193759204506766267868870970574548847822423616073632615902e-6
1.30651807500935193878539302258150666734951653118209396793020395683100512065506452286442806034384281900599887826267763245e-6
-1.18230233762699500881247082115671923491513040584874992983802116491336785098212439709500270607409831149807725477396807690e-7
-1.92946503595240929354058478643688043433727104534233887397385635617672248536388925931918672204066737679708432075305938229e-7
-3.40616130619566153085718926504985572611891488895438313699420216727192580193160970037583373903525525881664543699386844534e-8
1.38646908527887131109814911522490458924511735200312934210780852021526256270599010842717824826670771740493864115996254186e-8
7.04625355328864626681489660017299376278890031987516548097222977277092268611234595806225276025400892621910495636080183118e-9
1.63760057752319610503543813960665695491816170144838003062837427006034015226382237674586919050335937951977849354066768906e-10
-6.77621918303760126029105752463414652953405053523406477040002973197778221219396946497993629506098956599237478545283209497e-10
-1.64673771623060338299935549240249936349507595694841901618894892870758946530768895837723285132715086972170275325011873849e-10
2.78702094583095031549024043457054998536625851408655430527890153825965973480421074401339173910678047577595247608176215712e-11
2.04731388783067947500154140637269011759551288113754366982765344856032703560456140096951299258614363813709355699937312190e-11
1.77128388627136838693382922680123816436955654616393327208230460835202151075882685686088769951277583344254584503989674858e-12
-1.31938882524846339503480446267083144418323291136851947694797983452786711206216294181090725174751054013275011583155814217e-12
-3.90848081777774100692685768326199193757754681129224902166877244322637806762530570626826553022874689780641700705671461848e-13
2.52302925068723600872252851100099481360949672585817315020854779595700141340587327032140237172043512269028528105312081978e-14
3.22940080913297025902680984160671092744759318723024308318577036906166904726359554808017104345876742645007527193904211211e-14
3.97981980374803875677385445772127629363069472140336758188159250111984941778164937224089527801026696062821511722632435998e-15
-1.39963339951559810241675179987353182830611251504753335330522341185518719460066289322919395747237832491128131035561873619e-15
-4.76429842415974366361828001754473401175305367305325059516858065465219644047907915963872213121519336247725108045064862530e-16
4.82706809450670605315230167408037429587255035932251494527220305051770847615041055790241086907941456655108819804443846706e-18
2.71494780474983968225853714833616201209577098138250390943429204998625691253528642885090468678321339160633524921823861814e-17
3.86234319909153082386734522078735444154154518851429360874386878171846303126234132074514183428968556010115098649630450324e-18
-7.86352447591089550885827299074400843336807793680367605346795988425632158267253247145425032982218559062257784221160976412e-19
-2.94392905466556218254652652357672855638524002288581511557507340533327970790618950797515141037658275465680587739894250566e-19
-5.42436743483490008557387969027530537903577735819792988923061781789862051888092469655778036711272683648760811634902407633e-21
1.17138795584866919136412127549752379665042659921479740077649394295493713141240247631986054669125939217610006357113589047e-20
1.72709428645275422040280225727401946985102930845202665936222541275836256397576530845749370963716760470150734487004327211e-21
-2.25132046482999851035956958929242288130961987284494204194249714803630065483515472640479284576020857234026559441965814809e-22
-8.82337762563094073168314223443224635765555705288282423755618306534568516717191509842374154707171728181006240602381035805e-23
-2.75968719869057738040355297724766550985104949228011480915672774563775600305996083541039060989263662419814187334718427098e-24
2.44667361149612593500949986742451684869033509569958824487179646165268252390967111157177861190665064402707800237422767441e-24
3.44914694922051599189222231855520418887081584238979929845887729482323279164498530550754457494111252310038601311304369188e-25
-3.11442748175444018030839499503833379552791233193132626032481702017821160737939852799606766213963425260810502829100796714e-26
-1.19322224226530825364440376296090765534671973128273589865679148682539852697409387828674561929138492484224157164009349230e-26
-4.04139526366301245852676838295217088103424796549858664236624894071446656670640032581228372677998019416567348186553928493e-28
2.27137162998949519813700871104287833857735803548755997713398136090828654727634540822696982003175746993388705924992857001e-28
2.83894451209772113103269695272298411420447419024110521952418356654003656685285392697158238981559494157952449672216658856e-29
-1.91934490890715363949414341444237523382371258114011182635099715617520437782194818311221254019096636637554861211229044269e-30
-6.54197420809802555056212281787450844812526022290744620380187442992797161275430283685699773825835028832171537811608434597e-31
-1.95318516415540904663242913561351172835510205998885825303241844845533719739652434146633463908344466350367156684936521160e-32
8.27287597902776024133770256460270237828923804472946320483847971117162624306529382675043680517566476857853421860369720511e-33
8.45781738809287986081542901143442114570500855451444026538995644971582244972793950401236997755455933161008208770248323628e-34
-4.60385404272392501313994458813557749089219883849906803176352197883764454350831860657034958314531931529382873572850460322e-35
-1.24182069823261734640899228773320068998382979881137883425794994967437546180670706972198902801306376828634636816853155048e-35
-2.74760405681260495039643877929264101536732281191585863945551808124394212300895661533314683423955875586642183771203350471e-37
9.80610102765226143566904049454000871118897411344125089603910972162109453725610706502438479002047173538515919139062954715e-38
7.45840131815791396607717567332322224491975217015289337518447880648007444773637069688326070720700150017200437554993155497e-39
-3.42631011604354085841335709182747315146091834351416790107815019386133880272413087053079437823292606524886261373399014382e-40
-6.40110683941685553266554290550437820868485062392821858845662601989869209684540276947403157033893491378091834726911400956e-41
-8.42174274980229952318114318707292290175740902041933983446375924757726103394892451039894278370734512383512327067134066851e-43
2.81067424622238514727190236682497549124393966669686697659516249664266276223608681511591037468769385344105990187022024938e-43
1.40150722325685303572364263273000050811261889726441338443821186098780063605386081905279859936962446546757659446547193705e-44
-5.39137128212540376527082734963292272584621870571196885825457359455910225343789628984298470445119301101205274724418013001e-46
-5.94158144146001250282446671839161759019548874738989317740846045001817347879727145138135050963401366145968979458175794725e-47
-3.05229152836243244761225980944064470448916650989105983684663971693666922518234507974249537633356726582146848103712374817e-49
1.14456593337400860479822753434375052017995643521051822157668324005184538254451853153514218374932382352679578235832976017e-49
3.03594812768023691035777809770210640378620902876637915126946536460650909145250365789538996338249769136041641547146242835e-51
-8.63922456915258933234205392515392203419375133367839695138028300056634764588784312657870495093376931494166232613709007480e-53
-4.28705076792534886986090005268753756935649685730718209133105638045481688041039219630265076449177232960780801900494928191e-54
-2.92533397396669362390107629275313968937021394713783903511751025362373506061243117321704939711950543280589975723821918834e-58
1.90680486192723651399094079530800774565664191946283585382241517390851718525362764637868267302500917142107327210874503289e-57
1.54540642936170022131417580864394060117224332626262969397356487951814638167058492762683862126217041701347596722312815135e-59
-1.69811438654497417612898384462112559986225040314697715111173205039943339453530926450712349610683342301970686966832143284e-61
-1.12970709739478037402263366350184747597132199733747875174350785958338395267275225633022543629441609159020634326326787882e-63