0.434211127546352836278555520989153157839753962513086556967712904664402521552470256125025483644066564191183821246512063085
0.438936632282808789701752491370624670814686539083764249471022743592062533154237397044024531656031907186878709047247774151
0.112244582461944422681511513357812908971604566074113586510139037828335014451998142874224377170364565263182586405952790041
0.0135749622998842129713791588611397339688251741100995583682603303881910998779955684259787224808470835647620346087257171735
0.000982663992204460349776653184669006449003218840723262173332681133553712523694153574125512385353773695697076960307263676528
4.82457491438067584599986021892350116638638102787543351498008851058189354961921097658598965823757745259555632350207814858e-5
1.73628027645904201956179395033425991948291649761911146182310430721138187130888289410811226401660844669085306902439698772e-6
4.82888288771544437558942567669843640911213800110786423406789303796934494172169768440372046401730384586533367781442106819e-8
1.07833895133018684299238239279885963959009980373219468819604348854750961638222413215728823420152823726535230304354434144e-9
1.99024284775851820991223438367408218783300908199635087557025471661699249494012192599782928131267578430087165453676578537e-11
3.10534882208419913667991418903208844936138865128391910903694607033504337340191400734655103220374734853607713112955783828e-13
4.17091506534938609188895351770544267357518224314267146532821566261606898891577641030199505746454430930136646666827867775e-15
4.89442889955790852075057282878489713303723988299028586852104562116871611072145715572311339915860929833676636459000690558e-17
5.08014113603342527088588996209665059596603834026800528660890155985376963525563745026295504286224204905666525320177718621e-19
4.71271758352877675111381798071599057047384949258976287131452606312525480645355410696316340502808568723318069956021346521e-21
3.94230206460101040105965377397647181510660785785091150003807554622834145489824839657660412544313585073332387976442752691e-23
2.99671099858244582044195587454561096235018026158566540539534816340014151143072993822421492039184302255480526779882997045e-25
2.08382415593605228131895292621049338289566093750699721402652722623867998143152732135887088794530545233772794625163117108e-27
1.33336800621835254089427578649940184511800317071547903594917525575382523645827651126260201024595938289356649321697716035e-29
7.89167234297056416965614135784443752843526372828223656690393787434900899831018578028313738319815844311612856038266037649e-32
4.34038167769089121127335736220074675122372396468247705849645702910646771235192337422282334327088585422350799344540537182e-34
2.22754471000049344369914516429968036733860514575368160792426940273995763927063978224528302394432329721160386150580344130e-36
1.07074156516879759048815577933470348810086054735197690712176427431091126641867881145331626588669680290977273892784167298e-38
4.83690866708440928855997716618449933428049817260505017895604448683525798773665365985206184334455030945163276221164647883e-41
2.05971479512915434856755677006745574742570547929450547983531529917326337563462678779318245085394497026688024175001552974e-43
8.29117492922361056763404068106721589554806148808072603984541192304043833741512740177598990377163768236285326453755845937e-46
3.16304856746240156527152299179420084158657754375672196318663122100657306778826330422131039474280308863542998217210122730e-48
1.14629600890645399027206373614327402270142101649508837127443834893866971079749309282694325202186488156621787699406189715e-50
3.95483944781919076570056560374505369407544686285654721083194200433829819578522223369532113345666862405814633170136673223e-53
1.30157929810952483015419546811614894186340310443726734706159586061727554016323597582994253963575219007430628626820528764e-55
4.09380150732712999802830598394205547419464803962167750719622130494444708229941299068798244458361946750006006356477266376e-58
1.23266397480413228482699765515525860698215011515934856004809781680352049612589842214614004567941427962225782364093915415e-60
3.55893656257434023649257604132514891574560651447312397497046300530570060759190665727727605646541395137121536948531618292e-63
9.86739942241067418965082348014142922393147973764157365050094802838877342146919549668703958211979021025846977356250016107e-66
2.63086897502721550059055741228815956859978398820884518145394803419186736771494646949922943370944016711669871056468577902e-68
6.75427292060582425680373241254359711952415221086338493657514689766928258563266996267404947510204678759560337314712246819e-71
1.67176333073908504031697901344046942824656686851789066340625358779031219946603354262397905493954986118455822135897432513e-73
3.99383249881967031232026453779941522837400312017528627744635374360479896137305751482458833034331742913187882202338835155e-76
9.21927218534413221309720904608449218904086734929035344252880706140504677955646328607222573116140775355634927580225559060e-79
2.05845445899260713133804931397006381602567215754119362106658319434709378937134111302983575519241319484104559377831306313e-81
4.44984814734635734406144473214176227968742516516438258663062824995781613180088076804141694901289649362866813673112344378e-84
9.32195889959745796129358475901581872133827992989821528972753374495634819953362837974015646340145059076492294033662596293e-87
1.89410931613793083321442625757058469477703206411524548662673239198357341620998110937354776751397437707440539563033748583e-89
3.73591647673870141529028989279190394001410245067146761067636194516013611374706145519468987770908453230862651808147095687e-92
7.15853171900439211198893962082637401948245131722621725039748716185279825331307546910452039820574360570583480542595085552e-95
1.33354950847128920422859916998348907309758738552029968083412415415978528445112470033340047337599892577606827946550766066e-97
2.41691242372736900925918128826924891676935830052855683390009631369827630463120268416751509796524049753404573573908784492e-100
4.26454775430750708658054492399508110648389965469075179349569589885642124599862875086473918700446497385274158525281811888e-103
7.33036440304627610809865734622629042387150975246672379916022416351428174499073109556946281523014669620254122825275453646e-106
1.22824856593712847175980348950504048082017917674005109947699531148408858753738011536824295423520635362063188970656245627e-108
2.00729354128077358493396533740995428736961427434849178153443253812242100765885259342622892146581013572386108890287950241e-111
3.20143119992187192234969585539164681296744442532156856828690218387458290033087720065992386687256497716853738942043525592e-114
4.98563515509358367005504122211072779602818189234653440479895673833116558914344028584462105142091631003765326574016618001e-117
7.58515529447819165157258161090268264963329087064540881618803467949238756171264821485270485769896641659357167904911967976e-120
1.12795450960139275917274856562397515515625887420125766279854173736309789843818755141914481459977335669668042020134205465e-122
1.64024474498139503185272736377647762927861433244585493124183136204646877492634774899812386299980356144584629183142638916e-125
2.33353539298750367641956762476943318757036762684218353029385337829017777825602752646072331151556029688199279225461480971e-128
3.24937495978704627873036167388166976045581516800411704810133036498390521848443595638587272130990409379820057176493061589e-131
4.43045931361161743571083230485092865267869243861038571393382402028687314896069590812837473476507750564620351929600411955e-134
5.91749768584775962693835060244386113285171019168907893682702362838657922212374069604894722768116563379847583751779487068e-137
7.74530122335227516861257873925372468134138510457120119943954858362824417901438924993027301285464632983116117430690727270e-140
9.93833677034744972371383392209881961164882874657852692215776801171611486496410674907929753416238810962341227546411651071e-143
1.25061252016348602951009433958681898240550995866654177849724029050099133603315338081466543882093166598908670946189276251e-145
1.54389749225809841409962735321247304131296133273178866271659654516814436395181255282331185416720749411296105356950594268e-148
1.87046027953291106274447111107484839917315871158282036881625582666576754925385955456107610202055031891241343877553036861e-151
2.22461868737895210625429444685297567756854149069001210716018027457444561487618156966518815213376134165554355119273310010e-154
2.59823072214529840686053120057439163731273170877076999708872467848780245876772156430200888076837483796253638197183235309e-157
2.98090646934294868519043202213340437148786709798211086939839348432686576967803090008446056988689146076593016446152604058e-160
3.36044387952667708603120088045396889808794004576978406981585512036741416195475970355696597101042962581629057551664336414e-163
3.72346830195431523853328829841081517459424850470880544701720848613200890109040973253337733103055284332211685410460601292e-166
4.05622962497405617221618289943085695962213413160566744607757347631578430235017374513032292011967539109613257966798683332e-169
4.34548910498678038709935712638984537011932867000289009092935143213868109857889939359871615229378310645508448396481799022e-172
4.57941384435427164556833601547735569157319515590622717811928105732645741033976888044717760063745371066312955796439769111e-175
4.74839277047185753906151402536059264989543512484558446970148539561086342012478141235550550124996686768563808571095719165e-178
4.84569469851785401381943256574908045227823591034853258752906995356218067731758343204578994082079541604011597023970698793e-181
4.86790576673434158187931854737592339457276352800170742238364904728295882568213328683482480905904084623975642697821013462e-184
4.81510782359328595766278289633259479787132741050827916109661829192817853977350293400060248614195036337018338197223744687e-187
4.69078773256469076285651582770445340403214010342305022641245117567936271954952117494242381219904493876539622799869615474e-190
4.50149607172578633492833821411024108251917546543507017263045126823446546222342295118590795769598547471188015581632846391e-193
4.25629855713967954673158812514278235205602850413997954149235771113584338995797049847546731530314436925669755446995726561e-196
3.96608170407882869821491931132604786290495806481068185689346769703464484452174404194091690044204593957365662409996300236e-199
3.64278394289717277864602016044511791454995414582828992658225934772001283870638263216134745835183102037524930625277107543e-202
3.29862417475219098097700110306145038883215426587668031759407688180712884719403101801315249738258308981702969505377991717e-205
2.94539242565290859242522922973179357534811285190780705778155225674545247324355331149586672602047328079873103551997130472e-208
2.59385368852205512493728171151818304980779338129218272431712729842450638358150231914917896893121191578852851013450101350e-211
2.25329869238226380295008844787449616547661221847378506595698569675028170911738818588774137712507504661010750883384728786e-214
1.93125682570588074231865059489789898340329422188392650525635654472799538058431956874101818661896634869853575466858146462e-217
1.63336914291422177112946634497910848162196341443137958994993796797978023443521845924431754065947473312306065826579532167e-220
1.36340512898406934786648638310638885283560149517644689478321737989770469583134764879880858646701018989445960014289051745e-223
1.12339680731651560979703579870229750146808718764958373575176945405899171765678189804018186211161256927689159677574781572e-226
9.13858235012248757049660057147993890428204258255594212980617767342646945236343683487613678937752098538276864739738146256e-230
7.34057176409537304337403771568590469512175124054985692268016704071016915847821820516044615699929998673509405372277067763e-233
5.82308041140473628070933557030071721196928974870377267861217432844578624907368825563069574897674014298269903048372845102e-236
4.56260002058379379099693804446889969093715565832374471721552275228639911422251964166500287557269309759635416235489513474e-239
3.53160477136310897868861763774384985779259107454559387679658041262060978710097209232390114991728262517035943208400818521e-242
2.70080857073605933223259227062463936093760770164847040912483687167177055289258350601590866838975910820199671621883605035e-245
2.04097670614858599923679057027587827586758106077062056611673515484748692574228973675840176902472497238991264420313826684e-248
1.52427736737294751899728222561384135837870723844069845664484361402598060383819991828003867384952068734033486160216721718e-251
1.12519948400599996222220383571410023006557737149638543157751030405719073802057103743172718861082497206603029836898650108e-254
8.21090849021161847444729658146640515757674146057248834426764145671066278682107213714319677664384766791281881869234677194e-258
5.92385516984695829624615468501953036957820897513998103080859562941380932786698539113552494774347403782875198976929369386e-261
4.22594037022182444381117184120939471678103139612809357708309278616978702075236092261842822548665351954958035623223884086e-264
2.98126814309609893533100545529299317508935035761003769994245588660335020229048765951461865420880939447979253791034249653e-267
2.08012469979028426527744773904915674759623556996173731655246075699061911650376306337669528932168974851366210442107208815e-270
1.43561898730298108883514919828488747061956453828173578797598108749113821091832936965752119686912531203272622011550870982e-273
9.80167490763357230491933505525017608121593116456589029427715979188562349189538005082379619105319766246840429309414270091e-277
6.62096730496834526835661190829199052990914790564639930169467333602124303126481259964896277340359327751815486868372871931e-280
4.42537854673569007853329133469607742316555121691021145666999542118446388012043143875587820017026441936389999407557049724e-283
2.92707648965176576998277242538364304712685804916058218114413775442723091340612233772651543630856750752338266341861306411e-286
1.91610047935292244074950311096404920723810574595626394642071203203198955360934666164677289664692777476689847364187647265e-289
1.24150378882214326129197644246376918566657357700309344877592598609572434970725527348829875956046694491152377367701078724e-292
7.96283110322633499018754901487744302094739755030185034283996715480740452278482292151262517190638767937159300435572967829e-296
5.05614962208384330759301667951308698753303387994911183423267513370320037884437451619089745153184732271249270138955929595e-299
3.17868677309834523741854927322562296537434593107223067727545607909378901805042300234219312665121384826575944787741922018e-302
1.97875761969005110092960948789935317625713398659975291520544833829668386220398945852577098638397526520744604092164710861e-305
1.21981894969287418021382671192626295946920799231302737105075030968287980222661578936427532470651741861942877099887722752e-308
7.44725396118848800544415178156195169839248505026907568696400780329651413670489620486715014381426002468166044839243090583e-312
4.50333576906303978566412780193377878571537873017842032678971127950251158453250718444146726796907770586705941782973143313e-315
2.69741964552414794985906181388824577033035055269965908249244631246315826184896233066159099999153896604735197341959172415e-318
1.60057736411787274408215234876578042438265549645511318625741439205406973048203226978833622458347639069215502108815092534e-321
9.40927274078270925666976823224953058653060167468379619491254925623453192547643037423807418141148002032990519999172538434e-325
5.48053906712554572223982472305424849213240563382924366508836363479087746952572364192555991564008163152387661070649749900e-328
3.16310995050801820880174446643587008115674731516423781161805448841698395906918624828417343916072003196437029134888670207e-331
1.80910767407196555149247741555102143238772701788849770480312173761739279738268786766524045947336372503042518573277986684e-334
1.02543556230086258578688361514674900983514399396316696076884248048720504576737049454202615745986565829912610776685602883e-337
5.76076663151594119908400811707160339907350853692333372131196053745829584699611225912677496373380494032690572780172415702e-341
3.20784720327177643041921048686626874913412637621732571586584318355329382899322924188286011603645808661265453548007256108e-344
1.77068584993323471883359540901445394768674481602794954096164528084345001474229889392620358588762058179521067638296643664e-347
9.68938529542715823206299068548279450118386015467901448809720501150076991861804136474441336887002336758639961972521325299e-351
5.25665743448347697462378324878942706362459198657968323519442789160419416010103227202904967534230713619375410193374479551e-354
2.82756902329315173611581561760962433526309200477806697932914736697656347689978086334391228704665749663534517240723873321e-357
1.50812617855834806921496238619102113258758696765229461989899543310700252100255924128379034528748707051009097294143655698e-360
7.97651892001961229712645354391680882111379404430722837377192888570759147268016527355498456267150716785203777764804494582e-364
4.18379332342130757626708829874944119974095055603249890052273080058836261614104461340292120495251069056191875410235545217e-367
2.17639396955037440511209921466590760582915562344238270625374152590156019554208038624652099495347383937507483786497041842e-370
1.12290799483823999304727341461959693124817671883450953982627700869792396740113178018110607791081406543680126577659559732e-373
5.74670160854807980019006969244372764271401095203983727928689715233581793669198973672065514298988375683081838110384828828e-377
2.91735267960566496023480968491966378967261257414510444716517472381932836541757557102244749099827486283029917747104919829e-380
1.46920568337163362571123260383717738835191905974709071838975189400412901011932468903890370680799917402117967906674467953e-383
7.34051928713824730502811020555891092996990130843147433251634001963708996912057447214575739449048649833713772067208799172e-387
3.63871644060587876846578373968632732237029423217307985172724167747134686688874831579025838681883680158229429853906157665e-390
1.78967102203777056342286034209383119999442067726040476915612811943464832124391164824785376539723152737999750874873769844e-393
8.73429159080103568617477094080922154636041423483019866802496941629841588403874374454509587982809201418126032951089833564e-397
4.22996904843263879906590651080709309454785967980976590644764838946971986893274190521488827333314758243413100263908809895e-400
2.03295081327889734541568911060864045480087397044977673609707940602002448173565876666096401923589650987353151597426058376e-403
9.69664545039178585217198633579377495746965744987703585077495230921980218572293746762703788418669621455725174583409132943e-407
4.59034732384658446056086870962930970383672852675911333743925924903720339854151860190351236854884341246740702746301532177e-410
2.15686533724086091220189671627533603722928555830603366862627842017103913761489486687340526809806975174541389254775983916e-413
1.00595299337138934016503481210519715156077921856244618299927278807537694291570328552936577705948444348173483292501680369e-416
4.65728586352980204707977990105282471184740644853062476483167189242722998849296177360043698799853734503981798296633661915e-420
2.14048260571369471006052071061722792754471599747699196109153977573793958661786908891912466903005702041360801524149840250e-423
9.76645222672305919221013263704220341097282649633924333251555794658641099711205472552867401362872654104500924678722301890e-427
4.42415851136620421552514932837605386594585033560760571250055988835378511585390332412210717013690821178676011079932244081e-430
1.98982708696556319719890185041990493363511119756267967915269572681391788861010133636597346010510389819730384051625570715e-433
8.88612857283364714524833461049516202455038253529895207765441144175849951426668712855968675816130640083074191563399725064e-437
3.94043279653961785853870972025583518571363021514467060766293129066312676786077605983803459622859596188962022478026492108e-440
1.73512403445050118247595670861049750381140228395727823722141423872408619531793068007682332099820247919036147045278992762e-443
7.58740552406348040422103918643237068929108280106374079699683096880102008532043290357736271943541189456702089804021439439e-447
3.29498057019044753806926997554104882794673709620168970185659206912699752466970038575618534197228653001750206173950324379e-450
1.42111608230471178263517578341383685238379378376425929702779428862887839342855765455267396719383597229021171939836755650e-453
6.08756285319429607966672843320084234761368481669579991396030127334298329590594369769188865816902443951237755031641717225e-457
2.59008715229697968823436620371064239045988846454103713442422216632832277493600904155602628261960012227057972858408152404e-460
1.09461617046259260890836068640395614294932343152115208614076976373785252135306070405477421239013278671688792740235026747e-463
4.59520822910897071516632782439177657427935564623275469910918876551636379418396824952409904099232921585385845410612462142e-467
1.91629968577448608701649174103843050377374248627621053823106156555066686665527249574155468352811637916837632869011650471e-470
7.93880899015284268353481362636200400183098119935280614784689002723295618607358686285993221137590234110304659169799235184e-474
3.26737908254706743556946558706943069966346604413152823438411351407818990491624831352567867685658193287688162469449062810e-477
1.33602400660980993939786330748304345574400516993736179986561335909297257256484556515882553605677621710460613312779771264e-480
5.42772270808904573832118432231027390491153061010834750451550805332590170255847627660489105132929763519061982770400143084e-484
2.19092522159406557812686217221379845296509719486587144536765681944567198312800950164379369327451800210842072200012560674e-487
8.78742448531203848357174003892440133364526810766558804745820745062766000097592462734146557097585064479437107664735487977e-491
3.50216999022196071438277420995095502874193915285383228724737358260323278866322520009858284361649836126167584445674412711e-494
1.38698449375691278174493616777481624136702816953888208426010118886856268716146361905904075479858924052457686428593564573e-497
5.45860598449074229681986650042195464331102870299941095791059481200655671955747083891499882187520361444535296681036543690e-501
2.13493387993685528072828820513000695644076825292520546553099299344417943856192670087457319026462333067704007953002112746e-504
8.29843567799192617242043155418018218189621353056487164757846179686853849102632492974244652901249475517709844395103763326e-508
3.20577867184967941668662631454904477224797727330426338105872629315966126823392586791468971973731266849759675911317193118e-511
1.23087094971988329775725714077362977822712510116605018805784532338251213576486866139010954953306726494728948476393690270e-514
4.69730956609907715598170447770877662385405258787347790638591062704882175551617059272840570542635985135716076098275647528e-518
1.78180148932838043122103175421691041416956541210597763148377844512382520102568724665605144373215540953384108165542661801e-521
6.71828683888450120875938843607282573323326257325820268885236972326917152048102292885814819336194483421599837162026465039e-525
2.51803804690890382488285808288525557015998238569368582873609394516800964969793588657419006494388812667847062103639541157e-528
9.38179214015234193680697068209154766363630353732597206197713699529711926760787625005337042221867425364211502128273281976e-532
3.47491490354356546331059689332763451197576158727027156320091027364820318096088615597895651653897429584129397163062246843e-535
1.27953535605924007042694434077101100784804909099490491303268224312239698462570789443941531391600826602077206398947493314e-538
4.68408630998674508852972203810720367767428459549907582902297729509419429660701864816918219550646648538021788125532805896e-542
1.70481214726278605986568277975352775934912715606111964656770436263929676725739240667879548765384225264008632821699848377e-545
6.16909724226863778358569894810901432535866299165016222855438107240652913789947354161705781696579842839540343754420866110e-549
2.2195982790176824897805365598903294002515244394746060830789814022329577061619510920912952132739606620420814096720756083e-552
7.940519160744709383067186080792527367872721694626978374637591642616778058183629192250737488646014067567720318023716e-556
2.82461389857607311888157828615068967841524843348428750733995729105873382590035590901005737843882077424533924256e-559
9.9912246950741524429385558469171917359620575334983931828117233428425994851813179416577783534438689914076036e-563
3.5143208959894406802322255247535002670014821602426662747011143696508201142637965695379673405179069130229e-566
1.229251148467699464178974828986380183291518054100446127407087051390542886548832237872676998536201964e-569
4.27592094887908732148855368113672035881649157789895550716067830219540906136609656367171348042688e-573
1.47918237309558979672742424671564833628289898386885448157605355920527591492874271928174002171e-576
5.088969169482070711288502991536088998111371105136286550461761735737407200102023623406243e-580
1.741272935693014461695216198172697762459745069761755565636368920393282266450256822341e-583
5.92578058929756061581564503411135382894659175514833163531724748237161422879726600e-587
2.00575826135470139302189932940819790188840020633551502452884713071416737166798e-590
6.752714724108285733390465881497032375714236026056746193356785109922863348e-594