0.485876810023773273023187842815737170215232066862445325046768944357573451666946973170900171995904507219272541618887326219
0.0110067718187334703903343507575060035895509170702087495994555851257146774264412508136346773034415842495467156753557000655
0.000232479429839135353352820147545363222976221972484071454958518524552023206122094158021852672615925128903340450129487618149
4.62782055957071313060852525291902559440745384421309943152005393222692073175673178421148374052344591153892070461205581050e-6
8.74878621608204128366219746446044444564751305390495041917588631059856058770949055137291564084077239890768263150385467089e-8
1.57971687531768285866763648891481825121472564496907208760822618361966047468206207747260803881696880768984179657532105761e-9
2.73657110422632063704571755544059578153730441175162634173388200807026259803380206205363464985264559951482349926947743149e-11
4.56444801082911666984141684154143105195628158648317704476456553682079298370601692528538646860198956875074435448125473909e-13
7.35204838781675875736823634140711923834583420649348630546151019115949926930171251697742800868802868621951633748872644835e-15
1.14642765151011778024028237170445430401105595904574642223615889934664120789663242208301754059416108164639181503818513873e-16
1.73430312875204290061041910235474964530565818601761683057677147225808159275596394379765008969418594295129681420292218959e-18
2.55000446823768942277507207530156287899137507779553522054031373985231756486089103389620762786230594779507122809652876762e-20
3.64999352937316789405153547611709337549319267501982615265146299320147893372185688809994963240141117415652391634060897421e-22
5.09324481095492259951960489853023318880354136943039304442111550389732948507452174088408044703612794766600003319353366869e-24
6.93740196253017718279217748494454342582123287767856137991173319286636341232527619307718177745868877956146819258508023142e-26
9.23402289425413395934222948258945297560871131673623498256812741813262219030016274431698335521462381062103105909369276352e-28
1.20232193996110076878741145213282181518341101465027891187106994078641719029687555895543355759501697362449133189804207821e-29
1.53281327652626206060509232483818438636042047085742442043625817637994329859888949882363909638174179701423332581086485488e-31
1.91497852414167416411005504949190308941771736665136105832938089713468263477595310643588702625025854672471245763913552448e-33
2.34628887100793786566841962924104152505117864256842093804620801367814097183510160655000566071708708052739942149601132412e-35
2.82131635172439158477597022246707641553392408454435701592547513429118778383698718212598911330992328345822310042912367165e-37
3.33166190048687259109087449817241270010053650061043077418461237276411034319956346000501684917770415864697083106505387892e-39
3.86610804680452549326346017187674552696857002336558274893442727764241527927502087279320224221436939731114830848850621145e-41
4.41100330036316243898098617486822965360463392002899992256299382063332284201983395368712169740652821643479089785689099482e-43
4.95086167408254865595443819705272972633148305643127427742246313515581845936193704696453446851457829892997625985519080020e-45
5.46913799553663895074315514072234686469647294578427039509793786253890993060575694618045682008452063928063453754771165157e-47
5.94912057271482001589766073962883622383825695910161588017121594073589939302004205954219714457088537524200280764514434776e-49
6.37486983258311360417388908232161149719033543785703771903132164630997384918973125326629505877842718331864908875092123546e-51
6.73212631622960726049995630838116743675051799647805304328811146027104275212792180233053365080073595160108736698376191480e-53
7.00911441549988128914469524846536336997302611420169552108293837400123770764283539247109250844990018060907841518467504057e-55
7.19717890731997591854101373261170550056670382284217173148651782892605619799705295376815173105983608539739708593460109461e-57
7.29120816140521073780219104594326291001111019265748231299189908575687961188322258552955424072952702469097186056522248703e-59
7.28981865317041418106848854815990776494785460572054325464816544473674223716810317467301414960017368335216313925381394052e-61
7.19529755314047757645099075510440638741728612692414974316444862023173071978400225238658639669003748332040974912810309382e-63
7.01332115962715224184644514633938562460754572868611113984049198285408946447580841606331490099054123923538041186444949119e-65
6.75248462001244749627248357423952830418924123806670881439442486040816628405587058989422511481954488889780371037130511224e-67
6.42369117361525692588282837712451305642714434029495054741679828708528764504567247645565039958196127082456521951372958278e-69
6.03945620428170760249580470430302746220167570232857018079612931892592876383242171407272887815992039274726349432045735955e-71
5.61318262212468660619093815612144295304355309371778527891619455984765504219006503968674648874004592537374470745601609904e-73
5.15846007486380058364991374023535840352372659033184370794179247085601330882389636599589177590617046662548685443596627695e-75
4.68843229786296135405469855589222301254108374638142533667203450734181797256819728777988221945006802835026329570983088501e-77
4.21526592812538382559095823432598890567662161899711204494079138252980998055645816873378637067026642238622165076414594653e-79
3.74974180407238902496300991363613302260486674668122454490228765673614902355216959650818572637468927924407935647540074873e-81
3.30097752964516934579871433634517188967653647930748459522850227087807092296324847377143848269508667249493084920418674296e-83
2.87627904247935856590496000550946980415803385916420502412949044282564509183478299513881288950372767685874733798885780941e-85
2.48110991300776152419004072517795812100194063927349312413037284963082670812424197757187510886227032556703640153622627022e-87
2.11916058089159504681973196749307852229383367530904685301520771957285907540465120979747810495126358107824541171239749643e-89
1.79249583568039246577595117065500680243067461901442690780340063801528953581882911351225094518761173701959759303521995499e-91
1.50175741390821960424933248346420387434630087725065951538619133790645335455555488291830149841428818125701695248928462485e-93
1.24639924955253402818482199654121443323928188530963532097974741692861767861554454203763181151145884408091628132814743303e-95
1.02493518750182676647585404547832956867684218815191677581720495496943375227692449983557803411696013551149506170108466448e-97
8.35182312030443052588446396973209891732482259936462509968933042154535461368395304895741554429910564201898399666594588758e-100
6.74486935173143831457571794268793857335268066008160862986405086999243700294583855987979661097974665974576832843880061654e-102
5.39924282032795848988079858449495682460895505786104541977216789572804880665105428387441238997922072038573194463603182201e-104
4.28466647308581228643653304906289777134921686093188530772539232583934681488810931034282651272327637230321700326455362109e-106
3.37118034287889033619065747841668685168672163807922025940774069682480845240298695494020981540601815861840284670732158027e-108
2.63015884482994540948673328987419763215831793021261129575138539677407355672421615981577309982390674703786730148874729275e-110
2.03502415528730014538622875552655969884229625364760603159404916500391663443430613224706200326843945251833378679150011378e-112
1.56169332065987735611384616122219288716198566617675093894333186243778868577550129330861544618271350119821566936250769595e-114
1.18880335128735867776071686323666661979078105911060760390536201314891482510749850683183555386105428026662430393748414651e-116
8.97760358409019896359541153612229363062556939927017363038261120136674139761642775694328928929010207346519896250353879924e-119
6.72656964707712741549832581318613039666285467527572291760769904948140073857545726360552348395611306569524287017536444676e-121
5.00097910502346257171304904178296608210185124675803164825623938884150883209518760157140083498757730258782962513914648807e-123
3.68968015427738686779185483269838219449493614385542962961587032488563842978860091833734526409003333477992321528942327373e-125
2.70170286917354475362185367981104719876003099199794131433958454360006835713477880515037968421086640994756166800936285029e-127
1.96355637869520189248047973764931984180874701575174861839622771746913038377266735218444769685022062079135745010264661525e-129
1.41659834747945684944436782990216705134640378857406135396014881829271773101366399656531479903641527120255932001771951940e-131
1.01458216221526874180323495577269633442605353086036350873928016748041919351823256267116312483432691278620035797243619931e-133
7.21445288721762837518586226487773137700578732331216098270485802085616275812459805828236029108937040680345809686070950223e-136
5.09369384122310221350237498541338344319951002851585394174221501126520524061958879265285987579752905182921828184395870669e-138
3.57118342815656210342270364497091119803139965818008614327831879455144808617502712564505216568110351125550162363195981901e-140
2.48643482222837807588083828523872760946515429261219127363835468029235659274469312839962515540865820286980988676439524429e-142
1.71934269860058005910808127106768757084390588733799291691313659656386226379306398915865398318359238751764888213193803721e-144
1.18087049043547238178820100213718120985530438097578268221326587618213498983888702396056938947068036480587845966251389739e-146
8.05619068513906275141652882704380567515965844340188521182730671348551278092625641878220290201958845763538614397414792672e-149
5.45980665986964247101084742446992007475919885472250057413648067335660176196867674225167437578300248077615457068545073727e-151
3.67600853136539884739817499313658634026810443191925198926425006760438238691105189000813587485719024279345737775738475546e-153
2.45899933459259740807787310921179230308574997340216937627694995383169460029532913179841802484277441728763787076484572135e-155
1.63438059983374647545256323531128101574112144793980658269789732570210821326795405436725001164882570777226466433423347165e-157
1.07941992029439150481045608812536761798151185328366841382363791035531430210578889871457834200060346665836715007073511525e-159
7.08433358752347213748687387562925696980706658387917926869549032038519648595702277203247491090202750305350952376333115433e-162
4.62069382177340929419711196492578921108070472084373359826495535624818337528634375359290328947325044327623787484045759425e-164
2.99531605561606213304314276989094439856481375649127088741102639147350135504112878329461906653080831330951408441460090609e-166
1.92988956577641695570874281030432226131834751418595722261969064134823021101156926775391738510649752524722701860243600133e-168
1.23595625309230212955184681419047799685612689295224061952648363604333766416399860687451628395865166818370024860169271095e-170
7.86829293467909875896167432095523845114902203828729763835545159212898027076030068137793157681685602791277324441514914185e-173
4.97955035267699222584755628835228977397572867457576341786837435711456315835893044123044634095752226560966773206573631653e-175
3.13297414542749121238240640621231606698256798323816490594299948649214797604131119046484609935275453902689687574195935775e-177
1.95976931271214024939440829761217817513368550812573088574435488717327998027379929735373465741452071262861959276390280640e-179
1.21887298503854236815674181794750862084258417254271923530654230960788316509426389534366335059832753262623845873970257765e-181
7.53773267367180536851176466782602507382130533900759967168972485345446642916835267004019466175880083424753127031404053546e-184
4.63526702445589760449162946735641963825581667335896618667753812370587603172978150348705017501394480005919755230462663752e-186
2.83454301710089958621090718330497678179081219791545251940963378603620510237155002726681292751745366480167853335582606125e-188
1.72380328529067724355693669348967656023531570835958941467369601566693631320565330623647298866087465839544575874800815869e-190
1.04258238535413059554897093171457591626204868176994436134834514511236900930048974195032620698290747331939560217522039519e-192
6.27151336851207977927815775536151320796963562811345474050553211720845427970643239436004622636375175104220028453946967096e-195
3.75227343778449167848240989182819091008042787470754755046446965306701373191992249751572174236173421717368550304868331406e-197
2.23304382304601523987164140151093929684481467278246429877015836134310687528942720267167104604470159369681714388499724026e-199
1.32190657587943464084031323476763891058197881405515363913790916116723536558336776187145101134518249105959045787603316629e-201
7.78439340204036971495011869826400768175747877736300652597402565866971680396994981001837248348143714354878431062329155794e-204
4.56025026831058849845075518294093037288693467494798792016413909699965042714708815272560535353546954912244139244582918663e-206
2.65773403039804178662255304682820836297228903143028664748687905372476035523487473423851961236039932593341352798134706883e-208
1.54103325142839817815724253213928918360384604209827799109708409823503124948869525022898124272474787711257328068264853908e-210
8.89013885467747701813118872979774458004892110045107021332443153842821903478802598907207514985988827724789899160139374208e-213
5.10292509130445100901637312547971859932797126040738079207850972338827785639383461430070778395727848666194927010940192118e-215
2.91448429971297490336418465443724549789790605526769696903492426259050342938409623710783886857769322180980584912211618547e-217
1.65635563058100402459821023093341996500128855177876886671974508886401144958934806971522752307465730556125724000792136975e-219
9.36724691566101483326129622859585493401401274326095774944293401286566965681656608339961751093592714648432308096989497694e-222
5.27173710385666730114929884867240617073731375995213854038897857663108069449513509912149079699852361124032420903042667393e-224
2.95253818806190282261164133296755389126724629094391381927965345004420877130760195637741300981978192240674864935510574695e-226
1.64571126180147478148571937850897250634867840556440021643523906808027742476485786578506923380651309312592988310727725093e-228
9.12944061565094151851082369079265433411481676791641969408293616740293688215543956091849734003673601717812764092193855977e-231
5.04060791632396069297172077741220067496789436744262067780668772788129156486018572981935369845851882929920120473176598207e-233
2.77003623230885965240119367153067703103995234399547797069003368468349772103844341432845423460517657388502096886346290423e-235
1.51518995057169906651213824034156609446740859922812110003815644638458986980354480695705513970637605632805804196951948152e-237
8.24978988423864365466064773629179379716090811745364205967898737421019793160440806299963852060331100100067810888832755077e-240
4.47123720588713593183880836881531589533686727270075715849395951039878263294160650518224618654216027702787291725369892819e-242
2.41232691968693209776651247802269320173686572026986988353495768229033666119479627705802769232793929964360270068952849875e-244
1.29563489443517679132821490342114612316576096333229437250619779167290135265159336718199835855217424892599351613431378650e-246
6.92757603206075812466168294728633801046359510403659421746998601567444810855751355248528054473180381602140058170525557073e-249
3.68761962205828881374046550920626743776567985583265695201194753031355958618534310140056221768964190861229508900021707830e-251
1.95429821706298603511088164676712299759298774669656771679340346235272622269099592216628837215301400094152714297797245472e-253
1.03116699619650147821732615106828285841964809178390486959883687932898448318878737752372360257469276932584726321572325325e-255
5.41718879999127519602334433555288899124125211449516702947538001585251030307978683115090530971652815806299302985116142938e-258
2.83360227591837503371620133711789694936428075602431843234969421043820219172045963779371696193580796472658858278507503373e-260
1.47583134864557715789747918398822825177806361772037602556476428039816647256423434768483836949746771693082570954157137624e-262
7.65385562158953359773795590947825919924954417791644934274145873039387102749052297583184012285934548440469451286248605369e-265
3.95259296105991106793009034526149666426212305703701608973416162544170995185891646631962219844815475529879332564971967158e-267
2.03261268459428752476683436949700105649708648699737642072771016043387325349627900438344613817778120503105607218592570135e-269
1.04090267815738369640883166628689137810770123690670300069651137502400887727804261924455053261357563103140048468201682155e-271
5.30836345213688361600951132040465748240092797756924202923384994549246411419980566012664916773977463947028852767034832871e-274
2.69598897726915763373392844336073607760275068788513561000725669500686342931472454876330548856428033338371977054975758243e-276
1.36362280414555988943796068504962990790177761954128699463337489719730195235879331901095311908012978631029150242922520396e-278
6.86911305283635955008178498960316165105948950759570582421696306830957312569252543235381903452962327478836397809060795259e-281
3.44626576557121134686414272165554350672211772440813975301424973305204397183709097652023534508226508364614373541717469507e-283
1.72206616909358164143925848755909846561148432980270785204755544390846058103290936170772012216953256197238123733542777807e-285
8.57067436994156278782585026232468075872760166627128482225608048493316892573383038749952850686527915690365163335765931007e-288
4.24869174697704445792255493890322651374960447670620017617737131249633123342154606659863037806865165341468172492916160934e-290
2.09788342427290030798317784418701474386166581071214630403203170954600816071142124534888227549861572194804729195755316114e-292
1.03182030846706567573793523515473669493884161360723164152561591425973437149242601891867183782310707085155182487691994851e-294
5.05514870416388378368115414085060284188094654333020308062144591748799099432310488843092567741139605888583827424494392233e-297
2.46706936411704238012567904695456510862156869816512686547454173442752806924527409583160604555750130876233931904508412823e-299
1.19937952182671945706749210925103261269102872188911010838187962390748977587751052629157898389651588395367405268136139609e-301
5.80857893998498735644209090577638704810931500909735954188885288935940821386746274471659799918816696074301977838036926574e-304
2.80240684171162772107022910948887496602583766950845142854817863407827204646193453458890395456130895788704077738782449421e-306
1.34694665089715401012874418922146885847264212407653432484168974357837805724406750467748455814750711390879707379668877030e-308
6.44966715129587726306210632192743022883715105402670523094126779049753578614804789075658618238756536721550430600719128777e-311
3.07681626719492160419030790024220280020898432218906106841345993061688885638054823192373656805011419093789286037938601408e-313
1.46235465805858882578551025954860749518670674360462504634078410597529829872590566668724793966019268727440960960551682524e-315
6.92468738631036161413569985343147377797319329974124969393002214053655070884914425575761081829267406067769772044772700828e-318
3.26703093378375821123246476321563448491729839720808790843870016023109993219514612347722400242245484852673788948576252324e-320
1.53575214386367085732398313589747192101210729353490781070195705541417835431957480692644626924115599790515208263039981800e-322
7.19304714314330094403786675010051859438768670690071132488715288870247768405233536114048162925757161951842346348779813446e-325
3.35689340947727017596812922841067045316944483367533878146840756617939911888990416756631069299380837259973612849188150252e-327
1.56100370550458543750889512280261967484764315296147465600030053131187612233985110132863445678714430371824020035470912909e-329
7.23303921291648370937275254632567776721453733613734123932165887861403459193087212180202705796595917508086127576570109552e-332
3.33961859881335498803636999452320749922278558542890514905220083171657896493448971783913868508361407541382980333820396129e-334
1.53652860829379668703391715261064014923796880092007467577070056773750520413814269159549018487938705053296725725388750538e-336
7.04466948493185684690039110364162684424557908190044856370373584604075379819407444481260756360687134162992119901080756759e-339
3.21858625101864332173436615125977847844666431907256931943684308765888638995604826266523274787050525185718479977180765722e-341
1.46542133723916246918539963326801905479373206703141240589064255209528568248726742474154510371844817635909901021609018438e-343
6.64906956375963088243913531688105223577257862389417115397488311249621811079871730339615043358282326487568118564205060458e-346
3.00654933517674685623402625292796387195887207582075322398835925277021816140142247003622643356182743807299754530001482239e-348
1.35485519134975376925426232429279166253162348573338775389378585943084956709008149373781750684726000600897901266927172334e-350
6.08474549316795048012311931452367555342199172107251964049565128089306237015817106440744843165579241219687570280038547401e-353
2.72348361579062538207061118428394422765651555362067289404530559636075760950728994467423711933136659249265374448436082992e-355
1.21491993960736318468254157778724527969480785150511605515669921147037208683124298233288422440267658189984755590177051438e-357
5.40155427622960797414074140002898823291581002563172962628431756584317972946747100542341444599992291862416334502649880955e-360
2.39356698021743596728350969894701756891142840276908335428241028600196372554264679979083804275641427987766298008464791679e-362
1.05714768925521484669884636522873076009277000617469451700108165309045408001103324813325128025335246174599845286113460942e-364
4.65367860194825800607748086965747090659512778958685198254660264308892704746436366852750827294665862475738683693904092682e-367
2.04190283676313908343064433257505218242350210352286457891899306045081066320086564422467715383793147352635145192812022526e-369
8.93015442848551757473456028595855257780592224191785987101579390252051498141601459909782483805375262345346332255769102266e-372
3.89291790399789842172309606576525709109538353994343555575186072485974018530380591157020614933666622527835295434023092288e-374
1.69157397176418798584747484099598229955817825647171598224846241866417276286970060423332018892398728028042114419539367353e-376
7.32678141605667022230922340754406264692232386107894971789781277201317353347503701680029557829129553894706904892547966236e-379
3.16336215802427813633803376878601492380799241748822241376259136516426459717344258206023423029851270495412937253625890919e-381
1.36146006901399828844569588742382746620775538782794504725228526972292760121561435767126228197967255626647513028152213369e-383
5.84101092610334151168767997522243486624523092469413302520046520908998184918911642191653342423915902394688234885230116196e-386
2.49807216717017935771062656544923442389229523371387709191506495250390050954286878985424020387092406636774428666824223968e-388
1.06503151739586681309637822871010548580703849927121428071152237662004220660363586369706324426680777533842280759238067193e-390
4.52654721979823120372915181267422469435154451955350364410608149834442705450021672552115797875942123567719957833244731649e-393
1.91789708070853911671744501458955613457033393559808124456239131816162327666634825499494348960525360145486295862549755735e-395
8.10109369892681646565456802613660620863294575598650408790004617798235991771591966496657014969108937306018862061073804705e-398
3.41136766843537294882339889013591139733079851887922813122599103935416660180288809159376488781416008588416234619011546055e-400
1.43214258265649919785375810752283100740919176531229848665658511094122505347623926702590307120018776590582091582891188521e-402
5.99408805419956854968182492245228845761844058911165771411025293927741496764684826825035820084428488849381807845658184013e-405
2.50118217660573555101319394645341691723790558626755192392806833793789983406976696891131298784956708288198416821935720291e-407
1.04054060496339285924222892384976026387055873486741939097572409402455351222775601977109400788505171627429250466241790127e-409
4.31588967185203644820227245927317198813703957420222661181506899438642075738753252059261374598761631965286867864312858825e-412
1.78478236580815804730707617088170013484935945485162663154907752023403774020338668472963147598186136528290995978417902470e-414
7.35884755766339054206478456821312779491900019209821469535005017686007331960497383893051520219232411659071326679373697337e-417
3.02517062574115677221894103059633554677863195931196041301154942098389918783295732046350923832119495505366022678067520588e-419
1.23997045029302545476083774424794792643878666390478947520893871901534055646567000866894161587049177356575049920504957697e-421
5.06757281387895328993897894142511801951992440068772761380861706920457605837849481000258742942916452526385702281270865887e-424
2.06500741134254507047938948604419481093841460369470952494585987008239658139929671572556947978370469223028269104670788810e-426
8.39038495443402092241420322204154340845381907870357638716446885442437479367175256492842423757245190660304136443982780919e-429
3.39927625950069138392710276653376413366128323135716930551252933655281401039558320334017868007486867162069231385097173276e-431
1.37322256755643035014186877044692778598231172299206233450529800690879958283211495251696642216496952321014197507501165400e-433
5.53160094694520297891089331092142913822188750706600837943381756757087216717806904922013330336031024840161965835906439536e-436
2.22188554709895540358745070819796241681432000918355513381365198718187565304058916074457943301333259580881420081387285118e-438