0.919718536235071871638714898457691886875888356539575425570325709615550153187677536922915448221188607503492231008620478695
0.0773014675229524808880221158764076702070998229163076662504975987466826973377368340795564322274455356497846986578662305078
0.00290936298761463371634759687483774941955371436964190016005589216987397272087705556697124716386753675742603138841921266584
6.94100251619012716295478761195046018969282246011751497196912676001840739448755651351351120291813245789633112164244486986e-5
1.20657475118011762115780894314733982374931733454869771793561500070617583888280921991205990374926809009687846006109408391e-6
1.64678172971499600948150962546881845317485583823249532460726318915092975918827079332685367152489356670998570491163406562e-8
1.84854562814638573428883696775423279442092651755037264351314973926213323106145230900290449562849648496178388521264767782e-10
1.76138912674491160192121307395740227124771120446250568276787251926980716323294633080837234799513226621039497705717129321e-12
1.45759908882048430761137270519346966630247501556296858190493665310491991173478738754104712601337516861355328094932400575e-14
1.06583222889152425459832624395665886671636571534361556221573823438939030830514574804275494054167927179678095217056826534e-16
6.98047941885041039619620328808999525413928782304864393481589975643787694541549132904612993924804767403756263163089973782e-19
4.13952841195606641988607234936616168269167910070665144691761421004083218156688168282132110060957837266422577158918398670e-21
2.24266172869804398829134873352957951280405219127192105578907242933906983854235936013411518195240433364698329672868028144e-23
1.11831546782034270460092512409197104904611596270940326804263728015843808202021590447790016333122469122717182065855994064e-25
5.16535526920507763438239976718372645378436230169544678694312027893408496556523432156425344231414383450380860496057641709e-28
2.22193067981615102206878509445684394502530915147316661812199843769089069555225564803846068036806011142399879473217746969e-30
8.94340062114579489975851570373692932670572865613605718142492668774500077690102367730342017501937004232857562181265154747e-33
3.38228577168205422350091861392999264250997074846162548639052654626979479944840016343451231215779148127713984463753622689e-35
1.20625027088934244482352843172185590685904175564301515364945411743889621207444774469993872840898345321611353289905576821e-37
4.06998939665966472493377732420607772286052697194272428142932637348849247040155932754003087986508159115081178125608657453e-40
1.30298559454238853142442619434911316892629587636641823472239464404836315771576360002942556542715720808564153205314958286e-42
3.96837486661021047794523481910735617975003354334985021901359724886836159619790183921954952292010234922865182618191200739e-45
1.15250038769517344934861997770976469034745321304739817181858629582373234181547111063682162011205279055017282898622389970e-47
3.19860250390111603911805570949011330464380784557568884040744676813865951621755564138752522402270989668643868455936195624e-50
8.50011397672264388878867662527399187359383105177103844281021589229398341837843197322376979298579494610076292400972937594e-53
2.16679615541746021982713742011936182960227438450222481666444888177462184069249309123402173827365119230654984662206841428e-55
5.30714900621698431556931682770152272493219682024507683532966309434148397084795456596834731586697898773928646974549601559e-58
1.25089318399439771820014781765541943767242238379655431314687842377678222197813827129318827405213338890909572553315337138e-60
2.84126359240555117518790899957139670596744603003944012209199138177833984122185942267032859715700198996368126949969819608e-63
6.22741630110060113148066860440490740911255159210288801028690207119397867217543911538368085815341634940651816938811168640e-66
1.31868987090812115576911824339234017078656097479964924098918288231041817223215277017307770531862331823830204386337729863e-68
2.70093231251840373272123366333449846706583096719768369770943970379709024877821779231446752342831958304332381536281875713e-71
5.35657027568885150826166903645967973447786025018665423307877576928341312966928510235020848503004592474602607591066574027e-74
1.02967165706208076431010467458174195100890254254461025969365175301305331537129545457651272068169635970679942358901655112e-76
1.92025943934035741141322494987399825111614894153375777425162096594881689055021181816360706874916701357530789464676835201e-79
3.47741498448389172992604501942998068142034714581694234249821671810867322109987893561947913668411762105878201328567570095e-82
6.12001982856334278775239913115715428099461873656383322389043486988190170617378715139248671102132612473013825895689047427e-85
1.04759367323575967906278145298603577887493523276774128518458985403500727911240986488852325824313160492575657874489702047e-87
1.74542866300166206703211556069040483029798951430017371381899353775028370209223818610607182038932364684938022377717114535e-90
2.83262384203531292959281247856934358317257398532231663297563169398902639467914055290792971347628339769155514627913610691e-93
4.48069985013171520725718072216313404894845367167797137458646312082317795490446255589695597019480628350212119816455357657e-96
6.91275098976740347145960083886711130435685665187328247956109615166225333365416470502510418176645633998876931811091708963e-99
1.04080295614190238292837739859233325150494484193615371879295695593010683831799264967085789663388575313844779102389747723e-101
1.53020818005457603963063217778713492559346504716064516900060220671464752416658133575337686623193692255591261726786262542e-104
2.19804750832431404998254038040293963874761770814391957012892033958773985217140024929672984759541384221571905006678608008e-107
3.08643714313316264753184386300349416301564449690694914953881285945189566998132929403566282595206890705398553160968309164e-110
4.23868048203364592648793560671505541478874234336251886142573168126220573227946929922542318745723894875963349587844618078e-113
5.69595259118875655483613786311064416844671462785937074281973643087112500274445145638008251654544815146045091637503782133e-116
7.49316243997260708674739105595495520207251809744038148266822424594561235999193477188880682994166923824080573527706887296e-119
9.65426745772966412521103131575374581759189511658432662167852795765394993040704426394813506530443473286022003924073769188e-122
1.21874644482450146927421183289678859832235630892373827844731773795641440364739890253148657002795536405429413500995113532e-124
1.50807987082836748935316005713223363776097062218499001552720383092691133483725150154762070044552300022244022119512733310e-127
1.82987920035552677873289246808359719151373643474416534800572239150276733627012622499150004222523811123391040411772962378e-130
2.17806685514378065650785527538755392659830343857420573395429485832548084612732423132217713582624430088983285410929002173e-133
2.54406464638397859161209789622288955013480536543653584969028692462066197943697067923666592856796785652376494017868608129e-136
2.91705654304677310280889893569009279352494561927309887654227677958334380502607402893860972448872355434595610043493368810e-139
3.28448609515360656582043977445763660416224817191887146669146426482395491638659918222464446164647370971361365177885811166e-142
3.63276058738083285699891202963921264138543730971510747598747856021769807304642280788351778638089384724393302320858547260e-145
3.94810641300668625768258283096685937312667265614511681052886070703097758422764625740423578611443465243421272321803309634e-148
4.21749827937304202735675012805730658608545619650747190495742496093880557233923582267403265090459953604756514283832134716e-151
4.42957227942900090453777528719306193902871102257440268907999394151775886757480856706720860781848459204946845494895137737e-154
4.57543176650527529140193623478345942480243964344238628258068891009837172312132694965021778323296589574150030045134740076e-157
4.64926569724037880987689815233869843129466182943569979344706486580538065353646568558966520370688687468603493165360883039e-160
4.64872011488809428216318386914935804620463584178291055952922371697573545725383306294933321780532810180141128794458819559e-163
4.57499159243001178627033622569165078619273832756813738505613465414162722247852025186253039379366366896061204220525072034e-166
4.43264259325136528391702311024855428895713035299748244338390401424961254508386116930514178395982369639798103779000765902e-169
4.22916842167196955186523713066320372699888548421143631157645743389327947203871221072387163343205984114135017723083753382e-172
3.97436979140187949693251819967566444233275433048584681687618828633216826354566582338926940060066959465137982848622084507e-175
3.67960118758226511050497644330957979738510985130539698601546737045855362694123492909547580010737947491871688535125173086e-178
3.35697173589304793911800654705573375931912916205726774766640305049360841135734970357155988069955882474686453155285333458e-181
3.01857234238929664980845966056676627165466701778211951933280456339145032510274519282839221748778234698205816610838995120e-184
2.67579188405068607877392019157999921038938517674667415187283777389489419640497529737280455722789644070265502129616560170e-187
2.33876860660169683730372669318349287789811550406237510441630311767654892098020486450883730342224379174188180344906719386e-190
2.01600346448057307597207657028389329854158715128955766802764362741154234463099702492383930312693669132381039876255641956e-193
1.71414271461673107322537601564146542404621350118389795210960527076209783997518748643137160685263405143765985799978919452e-196
1.43791999719900797946962434198032854762144104504565209534797812560637006041356765592793312662148062763184320659525003769e-199
1.19023503452288347894309232801446083401250734142828273407802589296238366103068237369620762722114036464071875044208754343e-202
9.72337766541753571864548505436234190378001307863884151464189199284691025630334550859528200125594031944087046352714795456e-206
7.84083256799811741377996470636503881275998419737810141707330846042444802745728523348956212042545667926483452417783482394e-209
6.24223460278824020688392877354739773251762215661363885163232185034811193720274285632028521599156462361245475185922526215e-212
4.90705952092127950256021024661830246539726694932461457914393482993207072869286147544653562685072351312277587025238354283e-215
3.80955798181795473004099126099666182329063588589417842500472400075295745935285480424046436660758256762936766809938948872e-218
2.92123750867571447837380515047553323886608395274140813499034971734387692034473893050252625804715480272026494044071244928e-221
2.21290886607865424813626622729742292948471385209743905223855807034203863590822140332158110265344390085055857120120451703e-224
1.65625940238027454935784987698587065312256930244751978248396592656974466090403745147528387294104715993509939534047547188e-227
1.22496483401043410395417453533983247974062441774508822295395227093256432831622157505750176779727108408996784955649844663e-230
8.95385643985578504210246101528132151819428526166978201227653232470992020946500980606875314632301177415875635781901163929e-234
6.46915064609133524368723089167292049066153835255430961239716557126796406596287507369895478237845213326517530129667693637e-237
4.62054346938263406387916624690574585427950423561845812041597611893741571231788118709365761606386364715470269294538177418e-240
3.26290344107587893667777200323162487519269333619843494671557619518631729199622499540151351041641251438174463828746150373e-243
2.27843258471680866064330332892177607908199760516984208666191090129474376336798064991918798556706150734490923988466077338e-246
1.57341449186534032979193246803231708293814175932178243637337359502946130312791494523485767633510656372750220695676600323e-249
1.07467741490570717143133894921279739275702466822409170613725739247049239013796831267735045721656166089574363243899732706e-252
7.26094204766851122115145666320284337620832441730777830541797431258969949321884000062752728392714131232148200816864672092e-256
4.85331450964495806500468891367470607052123063486616112998922479686932635359407036901986253183324325604861706838879616356e-259
3.20969808382320766873238855244909029870971239988962216279373855212682534340758652805009119057319212769894963864732283427e-262
2.10048135844336404381142731099800280318759387894461881605614644823660438348564765631299911401911957403845392264560437018e-265
1.36034789430715146497267759115936958992309208395425933241383192487585808671181783911339605962856283951736239533481838359e-268
8.71975494794584198453912941655207796395920599683366838068303188384798640660184530554241971546794231485229033919149161731e-272
5.53257589387590844435090421228578510988898469348700313947021164496625276997734918120425114944986773972693374573582595386e-275
3.47507386934150618267114237213709551351962987618665434422651204478652105197775736071252827964684434271784292683549226204e-278
2.16101668057915787342501383659883679777842225399360705169809322128531866032730220926011200953349647822164980515026994295e-281
1.33061557962443787264532356460121248532630233002095617868691379846011590278116083125848767658577540106469455608039493741e-284
8.11315254642579456638609606415132113254595244539791405324360017271666343066668474661189441331863483847172183578795979737e-288
4.89903520363492396695816712278953669597079552553773540625078579633311638178262626126918272905567009851626162339054141991e-291
2.92992087991793377086382378953954835179514830918431326584652094975918772390573521347715198830983139600846851666268320070e-294
1.73566298149159982187283771451208825362899362810019692816691051062898937053137769301521836762139758759050431348922797170e-297
1.01854001585876787961126048667583118215013513835231540969402972218393183643880387379404443144521817319318293731853316669e-300
5.92150718521482154877940423744988033649313599767207007724104918838935765552667996648473813558170426783664879496074023192e-304
3.41087236399228300494386495493418206931192562471256818945095546956887650721432507837721397860168752396876944366862500120e-307
1.94676981298524483905555605959064972721983345118684027942455971634108768273976588699812591371547933355500178371785781182e-310
1.10107240814588289850349937576945498609565378456276077072593202634602724990254018783051763466322868516783807555577635354e-313
6.17170073384643062100678410192417860365468505753770573076806878761908243776246641778822835551048592188492015784230641617e-317
3.42859721072780753973481030660250183857980291030947497424888154437403354175990546190636297646729829524528632990297248564e-320
1.88792620202162451054571952421944953428047269617129463687104964216320700766756771181842960646036224565545212304612191630e-323
1.03049100469505102570298417551917498874332976619206651042571378096017083257606825787063849843111948630176676736218547441e-326
5.57605644788847578010566679458525838189149542634391713502114521804310791671755253867048184497148958694388609015020903375e-330
2.99134450975883342344748831758427971517782056128986052345561057713533648631122212701241147547459045448901658441652527224e-333
1.59108731418695349659660975271185451068718020428804726226492673079962391914580835956116263484025149029744409546106021169e-336
8.39153388903000858645478355151058846326614867757554024253713428765373228872244604806320222255870838060361090879044782117e-340
4.38873517012503836108371803442541610877408463927825137840919214793632421143489158809801536467304955504769782977425209661e-343
2.27624228612620894727204233821503445170937634938558766858879820161295423352588239187813225255594416926727648286711846104e-346
1.17086977170253286955190644609689475979224933191836174853200239791847435176474126389192050394016224253170567971497098434e-349
5.97364088254982435675706286918809817589729493141985730171010280963740092365950515712790464110865686622529462021514429286e-353
3.02300575081374742905742608833890386806621340451068603488246174037922821157209438913041976966962561285436027149239548138e-356
1.51752778780235904510873151152305941845800264537378410810356297872706018063179811931781604601535757162070599824856248580e-359
7.55718687838250562279816271930194777472322822004340286972514861310449218557181282752633242991440292065077786223903143367e-363
3.73367981463380502773949426480484189073366110239511045043856100114341858152274485110197574192206148352297281048663190384e-366
1.83018300482890973758251501991317362368848887708318160221248672031519326546383910640407813787300502983378030116715516672e-369
8.90141834997917000254036924790904032075479846188132227942308490068317765613249332354070832821587938512618184243925555691e-373
4.29593253874867960669498092190714318817233181567336434201833063596479638861109412635666283392694822739183900669605891565e-376
2.05738292978438952351584514914339985716952684953881296790197012427878120140269565049227397702998627888981829457663596085e-379
9.77817371720394450375887008064881068684495451983853868075293752682551527208804730574530337535783597686411841821624590126e-383
4.61222423880968162702326077511611266050387667184333069228881852932816377395749718543406511948302286662191700100026179675e-386
2.15922481132153451664238706842674939628137235446046134036114994655829009852804318884233681206592019118226033946266329852e-389
1.00333152493895616439244532400098520572531891826414510047671511421261926919360155401141453991853234696544126804154362998e-392
4.62779599917466684399633174395986928760276568943713599444932721407468372516902761759742869280716148891199396318046756126e-396
2.11890144769098239688387972897778573271432968569042660967142705810103912621470403611391244293014941509764411292724689511e-399
9.63113384281889802445854392496478618888068905735617550268252394433912937947608263367636915662285486231705413753317584730e-403
4.34607439463117545876621438117214990086093483539087067440784301146547445114875679156286596558057919119528787682408501151e-406
1.94711951355644172621028273962623598158566521904421133695341916834566206981502295777105771923032082844372741891269220582e-409
8.66136003626843428740487757863238160684964153202939658205720392234237873554397395615287265695130715730827275374497532566e-413
3.82560037933668270670149595031545930692225062989505592237198958655992701674608702883145658587626705518802175026568468741e-416
1.67785654955462353223938600243564294799592621658836099537085766206207954330864363582703737336787222504314355678226279428e-419
7.30757285215242852770319664833231881209297251685945054191210939211341961371380730420323127112172461002073625582894187244e-423
3.16064462975800057486054394653920254830438243021871290710754747361577999686289055428177248455559445722135077579105491150e-426
1.35763544571037756439915803466831013686077330990394182683735335633479050060990853818555536453481670084072504573891566131e-429
5.79183479626439226422794322892108599730747570303809959158017620744117961307994184978202538535576412090176440765897199246e-433
2.45411491006801186467434651031770337369338104571786872493234168878109449735573365875007155422719279951392713326569042159e-436
1.03285489664161576901432929690323568446965866669266622883361440486735172219737040891526299457153569811868830817499738527e-439
4.31786553811001261997300246844239075617808619286028563690710400235328322616756373290532498221851194116546722871866499202e-443
1.79309676383346858611259284705302482275623367587806114134735071925439640623575447928272770872071131601058982683096884869e-446
7.39711419479896315904688497728873120247595388979232809195117161030502995130350976340355534356077583180962101867319251674e-450
3.03154363240121386743413232677732816268005983400394078780880325364790632347426801839996100294941340886456922130210314633e-453
1.23431753686123781535462798148336055288672924246906760194566443744159166780675499953372294740196071825420530259599485395e-456
4.99309675113590864570378806033029082212148852623118846423940533894987987925860600199411597450894133221162938410883133293e-460
2.00683312899835612095032987252400025088411839747698130170817910278615136485758702107158405350057067831184396328218550756e-463
8.01435728094754331708267273684159540416484841372091386819143933838317908517867521224809195475105425946662855029023190433e-467
3.18024094420737717147419635313165107566576531853707165011522769674669409990682619390280296022472134110628057065280347859e-470
1.25401503435963065391078091313424939820791311570963104960220754517919708781718656385920355868617009467349864597461982793e-473
4.91376226713455714844111696104273191384375871491595551884018063298153206748475047234791005418517697337837952267458522087e-477
1.91342431090600130745207084836712624126180581945935220427431007914797562417863533716813661573488624106244900287166689136e-480
7.40476091307932900274035586683020562207037313342782100189972364063435070776232840080104673781153068394523969744170787002e-484
2.84793484470881642857292358008910870179381231696730864989472954482649661292561357804090900239912121473863589860230300417e-487
1.08864118209116485710530058085222302237748760591045793124812865234075873314298375335957153716637252463186331513472642239e-490
4.13610366304897823867478991724852048430907667684619769693631578427034698844835848469417985565992642413245023966394625923e-494
1.56194617659043139916846195207958821103357404153010791693141128638443872900177461132450373069676479335275164263894110768e-497
5.86306301542053286753225777329620426752703627059343623571312969987514997608405237535101922061143002860113725475550412060e-501
2.18767383372578187063171997719171823913106499814238723972024702858615050970195954880309696706782769924129425634564017809e-504
8.11438432804152232138963217192004053210183916315258111365279800141997274131384479267432523318153841401773209671707153027e-508
2.99198120480482012760664093043381770859392174101695819275795479593929577280426153309966155309939414742402836951540779549e-511
1.09674976350164439912673172048959098418390181223349658490176779605725213367215665552195015342031737486518087948036395895e-514
3.99683828933153941737207399604995713586401167944462114946853598733068906205353311539518588573713148350799348555223391945e-518
1.44810718718201057226502151911345931615073285821753392877424913546721418347441310844210040060993150397214183660820820615e-521
5.21644387168714942929514486817106180887478934875148636569584485155904179220354735773313324619263129130719717675097635695e-525
1.86832529093955764352511263332339231692400534536221596605518387262197696724427798068115801274057524795994311869587671452e-528
6.65347964031552475470263652272118161434663689467762076112658907786063809418858344782465062997504557309933978802266877967e-532
2.35601286005288384112881619672713168026612003761953990607472026557289341011745725147384331819479900145340289782584695611e-535
8.29569747527461756181015507452802620689226862804868652960453417592840978437336125647926827278791067914323311386878745502e-539
2.90461358032999138418439361418756617185199920883597233875416180758010736474266641949348652884041262707818093899145859955e-542
1.01134110438492792622524319590389365922510102747790852977649486282843140307224819093060914290145531469761882359306663801e-545
3.50182363646753488097994486635404322101710232026934353647888651092436324447288059036035856929303345428542601696797454643e-549
1.20584510701261376760156849197308154713894021960691139931597870658972999622683679026716927948132832114429890501596596751e-552
4.12954885570304788459913936159492296748245095807783791814914083586602856028718698334099929062336007666620461137853503851e-556
1.40650265866951249646963089754617248773163684280828463585481644364576515490426213114523098751160619422605104548145616192e-559
4.76451028813703236864911773735246345672213882871362006821330883883858685390433247537233330428603594788180374947096005287e-563
1.60527152044071587573413355677857704090572531600026169213981070828469229118645225816444276206410500734523368508139397416e-566
5.37952429174588201086904099324169962602408801711987049795063689423166633459809241946153944790083366126683958245677549661e-570
1.79315103298590861693846912796686754539816813445212750060433352053104001374133371830296654306470811581696013331614660147e-573
5.94538313181997633793460443428063015568251774902527510598162398223492898989031732555259531676767560726666617511185184270e-577
1.96085293417816041062290962941599188328455068045003964660696479989550833545977438762992511662253207758574373766720961058e-580
6.43316204764788737338678818851436639246632384411894518790640707831869568323386809979012482731153345039896014100815563704e-584
2.09956932693880599510546005882107898965093726278934829852626655650637631842425656696475148839674325895655170710450061638e-587
6.81669792446400301191082976532485865970992826074291990287449938862223817278708983765417194489948313476171582381245058319e-591
2.20174844971007454489704751156222126498941717887520719561510042916838899733986055244014340109709086252943242593641375875e-594
7.07494011576546359871337297337351558787322653653679172837861159951388378933297330479701661971478657753938496138987394612e-598
2.26178195828482155079958775962147458714492871075361987057646410804442813699248431080358688477484573007567419130620493475e-601
7.19387625824503064700434824806397941137677705438707736839454665180652559941594938967732552537826902886809170668572095766e-605
2.27651595527623767404848603281768280417376442821347016027658155962622809052264507478510891398920887141812241374135836781e-608
7.16778672299479016989371788075786715000483298662114440300841402628167902539631819904196422422001080741431659382844241991e-612
2.24552095709059262670466680802211657599255198341894021545887554193882450488098041526308706115996273628115020733727558269e-615
6.99967255580727099530260193195151307600175135923204721416516687997641679031829148654332686943270918788196065837286332874e-619
2.17108942473759757309089628373306762333177603925694881915716291113626490766166080659849945029368323429345991646448179184e-622
6.70081721552703110316125446238086118095941765705296706458890700902876778913830319379271665014208368398696808254604065379e-626
2.05796741059902987479679098352895338201489249370909395329236898208704041487524069440225914586625474906042408828568675760e-629
6.28956143361548025409195041752450154840655209460353331184979580288725363951241928691864452720305314927402310061616046512e-633
1.91286255930017440036360880026577603998517047304311814155438671917634905584790380033098324582315233215439794936714442864e-636
5.78947237953960301055946979176165492570894861601720078744809722767788087240209164649738114336804677542056599256198508223e-640
1.74379812482394736472490097831926814016196248126117047523533158658220678674399535088028316723685540545175934407885553637e-643
5.22715661842020235964648177713326308726377964348341464463321700873981413069106187097968638592964206193154850108158967242e-647
1.55939772209598294556064289082594577826454854881360564470207323853166282310894838080575768287255608554075725799803413158e-650
4.62999208734309790808485465089521625660048557235059174933715138604927140509810369487242756079651731654280541657846520040e-654
1.36818672875917938000652920607693193939027050403085503585947214490769615330401781582816998412999116201103202697137041775e-657
4.02403711624131780928330802191000126996259829284602968454475755842260164956493071343545359247662658728449845353662799354e-661
1.17798477911825947799299450704867602654196485380796462389155920405339157644370435564134841021367080259533811695053543903e-664
3.43232184165691731930702329309055055170547797177956341417345288270766785514868962673580963270352790329716589789241602105e-668
9.95442987755318566248630513513654753818803265443271860658245347901429060726413350864058361974631467395539244853797731234e-672
2.87365212759709199390050207893697500715240591660706972470068265411175172292572483339133890739167896121875234311125773288e-675
8.25753975862053247163466871813309427942287186833925929391492080625777946883247617905472804860482505208027127998401898106e-679
2.36197345588918166748304129738572153075347698498998337989768503447812426587896934384753172510189414472432265751657230591e-682
6.72537193152117804909006629477948639948431580079517840470255868526860779943270533710589740174142672742556553443049499995e-686
1.90626629900340473959327786720108477279021569505519882390038290850871006149927977071101435728972490475562591207696422080e-689
5.37880417916232665633358337802014712395065728046447284389471009864333212622109686699252935382519207578923152805817097429e-693
1.51088583423154549228127268460401812409039793137689580601091891295200150446974955112274733818685661021503292849905311290e-696
4.22503284340408485611670859348456138348536464127984670434414684634243621831828539530970659339308423646286464678463050159e-700
1.17622321629348373668064279802297642596434694013643257209925656432569618626708984588326643516294545765896611867340256525e-703
3.26001230817298175667190188171779284668651837563058231467089937540388782695590908758280366708146281851711335353029357635e-707
8.99553726593531792615864251327071445633972756486860440165481219427068398082153043737447415064501852135425386765122845380e-711
2.47127920193239429204446996395430327005240216004900488453426454084545690039311567049248623520352327498485120293362313521e-714
6.75945610246238938344804027628513146900017100127447624803259560532001877020372992796761843598755074437938008877173505154e-718
1.84079420252361322311607173583563305782687484131432016283495563818036481071371711792881983866193634302410691579915078523e-721
4.99126372103994730844252167553890498928330646006511463680154218390969119619270761041207646773135486103889447857460286043e-725
1.34752168684391564714411838483453155871517499091038506526954259915472209201706681310372769551238848442280250134920951529e-728
3.62233890332508965574838954407079292950990128313954152417458060318467314979406374485947650312811138656147602546815106212e-732
9.69568508311754688080581795033476145273096669972307898744217200753932290979599204295322050299903099708733647087064842226e-736
2.58411591884344290861464249582286888863020805178763311445936065769521278028960229795686695728002964700900566170007018381e-739
6.85799948925996138483864394100043779972709446489387550734798899246282210546990170738345608896212910171793327628736021852e-743
1.81235263064235724212478057937741691991091746944141370881146824457173961874123151725677750733164600454308373033443867113e-746
4.76930962683891488010700132199953846601733164969629179270865277098781408624714074944520750375919212616785699762655095625e-750
1.24980884558280573760079886120200888735465071883320938477425928494302525768993159831178298647759769205867252221845884007e-753
3.26147884061397877247547378481829395376042905169385699551299390391604059974926163481236740647801870497140244910514646078e-757
8.47570832260549840095962965622627291910559738808265116180813417175390507912750521779389260377897046790659404050278834433e-761
2.19348876699823679230701801692964971886355705316254510751565534439506440139279715036676822444088514820917825014071669511e-764
5.65327676110728895803499083189381093585631292177305195836656793454687541379813810297362527886598802688372621930408678377e-768
1.45103499084273452808699082609028379851971400835981638347939353309891941726075041333826266322162578395290603840065866300e-771
3.70916073115523724593981258247703658694083886041400016287197243995706628823768834958939201312130321356515940084906080319e-775
9.44280052845746260469407222923572479767847461081719161758481771123722340710528604996834313747149669965789974997784415968e-779
2.39420083551164431112290328259590148772801086326522623490639455008318104487254516286874630972530591802673778823343308272e-782
6.04591570183108365151580083016970806664960144257373365088444799693279399881698291042533296827243032219529174768464763042e-786
1.52059106303859233243368831097341266425404731252619349960840526997727616570872307545291454043310456883013594005947511472e-789
3.80906732721670471457260503077649257867427878435901223937951082929888538968023317525311404909305966387080757581969413723e-793
9.50359039915882242864274454655278584299957353659694124519423328530583543943008476711214358990617879358250314746923386079e-797
2.36170983139213816765089365934517809438003748968804667464738514114347824578796565362899748027179746502904675331512530053e-800
5.84577367264228164462434545806552449299117132095225599237703479421665033427436154981427075370182200092875657959653565269e-804
1.44125524331294361723821492126116123758581531026986627718380614730877934742897834670956532925006111846474565610066778680e-807
3.53940292262521504602100957865836171989207845436467571932710672256994372305775782546021170152191776596005825015885108677e-811
8.65796880326040020916038785431703147196260036494599775231509439713868044887626610129631240655236776170015253210879776669e-815
2.10962657265197851607506535054833142081849217727223606424614985516964624940428651804618046877239529322200080770278308333e-818
5.12041684396242870341127835237424807192896680189178616575252144250970872974338925499761564683678086166821395805650505594e-822
1.23800317195129433120365146683147266356912861492003987624082140573443991086904951314467547004251606239281535793812255820e-825
2.98168256444353934008060491750768483943176593344714198127442023123448428740268020388860296497624563466342365438111050364e-829
7.15369980522240500147883374904447519012195107013522504099613613891404287358118640776341958982436626716172737401490574573e-833
1.70976363048899566874601293552241793447890070773585607824752553612106180592486072333271039303503234456564798426651286541e-836
4.07083824146695647322814449466114704581857287825658337167796621200307013374223782261644935597446313438726573908995894068e-840
9.65562358719968125411637518678048512170696003146180828712129631198356537696176266610376040107959284541459678755731895981e-844
2.28155936540125035334097777068487163179869863046952509548636934430590437603906749334860991899894023254598758966144278843e-847
5.37086693335637600798921337242997195352451642420210550215249645920829712122767692699561069699621278737312610558957674169e-851
1.25957590793748229709810970497840867222770298236344564745744162940384408816721373875515325186476043439970285111186724623e-854
2.94291518660042016088673504949834610169181424144999632689853283410954424234517138030781157621738598607519372796931846792e-858
6.85031692550904055413074327056095883875369873894796241716170425354160428623342071235654102944209729449979595198130532398e-862
1.58865328004775005734658253259524927511579574230609758168038151455942253820157251035262369947920313898931104889046329131e-865
3.67061727194982027277773721543464646835433942136652098416763148075614798488950583260335249648624893596872256138501078987e-869
8.44980214104781202278117732815734666615067669940277771790474101343037394853824853948547443634646332656927837379876802570e-873
1.93801584280806790329038992222387585452427673132256987585734632447052764770791968174421695824616114796519826009748840621e-876
4.42871060398462629352681360928662868905460776730087366846048319835119237549626188522262444127641647065248700810560545356e-880
1.00835227541158941304725674990809037563650914331707066369355081603260594335797423021101322788352133678803220179020111858e-883
2.28753647817866082898609751072430847171178992361759277622416768943342832667592600176150927026998453543255622881254992387e-887
5.17071094850197100647867781571767243236529722800187676123775943343169789312091464926220490780171072152889468154956345546e-891
1.16456748472687423337125186367556994132028222654467920581858453164886254713164988397854665226739439241274922739584678427e-894
2.61346607266364774442563767155328062721181972772568128850957680591681004025066237274008235853785548082230228362583049443e-898
5.84403056664931538118079368069259474896630044749683408053594736277956615526349031451400400591711533272751041288069383236e-902
1.30213812913647613570899217671075035389308238954965667524476884107784599757322280067241327685458733254160742307630432410e-905
2.89105342971439610392786893085979922678106424584597470873986854203722279241390922949792698300659190311432559424628744815e-909
6.39609852415424244009420483902720572971352417826805529467443786240996774761183986030570641812631092913823764987089568131e-913
1.41006644724055399816518635903250193458301281264390267848721978011307452643599877947663960166391777498801162804932988850e-916
3.09766766535190425502048428574452177600300074459389085311434649069090134472088593944172185888331748395676101975204796072e-920
6.78119513693081743279914361397118100180054918523971193867644251567602089863153317029749140043345694281984223268439347481e-924
1.47930990410884534296124024586074165351874886715412169205139901884404104704222249964517519518924108048859427543449804285e-927
3.21587294707462060154350343753807430384643879987275903337546337846928292986654997327066410917216469740412555543310940362e-931
6.96675676701624849821910700724984725083246497888812006407532587986748455757675044820211483944355760771790530991951433141e-935
1.50404101690950586433339555667077864604137469165494678736189748479423063314838986512152489683624161975229633095173923166e-938
3.23587070325711259603540370160066645333025373024698974451932199452493955923417937949856085887497469071026225234634630595e-942
6.93793511628890953406732879474322388408308754499764580101931937151613431536280204223783646408605399242511081651682055399e-946
1.48245668508686421412850359882149129597350524177308354560535250790623470091911604481303795264447348296373564262804255227e-949
3.15683274411692769169427819185001883173727035655476362119690134338306000279944618037750184671102423856682883858345420872e-953
6.69952411605089315781390683880628493326676726282872041252781618373930302710295639244954201004938361533522533549587745360e-957
1.41698145561783301292398443572927567864589186568876335285989039807739024159267890717326433438295816802448605237839153779e-960
2.98687591884182080705910843382907759675987143357889657303296245041692360903883171422743394394231965863187243807484217439e-964
6.27491633203224655549985173638859069473449974645003230454528246030538904997682784508866421040720792110643846082047797078e-968
1.31383657362646320288666554909732301996743234831650960560948428536081261602060556291789715828878768550383463944290950935e-971
2.74171481623351901717589293227487361068446895413102269449067066094259263710366771741774779789703781776238737770181547006e-975