-0.00902356971302855257818967436197837270706387843762234115650746453751344725177570033215588551220698052200481203098520833075
0.479565450721020034071997820074836217483544973306935617855134534315704495362382101565870036914673975234602233502964988458
0.386215871129661513572910302545245695102709308353349745691620000636193080684645577310181484822717957392967957019669904952
0.120190652772309739690809283019573464664549655390045659770179936556030920680286544186349306325144500704996900448340754295
0.0205919511624076655601591150768590834792008417907613954398204636947620600401559682944935169213398207512819097322744023694
0.00227204693056871824828300399386023722699614952791192328808177789520090366379627062655704388833348531413618604094197051060
0.000176807302311798321316268470189998565406976029167481586104547436415304140357690243609741624662170452298964379020409197937
1.03027943906328433059201348837279658799035673351386067396388871488242053123985833448785667956871299774659336881152624680e-5
4.69128976112461259044359323541644807353254880918693116958391703164674368931843359614026486908776972308714444987586502657e-7
1.72340155316680275114237576244897737847597487446328832005695929254724773493216376041776594978100909134281908808801332707e-8
5.23641998213709897003389718860445600945839998208582930678275317522989192473692775939587390920106801816129993780150049145e-10
1.34239496988060862318992872316727340706925470721432856042817894949947309659962292352360043177660772430558521379264825514e-11
2.95121765511642207835730053395751652249258930603406106151899916803612931407128455624950228145154636190061470429877045687e-13
5.64023832518631399855271285349916768091054738703668286061285448659830316662492485297664206616371557760133784725596285385e-15
9.47898946851297840580562614478440457357150473243939092086049305730603805390272813059258208308933203492897641496442853880e-17
1.41473115168367091519318894427003743669823084878187206214654015221102970442212857286897083265752983354722573400164433799e-18
1.89120925478195823964388644565401122342109893441927599641359109040042768921582394414576306233660324133310397618994546562e-20
2.28139056475857705783283914019994069054851666153170879523585467465704700915409285474839851325744019441158193956481439227e-22
2.49982956033869982198799784930449606055584296709809895163717813647956234587465006004525134583914540465282958900721881884e-24
2.50269257640068959703056506400670274390036393868927001482473401188212945495400903720483903642861690236034716993331170028e-26
2.30121008235556510917748120482930423790678879802514523665338295231127311890283228596195316388434237475554536311403638724e-28
1.95250431125277838867488089909549285924221268654976816918320028571036988046403644281334073183891424130240864056297257665e-30
1.53515681416606020152837869546318049104749348135222721255295433967930378961392985338107760215044111939030769205236562921e-32
1.12280950270916112497701238362680077711239830675666590555389335655840434173515181810857655326009916893787236424220850749e-34
7.66604421617402337908908537011905666655730815265232066677568136395730908854530426376583672242423068863037922406773301139e-37
4.90160182210579851999939616016491808678097860789426567381000043758521277923511836236023685094319523166257174648007333133e-39
2.94361897920831629600393558984090497437423639530332903765909828444111622103126327922215920243079994658941734340652629603e-41
1.66485503620871450528561313589265141170433904654893984282715013119963438302981559126993948981443038310613500173264997204e-43
8.89011125825835229460004125986144890263431563618128492745514247699930089427879845072128996087952829950235745001124737127e-46
4.49240095841794826081450763330227066031855917641063368037892582017023216040378541020977177247043746325991378126861125314e-48
2.15289684323395438643613158629202638771280181956750587885419048684750280817874746610076500223300379574735848794634390841e-50
9.80414326452735612466537090817308545310974897181811917685264468854258297534495976115460301584519440888331311102446031239e-53
4.25057695524492393612506538773397520976459163466693335754972994355446639359536166493459477748325673807381542200473857762e-55
1.75749980940669245687858159465396009947459643985614143954822419271293240254321704984266811209261537581342223135060680631e-57
6.94162800327463172785326410857286601473799522852546975472280220433308470714068919387170503168609602866921437044720705001e-60
2.62308219648595981738193764091810495459741742695923419964082766788857465066794753997132938191966985861329601313518905921e-62
9.49670653753389081809850583386523539060118776280497411798412225628493514728056603450596151828775574332367614671044039603e-65
3.29863506131094762373657908562537005756050134055092055672089040949674252408873191864791182934957837907874004812065916775e-67
1.10065643796558089937449097316372288514697218397644200326790753305131027721892658052494548277987874004976673430045746506e-69
3.53224552349324892740201062294881256774159204228689287605056540663126275196305069723339879643544862240066712345479304258e-72
1.09151211815130133846030206447362661357299087869237041369432013075179325047066072829812868942363171712889644055836381898e-74
3.25128909207028772072922525715313055490412921817660480971985371373962689684520424401394901316736460460089101630987903038e-77
9.34498237331346448094578498789936083046847438964863781725424416083075428186947225541169306613202880741181135388213000940e-80
2.59430664598226024540761058259374845219497640713086532458156332304183373985960492564143054639809468028312287022144256770e-82
6.96285294331335650818937765767884211704971865966032163746177938030924693695140435200309456993654924804083506533945491238e-85
1.80825627205452769745311630464433262760555368301974807690519641470837237848205403193176151643131684476201211047984116757e-87
4.54784059166429732075156732017896505225232835297976200785132511128492694769195804713137550987654596155502369249911960377e-90
1.10859202603767171217382068510509978672831136278746862198790781629074823601023081162821381097646385580965308629586703534e-92
2.62115387280833910968952182366679206817095530073523575829098585155854029874842712807738161809945151867604177820222780881e-95
6.01569417824244496416803970837835740719702230851698324092633577906120674253107011999038031191716473438912910210989165040e-98
1.34108352792327666363331016359696276539776923181611592423957343238312197676703911290744512449214837361814972254801294077e-100
2.90599019819602902915722656313868345344016513093453539288366915258707789619332864966569306069976914544149223757789335432e-103
6.12463052392359019039284118931717735545374470959160665960093639453241517304583968976622798037381335819593765152740989371e-106
1.25626365866635871007163784899236994557290807556573201728785606659521543019700316580844592236989723243979742531965994235e-108
2.50930682494719603764353474876474970231725367190145861540893032477467235128441182564342476481795906753111417550051197241e-111
4.88366133595379854281635598199477121322700583736701948494520600993090890841371834331006833720379071637816743588744411814e-114
9.26601998599756574043915743656984799666496421926180712133718327193035913008418474265358822339584994469464839949231974012e-117
1.71484506879666775861692018891084020896920526158910473179073265849772508371767674345155690557892147067287921832134544257e-119
3.09713378865734755257762304885890271867139083957866742145635123981084756008920576125212303722363495857888569480856255038e-122
5.46147308252968976887679620781582790478053273421265767746145563079652666876063257871193466812517782284080051063342398909e-125
9.40758214436972976911615077624325315121327649214926459445593462912191729761009378378005816967915219310275946998164850590e-128
1.58365643462096826264924272223290283699146022261730251763553078598462286241960522392974053478616410221056584275158780934e-130
2.60644198404791826487413782929217047151578438463300853790548831961903112051480825666959320550047800527028900561009168045e-133
4.19587105742088225499904084930330561339438561521265838096586419434197771639344636436885120815869415647765581068929744142e-136
6.60936545798365867139143311977142460018170215894053003172911284604768475468173304084738167151829370243525621378088438485e-139
1.01913472060719180272359417973231077403996374695598439184708881371624761061756083396484138499275994488031058144591199371e-141
1.53887236975910190299894946505246308119613015475434027669995420734676090981589931745067972192930165002248271693679018668e-144
2.27631499909938824788614444065834122630110856401600536899705666487097034153882372126352553410078676428333414895829814626e-147
3.29970648325189934278200600723893337739806220920459602661005320171076824593875057399027124807093593185914076089870646399e-150
4.68900811534280766992132207677692815406303500036382543794148983075513001830105231275095676725320184103406673291642938510e-153
6.53422720929837462534663887169418636304097450184301690333312404305796659572833163831181373435644952748341138974156233989e-156
8.93213805470466870219565049915543464346141607097560256172323177943021818786060410703049575770163231409152831543762886158e-159
1.19812096505021980886282443593266849633902833120087621829459785679492964272705675202574363176398837608213220180255902126e-161
1.57747309689633862062909049520492254278718543706105392531673967718427637512716313595365372027379270303912376410916015519e-164
2.03923558067790615248204395316774132739698294958516309614759520103311913141163458520728756892316280997549079881895369900e-167
2.58905530451916444169572849454133787962058812556687744381029093099532407137774702337140163785646105804489996435413309578e-170
3.22927101455854652974048293881061382690104364423600869328635948363139506051129253731205203456863137726558373616181233468e-173
3.95798558826848733763693281377063747784204653712510602541932541661592955521939264857874335986563373875787187796871372461e-176
4.76830990864436216271671504337241028113310771288321788411826621178295638116419168914756160235936327086179550907424035083e-179
5.64788863461701558251216836637235444563672574780294357108101448674453441912104164010204986100745433480824003211603720877e-182
6.57880404723533061971439790416857119968455307986624215613667991089442060273629389844780697931130865087412903617529597614e-185
7.53792511164553615216248925045868065397805764369724058991436600623985112266762714471815262892397727081270273896987390555e-188
8.49772715211311383764388966403843961352292671542230551552196843132583856347908531838735625691451611983949140533232701948e-191
9.42755762022831824839696863761874128416322076696852532857926527532139606416955209995046554239296542273083045679547049489e-194
1.02952716309606760836996803272789059801965960037026847271193778295806214207502479861602572283454344164160679117411539064e-196
1.10691143615455069556179556999603746024216782329918594574899992203822194158800366515997565449967696514024079411888640629e-199
1.17196928497009191545715836416518536343447548642315973811766185010334212315170864441267290335986351767517178913725412532e-202
1.22218625163470379875676558480753581201893552986620495516345136603276972216022557788202024525700615442290810669629816833e-205
1.25563567997339887311503111932771500014440559781140693029403042770528714119876685368781095181931043123681960699827763809e-208
1.27110116217453587571930575480723461712887700793250529496667462363699606588925264830385287334633292790246696720874988142e-211
1.26814770655486605918558085911518754527217118837801770395673827428077462365134459089080727692371290115572101181496410794e-214
1.24713612203076460985392660567417671280420923160914813002533680715827789927908048795027134290881594363076204728122337361e-217
1.20918086734745147144931459019238591594048044423293192881468245730122990837370215350439518663207922673222494316599197753e-220
1.15605711972171371474782888029898584742880890934712955770915042013332343284598710690278665743427574585101391804913902499e-223
1.09006740829817024019834067392228745386340076331775885720283721324248419196601904535612274921950720515565860651980402650e-226
1.01388132931319740287119690356277949379913273300570239431319049378306120814302154872168328669848930419900142524891016881e-229
9.30363337219110407815015839479002182925126563953327138048100031096012879502655610030480682948816429046378341235498088376e-233
8.42403363051381698374071692541263125967171412533042713308543907817330091148190768528966568051191518227825538133303023193e-236
7.52763249624367084821836882303246048295642902911619089310403843441194285004888679251833817467101126070039535894566224372e-239
6.63949088148152407963975463556619143561794634931033745500084786232593669654418265147694809608571615257006991493454620754e-242
5.78115967784564142824929967578399571044178685785524981290960970708665449637744538989368081801596070723343547930826109438e-245
4.97007904183789524388987810661918243989646397520346310593788578897572401352817613795849765976370589496835244674149803058e-248
4.21932240352029784825282156175117555484570705035063961037711438781579184479734103367893763031997186113754302686045785247e-251
3.53764955480410692369188759138882523435076188052154684841227711738729375655943953013530049789063384168348179102382384070e-254
2.92981285021721480080072880018900861892132422330566490127077850757262129697800054152026798024562059833157674018401337651e-257
2.39704922276129619091312707995531267634318144740975247714987034808826087604550822594778061701242445340198611723431262293e-260
1.93768791199572031533777852937612364289272585945490842280301947623990448623118749774029980741757304349517121205663278239e-263
1.54780814143023530552922542485375801830314764739841343555164950380787677263854773217876571700869866131928890364615641887e-266
1.22189054074048463382750441778967070475793740447972476923174975081524297373460391856275469115182520052026480111745999621e-269
9.53418772046865608183102518368448813302959371472126217499049118610641743713637678629498352371371896018741957866920398916e-273
7.35401595263740592451770779939399102282361177961664761259734656387558698739747156787521476406871493040587309603581496050e-276
5.60798841005781578058134425013995495393168627257810483765489980422325823497326906334720264934440404063205731877003196120e-279
4.22846256320844182446487783262354827692873611219622370523352178397930984805103040318153872615669970180548413611368368266e-282
3.15283244120714606827598839189590213748193237707562097426853964787436946012696270813813719622093154133197748080940293686e-285
2.32493875201723990855165400895093063815902831089159627597303382752641548380898787265205005567584834504603398435507974847e-288
1.69575315097469270323012487025612661681557560345375821474362480762503004429024480004491745601706340991530243278219567466e-291
1.22349328361300114359425340126938080170971187045013018096445178304157157174162397004419407099138868539270915736545002659e-294
8.73322896750381712282828862084663464400512346132433374146898333354043330165182756416775370337504605384281127220395435115e-298
6.16776754069607930391809831034439941302674518305749091532024739716146796621428986196248213425596479053245994364103203373e-301
4.31028305821436356366800973574341816596362098495405458949908098087715906341723789583496624223786462405810937362314093969e-304
2.98093262195194810662236018309532263161616955706637749719424591250338062270890750323408016101842449085777963542328199428e-307
2.04037612779236419572836881852139396387870786565763351998278263308006188932059418839784595908105603979988587578280944522e-310
1.38236384649636635986982798121423066018046394896534157144307181564142645773384161582018215244526268021194307599264386247e-313
9.27107632170566461549718919976297885854068326399565151029616349129752254691091635015856352662299638213172109259422106368e-317
6.15565767909317671955587503532053087790498619364885770828468434348512180468652915861688088240640726432214750223026333616e-320
4.04664791173389523236973666913743805403219348873326590517171094509166922204452348435452839909093145772777963867567747198e-323
2.63410129754122419642598625196959358619264651589667382102826832056143664995507654733312865980870676487176557240174236358e-326
1.69794796265307668767691956677425090620790656410742501040926500164275526743278938552339858973441293078287344886680136074e-329
1.08394993077031536741836223200629486221872331047207422096082917342082462659368961346857941128977397791377247316566772503e-332
6.85368991242263048484434106917760784148624418903347341108415401725678761401631332025398523899546981782065154396706183907e-336
4.29246609107853241793981340309376557159022397500592054390174998107966534030278603480950195989807513015861929992297615694e-339
2.66313190855085968915384221882406284505853142809701438259679188244929767733166628859270341394885905590214650305198962892e-342
1.63688230947852190100901064361482159880295673936457735227053345094538648097555770630221587224600509592637290466237612915e-345
9.96818763575618869517068159093498616783197155588221635438941444486498290639702661385681446378455649920959030520522387238e-349
6.01482993140938516853070472883491685848725612447350080817198531261166484593214105269341580521989733140933744222205186582e-352
3.59643955002694369650931685530042057523565880879120275040989587862793939265924624212445057485103503415342982258398534782e-355
2.13107022641668466358892003611013288149472528652337392956327235079632681961483213758189843726188840131387311852143746732e-358
1.25150078579740015678798621834936035621233084879438571844383537976373535887693367876751134660209855667433523569422474667e-361
7.28459016551215714885162669676611645542901616566358512937396179737918735698260814531598230049778133754596742273386829895e-365
4.20292368400040699582581224239071686471681725298674182123676728104136946683826953515309786429191499517060256053019998084e-368
2.40381767810426143098483468904271924309540448011173547244932661655167147119958407755350643934473757474779554955620158279e-371
1.36296892063573839658503563603556798327848281633744626939175494378095561856074994487563144574376328120540763399179832721e-374
7.66187532903924017791946553363449525528952949030695074154620300590872845669065863253797057192851457623176655151261918848e-378
4.27050010205602346677939126567014007331562670795084744490606403016759519255990934519773170848662124011983945350064005657e-381
2.36018633791970642015819640323836551142791890246162435754765173584862247421499887411747341413830749626760136759865314819e-384
1.29350072221249631008066850624843764954506744878880018341016867198957675959885841692432726654290499075790494889030804096e-387
7.03021132620365434500818252303792101141171251131818329349579387445696927470294883969453850226362244134783046925715567211e-391
3.78947872481783708279638714343330677706656672517699103143200324599740746092002977988137135781274768398171404606905034772e-394
2.02594479279087241400700553927025081543639084152789390009507091988751227884119903758750382819678555382120927940014421207e-397
1.07433574263477854329182392076731676907206285493031798795437070178163126102300596815594273502753943203482751129508550695e-400
5.65123768263089155898857134131422226911924970883161352991287229119794974412577184074658934265954520230757631269818522894e-404
2.94893166403060845316366079885004671696002482861280873090710692810960961669175549933487023001593447169433592345203518189e-407
1.52661492746988789580224650968531180691495061156965097204762318754358299570781838730784464046951258907110500597784251282e-410
7.84085931850285063918031722736944117126687518575904168566582951842357711572582928499267383093792157779018524594999751869e-414
3.99569669597697517245541981674127831973505351333614374504646850197914001471922001965408786916137352610328775709332869687e-417
2.02041711627729414763166168996639164879920106404794553286581258443526308430354068906380720840591829921042524844589247893e-420
1.01375698703953837410193294969818659670859912136650199013912357097229965495102384354877345285112618514060475239590812003e-423
5.04772004438065601557726686951075731198368332682637094707085404034374927406228503134477556502275505738326656539898073994e-427
2.49430284774685544518484691927025664072290466756581274678699197840598690534415952765896850692939613321863515188242625675e-430
1.22326131651930299897446095955372087423163977495710858597576239672176011740225250013962640159585438700544743432196993264e-433
5.95427282335961210064184184443056731246106738051934489194917824335286008555833091956441161495519123352792488061979147259e-437
2.87674005447680183785621335049779210484661478774442072812341676192976653391290072215300300865143142583841365487878394821e-440
1.37961394794101459863745356224114987890821602167057393764973031053691631146342455254728144782063933848524453294801603730e-443
6.56783082028613531415498074284505973725980082287424889394724366852298566357412959670099120666097203373369377755904771238e-447
3.10395790811345907271006929137397239779918229099009877305681486648413545645250629232108265004908998866166537693132765186e-450
1.45633384251781249664144835474488866831434024102305468822843186521868409985453251079633837481099162023958915219798022403e-453
6.78388993966490840144500153518815798968254176900850711105193774869662941646549831938846253111516829976529004951151740083e-457
3.13754943191752149597626208165749727448257969638580066850870637175624522776363070735447885148550549396976344786421409183e-460
1.44084483723653776294231586503464621027850155668354751512575039059121276053756380075877700886924729379350088589708329267e-463
6.57021163070299628049636249217537809942527422402853004891524426424684166251941495344242345797347903925893261988932034070e-467
2.97507141065639607584029203645104735224418658646013280297039248150533414819779277947503004513176489899975564085298793192e-470
1.33780078751045814674668945181646302916101234168663974073356519271740194978755961868902510049017243534594402813524806336e-473
5.97422239825267279086702592180344342581570172489385956164134063571786270082474466696169549689640921184021854838891812910e-477
2.64963973324815901501769466891168903884321577591118931874550814095292164892965509408249867347587749839390204816606312684e-480
1.16715126278589923287389930902291009043534308607134037637903630603514864120374444424850327361489406471268763525477954117e-483
5.10647799049491336000025540925417727378646661382049909743814851476834145462579598995948341125030808518289475650780189371e-487
2.21916032581764533704944860908319332055760964807158757985663966636432768452625269934581926577103087489207038595860974898e-490
9.57960159228286765563371432012806187959344498913245781554414793039244078478899770381323564448721231870381711187317433435e-494
4.10786532847473821532702690127348020076610807861749382199617384543023884337966939495156078370199375513623420061005198288e-497
1.74989960348990459007221908224181216570501556125000389796430559919358280926469434987972449746308032193948567934851892231e-500
7.40553155033871210844795754211979722336628755040348005046262441306022172151521268545703702157529841711609804100633813092e-504
3.11360326770767523498259806229306316066471636797350543158206290759966854190360745933868405618007012858926466915458992083e-507
1.30062410486650813638645643370694003581916193658932624107919862943707859427613716442903936899423621302638052195275173381e-510
5.39807795764642804115542424522846137304352677855366052558541205653450350562108243381802414502445348877776645456315009668e-514
2.22608873573382529396646441547718178168970183644241908910498437524272874531928286483904004116406854292756795402765191317e-517
9.12176107882471034221162882461922963941724790900888888244259838827616600635583757863288427306996024984108082147354785064e-521
3.71419371118658212330233027015261420753520527741278497824421637455346583993882879452836319139363691210485993360928632946e-524
1.50285328508662560888932555128895913602664571342557860779783553996933635880285841257873427478213076151454637472292242188e-527
6.04297983670039702382389516244776739237352214296848786596837232145744594557377477674792480264227329046971266033178493075e-531
2.41481792194690864087933348955399675419696747291251062258231067998889474906523335702064351606022149249333501342608204982e-534
9.59030224619110329284210020540611908389527615902761562948141413363468542431743470540998830469671959510671805336846211421e-538
3.78539016137513739152910084528987965525230686138390997118617023489163256723560752717551291235304825357172715308235886235e-541
1.48502944800076584207432336522507450526680480330960917517893466446168209552561165225331933015147333472373391684224928018e-544
5.79056552292847504005641923495117379654521954774207198465823877260652537025266219065271093457317059687479479424944281365e-548
2.24431418448207406010663311077569809331730311391312397122775319938423669002164683545313954169778921231161058312216801027e-551
8.64645686377729671641213006665511887248940332506621863170009198918155718263417260122387765183799753134224424411584706534e-555
3.31130723582427231715896857050786312510148985108231967080565389042069734730411775111626269824079363429203462123803668040e-558
1.26061453214604029021915034438275304959019724611315305551365689038420047466925821039561666123561006728288782881614538334e-561
4.77091048642422473618640678241853220593773544241224625337621628859075404352964020346705566644492322820089514526013308937e-565
1.79502619521211367431352006622720041061276738927475207669426796298607932293480302192564226583104749382408172343490967832e-568
6.71436822892264392967020265719642223961533044964113464907305852399565425101080967673954518602561165901718531405472683449e-572