0.00227815158608124878456811129525848819922956615579725944318983085056119923978469658759911505867635635650147119116715211917
-0.483341374772191944574682661128231258328109593105658905164722211025387481134830132027618892070839508037813966474496313806
-0.388959464862418974823085403344857697135089382520615269087429138743649524502082544170264750494575266853164225721761585735
0.475415499093802658586087541354259543293421081142185283680367787567486599212675398443627544913245204362505465095348419856
0.750413673146870202360741003439816875510037064862212166724427158163054358233480841053964169345109448475388837210128276431
0.443458801057725579705348609933627170040602020779329088656001403171287836145260575004618751701588128899301297821600898039
0.155648570309105286695903497809396852485689964347126619870258376012321535238929074268749939622997502417906580682038246250
0.0374224852638487882103013841944339474123239066557187567334965391952690384641078191575335394971758951960117478711622578942
0.00664112019595256536919760884625503426052826251084981766994854569065359063508143991347084485983770105328504242204697846292
0.000912373787130880070822222257351630808029667943067588578598833932660154869992529037681138829687808377351366814412166630310
0.000100364164335502531370583827498868165276779903941080154408854684072054238719654557324702524832378172222685464460040737517
9.06773827744437579194105974187695782761408322285672661662332185370747311495686310513287956756871200337822814228611609976e-6
6.86451670386660717361768290813219083359245933341682751760241592107060952820699512554400978944955268252086348664509631032e-7
4.42527507932621041628865413335134159795989630291083809662965253081235943123636752281625656536038195396394292730063799275e-8
2.46215987155176100355740178675687962884438844739648749318652150562551945911898900897523866039435952332437832129966649649e-9
1.19579258039803079264180405369026380730471661180049969661581080827592890654344455452320117610516275427163046605754636410e-10
5.11884064975653507449510749180852720409598450954832595968408892535201008306717729657866134447641309482895110554428890807e-12
1.94767243699223015668913623777196064070528652996329385792862569621982769640502870112737740610790102213761564116625094585e-13
6.63572223708937848676933034180620057094283052133401189009057112741321432778977591123735875953263820198695030567023267039e-15
2.03758538986090496717246873045452556912507568813658185251234400233052981784916893110765040832436036407599268362233342070e-16
5.67174224502998520986588342671853832376962225090947726603292385366193397673132673431211900929027969621177666449814879066e-18
1.43862371439218558991859772785904487802602931533969203490319189828941616915991886075295994513802334690784358746613825350e-19
3.34074496298680070796443391790953504700120596989523806170058007010140336341075390662931766273068649428475140900395693657e-21
7.13263361977993259895421129491709531118457856724803915978397558201236751715935290746110589456731749722834739184839813164e-23
1.40555426078983199405492763582392375542753788959124074959927765172661866570394307428823505564732906155978001129076371236e-24
2.56551040220944053903808358028536845913906854324087166230288626159343648874477191810793148639066425571750856805002612113e-26
4.35151208417113462374575940944786274217378599867876628586077115012412398421179139257368073115100331261110003821611120432e-28
6.87935837209413850462507337765544695106699861455356634873884779580386276473256924482074450174739468795422727348285564391e-30
1.01648260697536797349287170649747512044566089106770318049245834501864921353461710511023989461235710530975895546165433960e-31
1.40738139306555793557092679907517038607101085690332264658697927410952721573428755207934667738197693662391605353959771763e-33
1.83029404751434412486942308107084091394371828170247871531632975668348284612884557322530025262266999557873545309767035994e-35
2.24075450905192563644054750841633348320043194304324196752588223324280362295643494786420183617478708047217018693421957731e-37
2.58783061875355109194805534244579055152048294367442515120103062775360040623647627007318116136954515822277522986500564053e-39
2.82482836209126569713931142600526755519092264979256507575212267790062983541221811630087360597163898568672344239929487510e-41
2.91982880920780123161603685812736559415575233309602378850651955745030625299919705259631350547944463158400054736914865162e-43
2.86272007603324516340913274414106952957867559902357294087149924929472730852587264974364097619296401971867765015949366939e-45
2.66661504042447462879486637003594283458126890501188555763760650324682031312063626042239610383310318987742018283085569907e-47
2.36355570464155620282332372342664410741206346684687827476177350337738625943372296956385756915084480116469178413857710962e-49
1.99628786508285365171260110804056006913249726478125845255671155400873829543658241348715531523272790531089484403307212700e-51
1.60889063236501625841977912585851348465151281978046279258567141738031327446792035003432266925623697140376889682122138526e-53
1.23890849011884523925387698719439015734732930589913416556657272518185981243844655077131489407445657662188812426327379685e-55
9.12632711220751709246021232772317333808923727503278397667312434392285092212924324801289905960916454655805147374832438859e-58
6.43880402920311826677336579361746071900251902658684812865765099939781205379513338305452860604596807807081856870110437732e-60
4.35562489323852037343544313473007968400435809441862443245228072372621868018159451122969961897730740436333396942614550798e-62
2.82808654880011263408921306101808462905645764642632136339829876165380061218433576987254380705664635031074825418347653181e-64
1.76429612626003623433370637874117873446642454204741262363283779047031815443423805674162710232413039629980995377505259534e-66
1.05853829604366091777238053979910101621544970751342839412443617155303072541939400962358633816266333605511393447405257074e-68
6.11363042442516303608859921775093561577218753948517357082810739499298783111087837841053411190492090027686817953279269202e-71
3.40199090001880799744447589315448201526010775787192107653991981116597143081618893538447607728392044920988641771323872585e-73
1.82547568158585137301233029642225689591168886490575245060244494147660630733825647698445362459037539833291113103550183829e-75
9.45322962580301588440769982872301972721678558848931214065260994888748387424428916394804336271060594282630459302522636365e-78
4.72806655866531129246828244149649606624376682697591003669751447353311842491269422296471246013434962711380151582108451291e-80
2.28565482175684860068101849183206800332038865786782205557218607129387906932482249874310325300169349589045979574376812347e-82
1.06874266909318304981692069621297374476375227880449370544146727486861472697585759528831955024201094237449648999602279182e-84
4.83694174785126632289620542955764854466799639540557595038001370732843490264587075394507258439383615858944656320583461748e-87
2.12027507397828041661708390192227451039543177316456562678181698316965230057736191494770692272625550777126442177551331155e-89
9.00772122170449606859939651170688837513403178681222296640588230423589848485322452447444042733976936803134214644850030836e-92
3.71113415304221364246409538629428917864543788985264599198706367096150774749369813110507518323778475436705216764970918732e-94
1.48362921855360167017550632774424249321173857665024254302017456862714226295843907073786733543020120783700197429821563515e-96
5.75864139641687584517665448901138044594172823559867980477431603616777173088637714012609681828622777173880239270409408190e-99
2.17135545470769427782581575351543545679755626241550739720190545484490783382397623259386487260767615145070124761895322177e-101
7.95774740846661823788669951946150121591447731861267011305676547202123810831272542322301573401022409311766991286850124934e-104
2.83610318631850002282744991290872649462152089171504759889649647161365627387531556744657737000790548959369410315307015256e-106
9.83430024481147854634274311046814300448882477562764561356244826389082706863475274808629250169791356253043458156818657503e-109
3.31943605188456385504467457027828277817157005235793829469647405981908418652400202830456150886664713053092299468067371345e-111
1.09115810912760393975982657220126973520596430832280096215207798817329894515286033516789944450981269568488386366811647486e-113
3.49470333201907514288616117650700326622817524000242105586308730149434978532035262422094645993568778049525414866539721692e-116
1.09099508488189563786846956348520684227288797073823108765406757944968345013005224955022974830584829385333969033689285371e-118
3.32131358155543468189598372254826664975156277493205493665972299747683316745121735320752206896423294244511638400121289301e-121
9.86394746563505918283530052472353732614621521595368209324410967509386924741817858081341677639668248000151599058483047161e-124
2.85903345671990143793609840092981858606377611429984790558394713860637586406753685883854330231065962502233675406305030642e-126
8.09066222442357264179700255552876025828675298319808208624632827950922852454170205234830265728155479748946650163994910118e-129
2.23619198222180487057297063920709906764788524223938476824689277318294114861475164498322411412417034597302916441645021267e-131
6.03883879580599349496830052408739203034797767700198989325121400472422230200044577081090868713123426719746169775508935047e-134
1.59393931163013333846581777867781115559476179689270725684035037685293088642474137167169813659018296811312198220138118559e-136
4.11352815567945923388203313301891873484991595577017296101384490354008973829626521266159856761155030955689962680339219520e-139
1.03831166052873365847367086748455871633351721881374752065567177762807032543458616556432794808373186974080326813326162309e-141
2.56421124651142298528518766505540662286340664195685611684214778620834065937689593186189020269613430242200584522729917699e-144
6.19770807185403083079827658009096295493004734406572863864111088938758372245054608836471835362288485503279619066585111215e-147
1.46654179634704510214735515510922620286051356820915782332981481249182555755439754931415714452213354024879652241899231949e-149
3.39840417918280074816789051138526149254753703271629631263903681925282811777450736815989764561706011650579232269625633097e-152
7.71437450393420639539443612423531705969694735635655271494787104462049655337843997353089097907420324269137923312553093825e-155
1.71591628808272116469818290747016736501767499094993917404148062485409232240561677735142342437335691139986765103043418992e-157
3.74095602641600242710017367454095015559356827600900600376023770989478910694816702369649604681510811060815530965585796040e-160
7.99610791940154672179801764870918386172949131988944605372545542952782101025267812173215660380905546034369637792230282661e-163
1.67609918874866923628022599628154278562426077413785580352716672670335890976466424174980535619448462197029490186006726469e-165
3.44634286229506315611076015469838547258130091769509885886991804278608188699472541577543255962342648376140189966174565644e-168
6.95288261686733572800420764362361335487288367463926039322934991656557191828610119990061488148581737215869200793744652211e-171
1.37665873563336493337962296619706907600003638827628717175883650577934153212859075169698429113328669794295842297694149743e-173
2.67576194415166068193645382696530879880541970251143928393235123277610012326294204394374323107158811659188981138728751010e-176
5.10658756499990604470212044912844755020561518572140042105647994931437175060489691595032155937942383651457410489898902105e-179
9.57141651944222084276545223303273920264005476223388393199409921379947879376325583214196442802052970919040324792712769026e-182
1.76230662711700675539247200230306179560095216637046626989607077126590022595445844832947021429401348276005938716565974923e-184
3.18817427945514145690939714222343044345338241518820650506923416062020813924389614062395313144676009347947019080262395135e-187
5.66828021378651499847092606090561618956771750451634445227810386624978594489747954959304948145369407108154676013069107740e-190
9.90605049118659628578896712830302617013555339805003104279281186760752907812441857885297608385769631357472048909220197403e-193
1.70207627408413810749531222139344413408765604932160377382367071185054146599601275371956597961032599467746391240838275227e-195
2.87590212929806940494051442717663732084127322752011993892729915883508924249055653490183071244308183979734431554109014162e-198
4.77937669059038517499879687958067461209149479706334140016371526034915177059254058557507407685015341928757315622838370185e-201
7.81365344708631320098899789417395457183530937651768893731272326229303671876040144007439273940407559580015011254554990244e-204
1.25691133372937884037042489879034147461854690577515052148131404236721778771893804085421990012719686863293725833513477835e-206
1.98977023144729552960549888824088258231667939555364021980759257981160603565579303918947924300903728973073863078478318604e-209
3.10046993604858359406548723998593685416160449240291089390627589246848559107147287481278545864085013153335758001182079798e-212
4.75614775401712699326576916076861497401965769286123386218758302312683799523089667946305077264129679565757030940000823104e-215
7.18392380330807398782353704899974796548711474272628146553700350209136684148977277026402250473879345086342475565543673791e-218
1.06861310280047797727426210311772634917213483239076225742873896158490962516452105060478552418067655347843068024492689122e-220
1.56568370384538262515157592338826862952285695597728424515710094649405248720076570578249426683041730291261275415620553879e-223
2.25986896109477339832640170138793761294927206638403085679384720973844235619935109076112860596745766220190616336442378366e-226
3.21386562760292252513039448975301796741668222153104478760260245594478798585371737698312239541130532162687369848944318604e-229
4.50407482542035449831300105919637022530165074885615672458542177846093445504380757663798765736829858645549430500772280922e-232
6.22133781151713668633247378146194964876524367950918531538688003789445488407516926901475864925393948984131653976409162397e-235
8.47086734948593105066237185398889078163759411413629991760000115962693465377537938405798889436267095485756640932216953240e-238
1.13710940975204130869434849652618447340261888719661452833250442927451119612765624309321871853979905569164705037651413153e-240
1.50511630152727020484889086197811438431118864038909380086395286782267972798027580546943138044843361348409885289630645385e-243
1.96468660238423415144403345695639368325544532424373146074170920333453944595967801301406229069426290785989385544960980662e-246
2.52948883955904083655063723853407104007367514455102515905590524701803900447060061581191119476939896756997482903779283199e-249
3.21253776044386057992263129891698006081437007152351667042281892969197136775769024945744886354354637961356359434423636839e-252
4.02530090555371556886941620423018412085099116072017777821698034156638102230365938659371574887476051710824478504172971751e-255
4.97669114810458199027604811973995654210443436809770945409167321978291807217704538900005337592770048924954030000349622500e-258
6.07200081693270586072763498730367998091068430191615942847440676550696574582522751370213292169582491002266036139175819075e-261
7.31185062906373987390627110922613252230224482656802832541564058487270455382300684586975452236396159212096563422849369502e-264
8.69124007593541593397459867521829640069767256697256810636484026991444346581431256254694571533286681912885511912807415688e-267
1.01987927473704712940893070987580605875745702358688212982690327994408905310858957183776899612378750014290075322312078285e-269
1.18162883873850057914798273968581259826994496276224906848955116741541684339564439143735218651471788463645525483164625084e-272
1.35185620840532927459687354862293958507956450903689855521515733190398804748809918913242860229457590684207518248887644060e-275
1.52738297916651639563300658454819712631382855094449790359768411592139161669884076658848204613327797386627972912473896222e-278
1.70444694771471578863665994078759935878485241372697052100701167009310959034083829141767095130536185790041932666775569305e-281
1.87882508997224835266767525127580748299814195341065918778329628916085802641269268979971824399745851760833512672284903229e-284
2.04599677295290450771559077012655470006549164584420691527868258992464903122243803999081915353998438901643884975871509870e-287
2.20133874214038062604791966194100219378144238966135298439529747005843875097574908917570449270622498327026687900020844743e-290
2.34034012151445168948650461867228603757615979763137427813271457933742912109375054976240722044791514337501242415174607432e-293
2.45882327187111967220214585771110564995464568493190871595835302314832922445164967256377235869601388202201974405531713944e-296
2.55315517619102387985473444358952023488459447058340625512818558928516553656797305000820533586894344308766649720353860669e-299
2.62043423061229331036296396670738915645958372534768486678752711348189218994439069096387374169745546811435143431699021757e-302
2.65863893276617026376392440643434538897685243424435853037584566175695736592998586182803100009249416396985391316948738418e-305
2.66672783209474893100379471038574729945487476985041513214441071274040712621029670513092827654400688231611740482545355101e-308
2.64468395186265288994397652902879100432544752604907612780161592276679265978769056659976774002186511155443178825435574567e-311
2.59350131488566787976872870948905621839327746363785132483661715045261878280619672852553622577190971703683090270824925912e-314
2.51511575190426774582309540277092642709945363794837911726624524042821978040278857222087030319547195978864117158355286550e-317
2.41228638914736366577774149519902574864605226882299643881361419280008336684290633582310277758252915491144146113906091116e-320
2.28843769934201962277749890982433734552624150937137995355005701351374394261257437519921713673972978201890336101279506966e-323
2.14747445596549368240954269500840594894104219335616153739765270570500115693227968131892450837030577534689521307743861213e-326
1.99358317990947377849131390191480318311487267395087231688667608461791538340714992188765476082498854764894247218251514881e-329
1.83103367678825631488707224487627161263732220938467676941633554988778179962207907043102921797716617403280706868686447172e-332
1.66399313064233291053756253319252369505289567280983336156329884765658305561650290041122815024749928187607649441234146716e-335
1.49636315450150771900059112725136322453086956096494584331566536600058181720369227578130854291089839357512298541396407588e-338
1.33164748451645363705907625531388836199674464120349342124070314514139757340610121947363310169373359161671138640019247960e-341
1.17285496207153688747379326104249134711297641988560197308018704016771240014578874318963804156833974308275056801303742158e-344
1.02243939321356748592256519875140795585383687049479680115676109854455434031962791479862628245089443053967218512792934334e-347
8.82275084125833287865842626960942046582262083629162848612443370386888349265253707653109065244365072107771569558155356273e-351
7.53664538811992099184572196812853890664619366680039198681195804933142071051749880208711214585805691618526929571945934441e-354
6.37373106426095084319887312191933409058440244989209328506104520363262980041239300188989629531664833332518371539477850181e-357
5.33684335970674328860764186584208814125114312117131181093339933481631269897707344105727753164468515966505142573404242710e-360
4.42469416924464332118165615418372476621699780227994466492293324717702800666545079013924156023729160126852589233068490604e-363
3.63264277965270041640877086396198431138880704655432486557293341670158631873061192869246482501376329548984305170160517123e-366
2.95348563789929711006890703696754174258842250505710397219557212611660545232446916257338439467040440359283972775881165472e-369
2.37821672633316748212025811391411054104500429500127477398314933469196948297817228186819179633193606919922577540683125266e-372
1.89672172424484248975914670890527667293067068019476813601206769332078661542814475056390105659881509443216711225299545826e-375
1.49838092018453572826951097397067196997438330049122512720037493061229774671656311359493373477391047906416025639353185010e-378
1.17256699031465362747324247555515976119075541743140107709357907938926947858512534044843596231288788429034530731492919094e-381
9.09033496745725704881109686071115958738649638492836956723858238541055939073685733922705176206828341584334660807843679948e-385
6.98197809433914679824699593960012871900874112004085250278299009043672862327440112674992439364375079961136364176443786183e-388
5.31327918324247662582407338322609175453044867928742959360522066889396332708700104248391503935029198166883328941923908773e-391
4.00646314193539949689529438631118103462530425220415827575567968581716568268182314584847725383593427903680633255412786938e-394
2.99365984896097133948102531398586648897890670668564280730663649147149057272861936454722018161529316014301931935608742643e-397
2.21673915645863443762769219842975742661614628358371872540989451378443165882691463183631933356244079510699384093407587058e-400
1.62676665703468652710816596177085270377483404965103398325168136507758161293353589490595655864561672586304294292310330310e-403
1.18320990043014888644082608351576462234512481691625356419500500967419727387960068553317709790311863085558257303533420779e-406
8.53004208585689951181796565901431107645747073133302426780032925338993696267705719951183459979477958797437093807995028276e-410
6.09565022711827354601590789559017848643338304214169851381628992660666948388093582260925017977642304122407667057512622781e-413
4.31811985112134335554615850936099878720021619556541529574208257582298476601250441231466491742800098970812840105922714290e-416
3.03250206108954693067241543504232642344883257321062978762820758618289369303073083742207677419276493403890769352145237895e-419
2.11137279922443620319052680087547492752348175798631029958022512149678490581474838866057220410816740574802912562482655843e-422
1.45750975828094934650540338118077625230050149371285001634273447207325427349409887423820082400335069189232150472380143685e-425
9.97621416895078825775903352530456334256577131472436560601914067891983384089758862429957467009674984602059158619100137863e-429
6.77099519224251666230658965607085731190675269738336711752977572930359266676774642851729288213383777168989886505744790102e-432
4.55717910435406125329208193726174646095628147395953391416582207363999395815120286449181450721864110476212511618520337427e-435
3.04172988324612371891751729935545597185298212179940032162770515451689189717476015102639387360321128131528579553032660057e-438
2.01349223599833836249163936685358330227520474227847257893854249069431147299327607314028087335915444264833421228381464971e-441
1.32192728729765416781933030040908124615503754734046283822265541599723998134323709919687171578837537026161275425102608622e-444
8.60828649230169794925456370486900834545432043280253784519935430774530401380376386151838497599455439115105161786824139071e-448
5.56032735124546857299865652419689871614684403380200226903597158994972702016078183880248741735549352762562954036357755910e-451
3.56271601210898831040993974197355431100198646978748883679154277156821339802102141326640107658760165731245620189974550749e-454
2.26454874945933189568532422241212777580101277509819503417170674602409790422934281176178253468784375512086646916690081479e-457
1.42798593305347953647690988257052695351368311081548553791973949696919424598842049410050416199916528131382303642893409145e-460
8.93366935809871152443739967255298579870893964915794697707221286506659642651120616103496080552845936745952632786081362414e-464
5.54525038771792590883049700691910504703909801783343903429644135181973224361346315767662947179156231147634262807887932553e-467
3.41522394613863922007966497053858407160590382926681475674743137421266168514399773837135439613149042237448207000991338511e-470
2.08710888345449777892929429266058517652098661258629113897979395452661797982237437030738277577612414054622315947347447109e-473
1.26566809227774983558123797803388435804617623932540586010650266628044748023590662632752249538076622994049686223819194616e-476
7.61665063590729231339502621649019946166718083773281215670122937208350575404463837538201934911092699769105183179865026526e-480
4.54881378344284430381370361514402132882648590259784768432770524528594079104974080689782182441882452508981988471871163945e-483
2.69613980977754345499781016846815185411134307140360520408254152855218246171585078994216102761685590280299386809004192575e-486
1.58604962139428572884210518528758102415404021806214449117397731701901337759361215654647064442922853716925172075688763762e-489
9.26064002850285333315382277358334112977219388718844662166471457051415207752319753241164070415091995204239570557759365965e-493
5.36703771237208629854434992930259366167421725418597721589305628786929040822648319699914270120244615009733148307132701586e-496
3.08757152664229999881603806097103825291757950502531790845133867191478793621805703635409581207045478422660441485288714612e-499
1.76322305748892582021184486561767562457889745613862014002313026852685342889421228237172121041715408806574095018885582383e-502
9.99595374915136202612511000587429250552833758991700736281539061949672871381406342469726950181386824736945028303969135237e-506
5.62583084307590707106997652633434388979311921372995730053688356376996477480804177015533945484892679758237074784903491279e-509
3.14349697535854660123761817323963880378740650620224017409798900563337832824267259460165360582753074074160576324080306491e-512