0.282302781323065231030174189020510020004351082040281630580693434340982547750778175313661055304118233165839450829682600641
0.266572276656747097250146468273496184494555658315018375153191176609840491060539976097803350141222556446951960639757810920
0.0722320718313104855706799836284757809270059897661908739930926804970064692344411172466153699403345942926025178024865335173
-0.0538467738887182113643374470219207197581970668564749397761011472023908500559886382817005911691029501404098416390054139859
-0.0644601689507273480473418792501987738567218528470992978357730833251829992359175379262807634308195621558769737825480014308
-0.0264018865951466689632275716220650694575504908078331718743813256112967173900384104823785215230608892140159971447825004000
0.00359865507690271998090284990200885014399501951163939600073095382590893548656961651419526343637816320147568832190420229416
0.0117062409924474028789143927360619102645049454678380232790890837778616228419498073742795748951666257212797078133184111326
0.00734743100617500001114434507921644597534997703837573975658915418109392973773456852695254497912504985570514029036745917589
0.00143790957230210730490715694442766408522949380378065053899550368736057568073291746758828497077754968846392637564999628819
-0.00145352716248575083244443206637622208249259131570523682880752983828024627911517135909825026661811635409272819297699142147
-0.00161371192872465412547461321623380005280278462532659242872627009239672318478315895207780178725594976701668171752122925570
-0.000745760256637040269677904172393649734546098955537380058848205380224388350164637573014222367646172532185522727069835648819
-1.90941552612736155743369740705908281086463067185395416210798023863912682682225987749403760953534798030856657286031888438e-5
0.000249252667672083948077844110576719720024177530099284591280521518686572954903739236594771019141213697152032890770380057871
0.000208009988586220611674923809431351552103262097541605420115202278271774364725295118811263856231553861979558565923080314524
8.01090769056589160572027682205340173070696541168636579915537749434479061357553157422567698418940735358955675403080872491e-5
-9.32151164664883111581285202751851493731096635042691792411882693983383381581132369547466493510580044520430291475617021128e-6
-3.70542868264184352318765481804074909872232742146534107727760801704203846527908102141947078448725402068842532326324207342e-5
-2.77907576784495995407306100785211090179825686797625022217617711207470662962837349769889534585929565534541642722764129302e-5
-9.89908374110376827392839355859575133051914656084992034533441540014102674126154265638887260924622613175366908936850446864e-6
1.88281635852940795975174921163467428909249054338429578284599299946936348066995101292839518057106595368784810275988716277e-6
5.35487880567853417551625907355738602867474331520057963628435795841177681794081226231371110249927406295878173373214938338e-6
3.96405812930172483202200917479847952940664269966097908146909343443084074793832874563457626252591846687956320324474059248e-6
1.44842977089950578090853306064097672510402265380707349049402259932720666397795184114811510841654916217298432591822627462e-6
-2.36307944703827759876654441123664011908024948051482797443405656661431049591858721083678848408175235614581004687179226816e-7
-7.70843187885314217828768483678910843729454068163011089357079267140703127068366900932827357538645039953178579800870047661e-7
-6.02288478207916470007705949881493551868583946650556319167103734636541727284153372452364331239004195276578463489247228250e-7
-2.44643101915322783958318909139026693279177915430201933504466986364619317556134512695917203537661220635931924844806576622e-7
1.36497872743836072168789760323667717784627472287346221268630821029656692620055294397577346352607805931809094611571778425e-8
1.09355201071051012830318513777638614187710587501043823829196581673095914050988553100521340433354096837244935060986207226e-7
9.56657320697834073549370305763050162560718436977267113758647606365592067299764780979129935696211751743711804900575718748e-8
4.52148339376066102422976297558717696373329409936165665877898679307633328354506486568297761270297274402964132690278089835e-8
3.80920887762909311716230505042051492044669467039639952676391667024815841130034005048632162018828935593865943489180574497e-9
-1.47035518377416811408050147312444103633436816151958674951513701843659052570290704512150371696215555976218428063005263083e-8
-1.54575474109737792547082326346266144929977920254501302043063954358962076912779469303764678596017323786724427979174505413e-8
-8.69255272433044463581457433458175434965157626317031156021878821479449895558228358502564164961598688761919849632555134523e-9
-1.96276561607119580070042178768337940455851358067673303862083819794716551831005089044446486948539776384257612980338676123e-9
1.70036814672293033985589468034392512726479672945135714431098569562423603600378496155079387707076076254956514551231200920e-9
2.45493133626634321560073528795681399345720057707627688785196570821860304877562480227368976737545294207034587180901178435e-9
1.67310909084741107279513126580343501528588202755432203751207832474978173330389171044250316620384492000494161144474087743e-9
6.03543122864878037068084561166295645418306967815348646436205107221644150950829922717330347614148781082750947838463879329e-10
-1.12065321009785156222129394992671239802196929995528774242431013445767765448179268349246864251111467296167485153085905651e-10
-3.64751726423046888577157966513757578487488707530296045242408718406698870833598460437209996025236230985183100853935467058e-10
-3.12595740198143351341041062031692138097189920781983804985875234798304646995189002912493868140358456210768073724923876005e-10
-1.54716447465086285125586948335032485989720939270659696988475241613001932489969800849683677936747114368996438197068090217e-10
-2.04899953098962553956360548822367733732215607452092221425643272471485503433302475647918868285978471197889889862156376138e-11
4.58555179115017746508171848435036881839648785886691467150055105223385452344703943732902978890527709804919743435806427940e-11
5.48096841869188728172106733331085676659750814207636249091311354450289809603886115754788313677182143649456763952593963287e-11
3.53699589002820654178220384275789556616386688427524087600466442760226344381030205293200982582611428104701968446885556518e-11
1.19743404746565749275386841446013816530499868379694318804867057254063582363810923836971027630143121033144217331609778390e-11
-3.24859181434858043346227867100224251076342710962290026639645798326281683566177422089951790824147007328065836159659182437e-12
-8.53461477807142056463991525081909487386660646924843151027593217048671555905409138714997257984867612538743441740322843531e-12
-7.29060641007757468224659184352095647637736636196434177790473544841963217102892949953047793814905469552938320803902712684e-12
-3.71617764523210493835566893409255657891101601253774312465568863345038077567969204746822803333056689121822251163279593421e-12
-6.03053813227583754272618717009723850847015083329136584871070054416233739608490873931866483292567709280183218535665371738e-13
1.02307215803535768912200905378978848119449008622406520570869405866974180768095260909688115120755735673944082066812174313e-12
1.32596760848492037696535733603128417296847657482437288932540339500031161461055385697886879790229667451495557946200705700e-12
9.19935131515327587765215221019981644003316727996745358038613142426700964370050580226304110417337324838231486602599778092e-13
3.64780410513862763795941669310078004611522537335686457772822936486885587894807701840885675954999239337568723932940862030e-13
-3.16221746627549193468768371719530759007921499610986443918852517993320977589459306329193688837303191200401559852090232568e-14
-1.97093138611092747573180703699069523558169925757954959131361607479244345850209935934789131306020573481553925685443422966e-13
-1.92621570237999386230942300672803169878966112625836272819671701623394579409144859289487007073771354699613345075844633979e-13
-1.13620363962383466857050377626933287344009775807249034285217878501334647804985176729947402729812830544624635147435035565e-13
-3.25648224526978236074942810850003238262033235867860791452538900275108676855858475246884224528318929893620408411687270647e-14
1.72102075248268811838588401052084378476716956784903404301761856326065127038976738849073166357745082138193298049863159704e-14
3.31117742175854953819053845193529797983076251580661220594678316166703677176638998369918211488178483899069507017209454173e-14
2.73539104589465288428489851235225131591070800436900946422408636732030866152674201714584911312873779177964188884353675825e-14
1.39903968231353713958865353145794402859940647534507042912033364415616723508982588742815958548371681063397083901628209919e-14
2.38253410135584879131524283312084259700660278521079333709876885174001735577399325373918973738060672449919561093640589835e-15
-3.89487380386977776327731162901859247635946073618527013368726065731176119796704777851255276273307972932509677230090441510e-15
-5.28532560999283865546276180999628349155071865328152478535365030778890722910710599410788851787818167619219575037069962893e-15
-3.88727298162956546977354419684176222738816564158972230607305970287615958582193607254496205162825445899593353206575508494e-15
-1.74127211824809801367842433219955771825685263240938010031742151044863835422993713872388372800752928468047157446411516229e-15
-7.40882318712062462656217836698064476217420151468525980336893581169740618944330951909284191552028277511047490728057087680e-17
7.32254800682130780340363323475193812518240391012005686659895359026846631348604160122442365930179482370151605798233059114e-16
8.30374500999593560959109478136878576916768947684078140934814742269305924621439576705896587721191086313140121640032579667e-16
5.60977607825681946773716801772970891540190137041231241358062086289998799759309356201490487161211445783543324894846943266e-16
2.22001310174372033450020315190824901338313309776899363432212758682388116221197442708647562412795974318592686794437182656e-16
-2.14327894586684721500562285907752191103608346258619762047346478877048690892783104040482399928634273717754736435078942119e-17
-1.28289471412406525425859057290341165989294516396145226057864712544254970236728131032116685268440801632415985648360835896e-16
-1.30745014902649915781989677500866015815621166285809238162453637889016020206475187922105115093200103318880346607759713983e-16
-8.30429676301905104965267703771350477882915517402150735564743818379800424668909066187593704785061175908757303074433292527e-17
-2.94355542363565171247704927177333675708700631241123650811170054730279610176807000016302496314161123124012308070069537754e-17
7.02465461168579440735454389905928369918948607732088869788716593875057910529547957594806082128310112586680134056279096475e-18
2.18212100126085999070815808651623506338061327662297690539170810730884211100165018036195200799196419339142798998919016005e-17
2.08400302518463586062232389706271183871807103562723624472137795881061307146750293951931744429749080259599390384892909955e-17
1.26987739419212418629207698118948584681431622935634584718188922135309046433767740401631685928755898500813102777519235061e-17
4.12955161572472233004638014767644394308786446359228288256748818124678971563143371383585981712014394862800127067232811554e-18
-1.50390043791967111789366391382194160296644300589958551346563886348158054955155875883406832534438743339306027337280140045e-18
-3.67048460983579988484832670070365398206870376310892099275931699110053613160189215496116654373792611447033489948703817576e-18
-3.38133444968675063700062900999300300200711953387251166169457998646058387161882486908362741286678818694068613241370293341e-18
-2.01463812858583383885801421859975401138288109566907586441320927697576121842625897227216399593156384872072266739225958409e-18
-6.23207984383190974816606203784552934867180421036568054889648392156696792719771420257091657440330990951593754539815037486e-19
2.77434616205468238463170190968560599929831095363638664683612315061969693700547228075237862925620515725345818814322373760e-19
6.15847360363317784381627824088356456004283902847315852683990464700118595364436995488723292880453061186151554671557918425e-19
5.59831620961942686741447692812635952471756088773315859708077632956238326986563430392843884437819338955460398939771627388e-19
3.32136243224840113756693335014572526318446796368926487976841487655956354096164899552541891083615232697355890065229128903e-19
1.02203220008256142684329802728947075361958830155250083135187324780869280272273276943461596485467939036472263304602452301e-19
-4.68622348863093104874190821412643978557237753991250204325122723692968386782647903030093801708126751350135801733530260755e-20
-1.03405552434336230232388282868591840151003072968927780522670473705009196163716789396394944313702505904415660141406208923e-19
-9.45952388293712329211626857948941410979387872262135969114910324940524925504299714314565910384427331953108859761750626757e-20
-5.68440684717316698560460099978213459087165896224312450745840564697409451734503097954620106765426735174977880652888227845e-20
-1.81898157040098015958707884495648495782718834737617075771629661938742411697454304332829424414255881763875319375469824567e-20
7.30765613991726406129732700159250961873049621467049730704485935558839729246072973808810266615595565759621030195376818417e-21
1.73692207846433669526539725698347793250210552892056223374286130344830622540012297170074403177854811021009190245956401961e-20
1.62850995195558780982672351038607090386243621092195373673928717021380719041048662472404865407313203663349340168777048362e-20
1.00662437525810130985993104016850393303438353378481474190604434055934222356404506650111032124555086692293272924368437402e-20
3.46989575374034039954709336816887665821237302320815233900840033822961084289731204499733576468518966925029324613931401941e-21
-1.02122932040027920380853650142324721865692380736542467865720313918624933154861293825720602923352821794729587041543446707e-21
-2.90878946062472670244442932717890214024689401253482628260491181638258770592810800197307953125013836045536937806796647942e-21
-2.84728839981530026493473173455165377239628505011401695565338677256339827477758882150649388798379575250534295907749839734e-21
-1.83516074087033721417563665322971762493854234270807321745906438131028744041734050035163638172013503409421744198861680201e-21
-6.96733669114262822197223043884857526157398917174096036442718234425017809537378197105404775330965881413364137480078738696e-22
1.13854522300612071302381302993584574826949822022148396156721720375776033201316535468784616325167026397295062731794441115e-22
4.82456447431466149419077770638759578379994770788825903617499036874772229072586874878802222235816026545995357644986649047e-22
5.03307372581587197504746315802339962962746886360933961024646521039336396431972871313585820732765036050466264513740441290e-22
3.42332024815583593585363911558242386291173662429890373872099140907586722534112172203491994653578270156079020795116160391e-22
1.44658975402004976736007192178350448351635429357013800359351211376405657583150517267815969819711052063248059071952752331e-22
-4.37741406175863418688695091241655700667727432169963224225150134807785575503745353245157447152239372464029928426522525415e-24
-7.83721366725801816278630814493667502259977485313238125805518978699462929474105885724725490695819233224552829895465989752e-23
-8.94292544734600753277934846397747242167062455284587070431678742746271312940771550180401576456079214799785667074154629865e-23
-6.49074645857800607947834453512977224331951614120845785232030081112729849512370819449331827379891058698947566320650904614e-23
-3.06111441077917090979242514180352674870098912169115757725201275070238301015994392060550223658188504270025375492028646350e-23
-2.87529827557668300395495529622140861429768315127171210805025743291926289804722668991438111472720187391747132832708806157e-24
1.22299604272295868420109639709073085724728519783111161940103541871868648841998000064519651832555404136182841573934688628e-23
1.58558732122503815080321265861271909759009941064854627816571039749431975253127682843270195652670316538143790256870277540e-23
1.24226293487558168693864977250820794987152725987577486581241723185024851029248729280579868847850395967715025003281352055e-23
6.53146624088156198450776425485468423854153602198043716017553248978564050230589698175958456423301132373583279736042760241e-24
1.34291180368233357553131882529830234369062424626963443916904189818696351938021309652378189999738965987257780203586902844e-24
-1.76504963458720895722887667359682074888462764849198888150488609045038257759761633155532559688311150557501233161762939084e-24
-2.77844301791200900104338193141866069416324272366264080088438305657109285753703642905141840686404080660135407183741830493e-24
-2.38282469834136103298274072297355848090838978963827815035244039446263640565638997117665236187367069046642132625652201738e-24
-1.39411957538321867816199472644862047688015192430530557401566288879650248489878669350336146764215681101027210039914612748e-24
-4.25830549345248889423136927811346515162701262754354075633228437432217098491514098187020046410046484311917889990102567244e-25
2.13944057956460465585765758091606613993653243112706701056165473167995147667509710453384199263383072829124263319926848493e-25
4.74690551656723026292573641955486093934270674925010249570724698846752725736750939537599186031951391932213243652857515458e-25
4.54535398607210044682823539538643125143138711444372960183540311736730650321178707615331155027508379360747199523645822260e-25
2.95822282753833538221911234052230977584101011007152288026948130266635133702440339250136315372356917540173977133625446476e-25
1.17152749347215779324243654858759815817181241098317905028288866960480138901078565961409994392780076298950961706334517412e-25
-1.37391737895979427441953314917352440924345630361724045582095432899908422729923009436709701049174181308404991529230923640e-26
-7.73633154606686923686362030768775454139893211195926584572777198808722922152784632226688985057705903646318697308340469942e-26
-8.54489886997889288360607902264329815284989863877413417299721920463394639767459409779122097867741472133940041225433938733e-26
-6.20530427103598862417062346151405583211055321854841670061959161520145235744979231257926138755562471619642006800665978015e-26
-2.98282686013850874275134392614425169053154883305767721330178336815141804572801203865699134267931305660116917057271528536e-26
-3.38796907784086254375252785022933114192051349213968880835692822694492856257430792411212919778965744817530902380159381566e-27
1.15311286578364195541982723840556282800327633006600388718584103324652761094567281947332475979771425954270938209233814214e-26
1.56447383140677629609060280503223690369141868617175218067764368309508078211965853551490842351376936896118059368352865022e-26
1.27918354057344041170934465086049775487454304764608910513264482143846532112647415041712948988153726449646680944341128353e-26
7.20605602323460731426419600950107917302429872263876231287129549022063940247399006775733362763242284982538081395372615436e-27
1.97233815182842918323989744134681798392970469343184994796822710953884133064210485861337471625947216687870671165621419468e-27
-1.40839932690725798942153324353940610288672862778786495416881430172114517009241663751400626407038485554592644076611248149e-27
-2.74053258561766621998960999644288502551025464426467534171694043971198075354839514573082417722220585711483437829907413131e-27
-2.57282744514458448071970469617649605993666154115497597946985841813893775414995250826768004473421865279334097385929761740e-27
-1.66919355116026730576495139311461360011189957990568789224547337828395601175437199138578141862482265987615808756082383109e-27
-6.64005458539141574510150613529568808614065230968318766351652453930395755221599559393118797673716981565461058817769198222e-28
7.70763555360067150773742741310413913268122767731775506245454854055621876299501323033387989203686914644716349822596804915e-29
4.44977276907412466827990587823746657567154787004139610186185700487495430135094281242533170996608512274076037227982451198e-28
4.99850842817203306598344458129744325343352398400600589040463046697592607363738451439477456171599956153176644491634553577e-28
3.71921546118164140508289934546528492916753026267052975511456751557662956678927207383462536458426483444022706879883766695e-28
1.87369959059916466526957756838113004055583345812532066526613885485414092327213891507437318024936212972059155844621494639e-28
3.06428400208741032942286561429137934459790857328223868027730628383175533245008595950277866666808186579058824398116978353e-29
-6.22936728246740332192687306366137447385305804341641653902093618907857643477674766707814990798906215270557761082691587410e-29
-9.23311445301752094860408423924765507707681344382425851289886470757338387256140378817477124607596655541218854806629136032e-29
-7.95704534388708491201966209600484391327633310114715605466333783207184010258742670935052860581808599815274084484173857653e-29
-4.80120508893782962575708519895547805667818990212728095557543075796083455986170872347146853562712551735540484713840386234e-29
-1.62514427880206767819051999154316752321479222713435468944802803443314983952332875876272735424969751734549715942989022151e-29
5.76135073313243413561307378486711100923137786419059297876447931449086293139179664954608664216275761796078740223831826821e-30
1.57530610733304887130675222648955554969888121715848490026513985257613015349970143585837759117273340522475503861488676117e-29
1.62338445025674781287274351570161663402461383690808258425517767717303722584026137287685814450767555683567830928553326007e-29
1.14817272052466124338710172397988134727495378081515228824011850146431638169731545226482281162209518017281779925913863828e-29
5.39487104493061071138554639770765195434207164854064226996886706982314593952564438200496734325233203758134802718383394332e-30
4.67111550212588077876707413597534192055690304162481276243581760874104582612646594980728002509571656507589737944285226703e-31
-2.32452202670863404031545403090002909417656518795972528129101239499333402876045422777862258308672216776288619116975326661e-30
-3.11316940607851457546893278877591134119643265288614493311113811453190380891882605348574180235799341030238598760234085111e-30
-2.58441805137929054038395192436649539869680596531828024531780195031211765649901266760262965167406392303394209087371051242e-30
-1.50929746302273304163736192867205769509563689595013555646921098703634465611433132937385770263649882149205299119028898534e-30
-4.68685945613506662903999162368580608423991791339707099278583065806087506525143293572488977390358583202459011600475207518e-31
2.35895511690994478267471633187372446940599157039328216150431152190272007125470699832481183416646298118639085789264312952e-31
5.44747494764127842925256147255051302415982996115250265501830122206910600784767178020322071362927306030970311147502309394e-31
5.46185579831694373279009896330793253707361511275540990378834640310815770456669743527611631044561997357250403990351302636e-31
3.81206798077615599614525339441367440311693552229731611699710216527531875030282012396735615560300197845949753340311351711e-31
1.76327204789523618218281585566241099352883814772496992963540079952335549604970411559055780238551899853538611094404650273e-31
1.19052136351387082003083748977641078725653178400911543750280748303670056850461299143181930399001525337053459962986066251e-32
-8.09013879121531936752658781788711678191639393792350081321486231064721089163180393768087220826997696288938331425654388947e-32
-1.06887834134308504282949399400460056639311001337849474540186797410366562291630602006603880099170027308137201190282996079e-31
-8.88074110400597049593270755151730336097271822637143249023777994711231934188024046399798683092945878208830390750643912304e-32
-5.22555212664579720837775682028747063679278557892183609991640352959683918609949344898344238539306147816857057934403446013e-32
-1.66594002455806706488185446778892189721660513108377109505543601184102735211940273123544878697180196783255285029583632433e-32
7.73130436388748725994776720949159121153388871722940259359991033309941352815192557786619296903432141150831130581967628598e-33
1.87141563681871106879558528170532855239275165604595677218014790496981183082220539200236001344591753462919271406421003722e-32
1.91089386812234678328790457363925954710606289993304698007803171950080052334693471472557419356504860056577235404805928473e-32
1.36160207277672836454870273720523719493495111124104909285862930503725710016798273170785959162976125345411074538018293344e-32
6.55190308765442169519008254993214059920661580263161260489334410300620929885912095059700187846089428333220761201681818354e-33
7.36068184683307390504945400684032210402392256815400425305240926077542030307429319574063956256069365778968100480875254391e-34
-2.66657702041944688376620427867417861130402932806003243680916914566019429831299789736328159842625919933605410194918018092e-33
-3.73845844163450753958077075597712668939766425443257574236319075106114715887502239819490539570593049476577564117438228564e-33
-3.21697137714348897844779310080004383590679674605482952799204200994940549599087360770495061356795565780173124080180929422e-33
-1.97768977752153230391349082000720162603181655389835202009923415303771162137854304415774752017452367798299528097724157719e-33
-7.12018310287708982656569493720564315810929422030651090872852078483657272857585747928419237398079497502261595102553386131e-34
1.93891431828922257067313668397357786215226652029599856551689250057473091330356708833112784944395593902397849407898666250e-34