-0.0550502399999999999999999999999999999999999999999999999999999999999999999999999999999999999999999999999999999999999998383
0.133169151999999999999999999999999999999999999999999999999999999999999999999999999999999999999999999999999999999999953008
0.868325785600000000000000000000000000000000000000000000000000000000000000000000000000000000000000000000000000000006779353
1.28387645439999999999999999999999999999999999999999999999999999999999999999999999999999999999999999999999999999935261621
0.393195028480000000000000000000000000000000000000000000000000000000000000000000000000000000000000000000000000046032675018
-1.01038602321920000000000000000000000000000000000000000000000000000000000000000000000000000000000000000000000259953158281
-1.30051425173503999999999999999999999999999999999999999999999999999999999999999999999999999999999999999999987856571474154
-0.316179923075072000000000000000000000000000000000000000000000000000000000000000000000000000000000000000004826168568369075
0.639666994806784000000000000000000000000000000000000000000000000000000000000000000000000000000000000000166569553762832547
0.663157472860569599999999999999999999999999999999999999999999999999999999999999999999999999999999999994928676334043914909
0.101374638684110848000000000000000000000000000000000000000000000000000000000000000000000000000000000137890633967867451259
-0.279407009657677414400000000000000000000000000000000000000000000000000000000000000000000000000000003381892342706439114714
-0.229463069837251051519999999999999999999999999999999999999999999999999999999999999999999999999999924567522075802743195018
-0.0132193294735533670400000000000000000000000000000000000000000000000000000000000000000000000000015406844766701261224640075
0.0934758655967761530880000000000000000000000000000000000000000000000000000000000000000000000000289840216613104556759044058
0.0609231342780091570585599999999999999999999999999999999999999999999999999999999999999999999994952587599419796485278571688
-0.00278449348493747997900799999999999999999999999999999999999999999999999999999999999999999999182794254332901036756038778546
-0.0255479864511019178000384000000000000000000000000000000000000000000000000000000000000000001234802866925159078464956236621
-0.0132109879958547216728063999999999999999999999999999999999999999999999999999999999999999982528804302127793304512843257528
0.00219468509310332520366079999999999999999999999999999999999999999999999999999999999999997678347874458310563660441598452711
0.00595555228978091700047052800000000000000000000000000000000000000000000000000000000000029051761530088762656157283130098797
0.00241530581598406908324085759999999999999999999999999999999999999999999999999999999999656852738185869525340943807640766316
-0.000773371399940937541086085119999999999999999999999999999999999999999999999999999999961660163234651585206496539957091689184
-0.00121963206903886285971128320000000000000000000000000000000000000000000000000000000040599522520683302193203933026425251469
-0.000375754497779219868311093247999999999999999999999999999999999999999999999999999995918185175336119850175199799733418072254
0.000203874346620764648644536172543999999999999999999999999999999999999999999999999960975363589574014286009360035893682327690
0.000223952155239162019123978620108800000000000000000000000000000000000000000000000355310151644665522233784544115855514805568
4.87823553019950456149866079846399999999999999999999999999999999999999999999969151460103387290303736512735645266414321492e-5
-4.51233362686765022163709093478399999999999999999999999999999999999999999999744291256922441947896335095815458333739522674e-5
-3.73893279646477962574267762606080000000000000000000000000000000000000000002025917028784447036642485113735504890723588393e-5
-4.81931348359489862541244920496127999999999999999999999999999999999999999846431019329399935666693432474352862987871266048e-6
8.81200207368171342248372597057126399999999999999999999999999999999999998885205556017311392119536845051160897020409550585e-6
5.72566327460398230175141122822635520000000000000000000000000000000000007756490426210615087811264521641361128099295785148e-6
2.01822442219416683608843233106329599999999999999999999999999999999999482329669560817955402045742001745218892999999236535e-7
-1.56037321944638644022231413184004095999999999999999999999999999999999668359076394524839978694900772458234617821169114073e-6
-8.07562613791144713704714694308973772800000000000000000000000000000020407598368367088811478738045411491271412857152527335e-7
5.72763208105565622408479260182734438400000000000000000000000000001206927631507093112786569720089638128885744028173399318e-8
2.54797653981498348370614329229675855871999999999999999999999999999313613670746107489224407749715391558545343380749588920e-7
1.04778443305519347152962570260404240384000000000000000000000000003755464800264560364588308656308741515460342049486940315e-7
-2.11778752082555631770680645579731632128000000000000000000000000197767144195176353633992984249148742554685025251899531266e-8
-3.87950970274904632587769369108714105077759999999999999999999998997217942291008976932082502440119795154535639769909255281e-8
-1.23917649810009289428272976041482211295232000000000000000000004897416475555714476370992676271114552620939491735679611478e-8
4.74229934903802969522902278010618683326464000000000000000000230442015974284090765817548131653949067911247251778289961830e-9
5.54793685427216781325337818568721667457023999999999999999998955046971788760076476785753640494883280586977007815537981924e-9
1.30286941836916414080213144456984421990400000000000000000004567294873335457519506607741844246195096467616901908272154486e-9
-8.75108283708924656585494375930558557034905600000000000000192448946127464508264867195746538939164162748981563630312636027e-10
-7.48494543183688467432193810255915345531371519999999999999218168199891717579546691647623946615535712459792618581903703511e-10
-1.13675926506827826744221348781005056692453376000000000003062521755165965619667938932591705458175498513155444156001484490e-10
1.43945477647375899370274657049810178691563520000000000011566949348351589216159019099199404132879384612772087896994054588e-10
9.54532437501198158900514721861825439807307775999999999578773079267089833065972612673009475854236532840601405503180125224e-11
6.21200778193281376123531208331020121824150159360000014788760761173700051433011666754382092366003725867668686505749848828e-12
-2.18102544416872646984914235588471813439878909132800005004975617393394651510966922507230805671531096169531211983723091683e-11
-1.14976197945235928195944850386717644002667884707839983675635208893186075538421470065753853332943305159267255874112231942e-11
3.71004913017509522332186988841423988638271668223994870022363782730528554897771898386350590605863803513952227560409042174e-13
3.09625191164376589313128316955828283620227473735681552702742866595092972183967386558352745352188399992748793951484696376e-12
1.30238761931251765082179323137816218680494322928840275526938624334814452953639830264640770433230848116277567704517174586e-12
-1.96073050979021810447429817548349940396907636876775539224001981286699170318121650810556918850923009972770735104540501090e-13
-4.15879144836801380960332535841770521187184978239502372637801381622336124147937866175555624760221366075813048766305781035e-13
-1.37304841574450652504230978613697687218416405718399548384828450539424878852118203787245172421497969085933442741350760727e-13
4.24574616649667370083503296047067492780875092788750002056445939595413777483255000857510839795522842436445018759660498562e-14
5.31549306132559438023382808313828737487917648970718324290205783695321286815832559231462896070406263479584084109492456168e-14
1.31710122011933372897492776492313198145226331334586627709768597910974709626469203836146434269518025603383904161949001174e-14
-7.28256524450290702015900875705721307998936674189031515027244394971815072956153590247612847219609916810252888315151996800e-15
-6.48454815788647133937042916856732368018620516977334178980232232609995586082034709692680803738688183328888954812502789833e-15
-1.08805308040725666573060692462463721905705204413709888523760402332826984259983707902837877692716395557665615222819182505e-15
1.10688130840357137427292110152033796430701068708454309027050058877479902951805855891633313291137132395942363006898696465e-15
7.55643509922639242570477057415585258033357659104320575115169940566093341339540267141857283141366528917008965959263690355e-16
6.41950077101635241368030718863957340435911043045416158375822747059524419146466919567690926153215947769776824812219544801e-17
-1.55282062775622588212181085698633993624465557937487221394350835309071315554920748640545727577842475371714544210162846879e-16
-8.39802101724671603420684912946479313241859869178325619053246676495672824353571371832778883036646743719536862071215859317e-17
5.76034226868239492882718573855168647505537442553838684020730214756988060887670234901609075939496973154596493472566595810e-19
2.05001896436163709379439246009663783664288613935262807089576784082800250615047294407904255875039015974687842134070275551e-17
8.85987655583764655483466223799366508792688849156983333380372941602062784025543619134773280822119758306499840399005097244e-18
-1.03422804861665693170283869476084413551674721476896811754118039149538871795184817104483238448070210120365193485475789893e-18
-2.57360058632381942815765046516779134142786665139846320146252418373450408740053112910807264093781922069977035835583121675e-18
-8.78652201993319979487146481394935883005268254033049742020843050713050525502426851161467664505627586663656021142613175966e-19
2.29385583148773567418791185530037209644771770765386877485203807689426655023948272761891428576090860581542468313669921861e-19
3.09024896379874327868697486160034071959830068531469436509278210645723202189678822540249504442239045393400101120786409165e-19
8.02899254934461237188765915014377031787876638334068101723815860016174993119456598612142491547059444520690735648784788848e-20
-3.82063987237452864000072832257614512003470357392962502604433594333232018420511494806674530263377316661666208020623225342e-20
-3.55942284869496313381470872815988418734796068107379226107883972782520100301647467319569984399919238096358707722860626258e-20
-6.45882061223048753749380012711593245587509228238526298772686296563393511670777052204763876585483175974879662356095712408e-21
5.57417527584891760774347899238581498250841335634152293408121654981879283178199715658956378961618467433501725506958470277e-21
3.93539779220365396097502203371516222687154440166703599450804277291784109887019859349105048709087686927945395403539253037e-21
3.98231728195745734136880128769717843776106777036518573866799529688905359349564702737594771029402128287319917021504644816e-22
-7.48843722566945646906951793494878336589844372960920797149884985638204123587492454690086557226890334367869117175273629298e-22
-4.17004325382444633103281220370118946371939372084282126243804415643582481704286099366949822869648238337979292044049283154e-22
-5.53912986663441005428564456904407349596640024146268576293328432127717340345289673220146168723008711426982947027150076403e-24
9.47271675476484774518041843230056986544059662813459343137116146250197012799934122066113145225140444876712594370669844990e-23
4.21617124405885804419996413621852172247966967975825456184563288113682223066600135984727735263652877885286534543361427301e-23
-3.81269228850751020039720571407676814243473974139965552264785312406095430546255885504000995366033920675628953084284082338e-24
-1.14146772255903834105725023450829605744587721074960422150053750478499038075732777391946147962856919782158005918588590637e-23
-4.03122977969140916519276714115499305873134839707485682559241319130030232522654527295148016633998696800245527380614584919e-24
9.03671666817743964674520479210532024307431106943315351649832828300884934338073033061967114139316933869950488511913754917e-25
1.31854788211267214631148089276606132323937376129700553729110868744937232341046657666026163325801323239311041514308501220e-24
3.58106932561905007838413833982997726091933037814107071055000913497028484070974870803166702987930068834374097542590462880e-25
-1.49667604731889474095705210867829540866486478589839019054574908849796207204745092159818975795906933502558396905209314737e-25
-1.46467400889421059747272967609660203723863485448649640697522104560671277960383705669606880774284853701360875390913175047e-25
-2.84348719704368951565272330222161040465870917853117748856750385312293802024095433912255598866548633565820369681403316316e-26
2.13821874411100343804606563681530056806318104637769532915856862584957736968084204325322116020206446817752807291574848547e-26
1.56589405258355869942462584475600367234409599190197132550842285960583062488049330208842262207857130117460209435492643595e-26
1.81125593316698538490639617273313253774691778489492883681761198664084554370256034812638084688880083247003069462068415829e-27
-2.79997017195369944529995589955835811782380807212598067352131680490701979540871765386262281720324242059382509251674115048e-27
-1.60907307568131479450699172347450771641288036492335697612655839860747511641508706442687450471622689452137995764186251389e-27
-4.94367099813911723663741421927962499898073844385515171945919189003118667843005073613637757987609614342968968206214603639e-29
3.44850031309581991053583669890153277851011565836444384208698654085136477218552981609679068379071571876504874918666840940e-28
1.58285189019133829438919568701721817857678744408707349795215785168279556184551171689724643752187117789121753919783106718e-28
-1.07873010141207546040904565827828089147085113074939439535922896127174128976810767195459382137478140255056072802136099136e-29
-4.04690057093547441252090157956652981060583372713509377432059385827672311276641722717093036781500075194573150011934702154e-29
-1.47856515775193158259802166848063484600783262243599908293239495072947523440708502026277184923507366151389038391924242827e-29
2.86104945017559893600061454754194916259052608208321602747275627147250768298161020671925216165001098971943026240090273378e-30
4.55677379964062865134655365956736877834500292656460419778871020491881924911101652331813757471211066950883550205496371668e-30
1.29105098807813125643461974734641864804168381985241301044714569744098627138319852412097067626446097639609461607993814688e-30
-4.78822161181675227610462419384428510724503755756873104219797357498345053896063899113269069211635376913191577246515811531e-31
-4.94047373350146054168070461241250975092574119883551632849085739882931784716427308970835305569508466353919316726740837545e-31
-1.01928945772799314184133281988557979896994098049203934248160144391121834978006921622033047219553412314375679167958485656e-31
6.78086831621813829293456348984773771845674734425875084975581553670412931173354152632775402522987215533341832746987512985e-32
5.16345283108968591498812915536631079170090310605330308842540832203442676218091532166132796740162634622337462839754374580e-32
6.66817632056985457493926038288024838330623198657696751270602037046593716751212405878323045396328440914426659782334173695e-33
-8.74809634538417702332187222214009623947690515307510439508560965143526795500289882291421643343261659720599438481202259597e-33
-5.19656543574711584518217273680475300992138260113836688145347709852376105791703973597369283087809939864167369059895179056e-33
-2.41882818642442883008769353748247385592788152299788964931111923525214048927550206462710861794697106373027369448465656651e-34
1.05919296459623109558074493858719029173950642429042963290192154555689315195396368983804938241078456002571758752326085988e-33
5.01817199642017754586531867003096509839891986367749695471031078981403256361154332654201048166531695017730564695314073871e-34
-2.42687168275481644045775002520999618411969732398244168081400503820110951437122681526681852368934449616831619455349890651e-35
-1.22124288878637878360861654688312207076173586559828206163863758409415730342273860588152031990868833682193041848798473919e-34
-4.61589989885938620464291207953568852478852934250310144391559119575803164132357628531402688903299079794145874692506531904e-35
7.69899268871556458805237975690645668218835276996512757980128235147495276139085404003871583244511448599808838940013278106e-36
1.35131959429483891964594028672351942205022715087565295899925544556624422991525342168611700631554969434015478263455954479e-35
3.98793641416894332154291172358140343238401386603622866548258538989373508309835777659450519998606182246894675346685545370e-36
-1.31927954691757166956823206828424738036353588075048750654169568210529474920290590863377846919853253751955167496386739291e-36
-1.44069295892790583490876784324049475451897860323444339877789084039809046538410466048316682541646066831124476420359728052e-36
-3.14375784200064278873218317927212891335593120407175850622904574676855698252567967805365724040157832826836773394135237651e-37
1.86779237167697475240879266843364695741105074447408423158933740564222009924615989326960949621577862820898663768819456289e-37
1.48206901877513208858389703290200883296264003086663949363729613359255488670144854094048015838062673531821704511945515459e-37
2.10423399136814975452748101163495623741531994811063593129984475371622405431476142049059541310234075774628113689110431568e-38
-2.39094454569182916454946387577149817606973045328959179809461244597056183687819124905002461558113950660848005369990737714e-38
-1.47005453864634820640353766159034971751761421399868801542054072345540354683200352991397390394967882035174935027632763239e-38
-9.01086184757217719974925527690401466408921016776140505570621981018903566577119741409786278956675390119662602040643445742e-40
2.86401227734712287541131389434954358127768485087588989076164982051570592370304329805460097819669943206441643252682501233e-39
1.40153047226321900423992661721925727673675573918031809530898383309202516589031768624746472764532429711530717421367418811e-39
-4.24282728656463369148528227267052530942626715598587119526164968569270937221323789436771513481869462432918089189020685321e-41
-3.26332076552734868696155991481622225346061265625484437227384879511411820122709868746575858351501235840894730575064536690e-40
-1.27591055016635500833538110566925148000500919984728814038141568080862934604644459872107259048590521952132827945513873734e-40
1.82252902589138479978375672022108751922573542440150540758671788450453313188996608406703306320463124621208802524216080381e-41
3.56750259340660982978990666234522372388530504059254274920841245195924217906096665028216018467807620113627585840455500401e-41
1.09526815427416770122040962093585843243885412003135291908835938012521685667657925120341831343388479325806116955164654714e-41
-3.23858725389435786593209207811056617501135084861386793983971703825209595593984559937370855975404935204408878377149041381e-42
-3.75866225335904929437144632335599905964030845158598536633647964046323204739160668095840976922915542740695178450447320128e-42
-8.64322544240811006701615400660322755569868444177640593763462824295531777411409130155062555838866763687717902107860290644e-43
4.61424699765208060860827254667375264031486320395151680781716426961293460221892143935757680348324009545743023150741878540e-43
3.82337976069827994801518816857442796799142028072002968230396827261169431464410221750251588808513643076423887723846585160e-43
5.90283859487057779080338110407778937092369861654433395577238706591586632871726019484596254668268977424079786379605686295e-44
-5.89094555776034611171695263673031128836617610111441727011377147306425255495836879974877979516559143136048274709336324714e-44
-3.75349598568706823604368687509057367284713242833435291233166677220197575977912000547941002149720739134901929937984800775e-44
-2.82564589652920014478170739815640215430931221425134740066438386377096414656357203962053650907708775232292011615807886737e-45
7.01262292432298279812980494082584189579690433146914822682234215063534413001971754865925224166470541718598791744684217146e-45
3.54663532220812354125127575890258855539535284543149965853767639930989873094038946740730284646372087295505719882348037882e-45
-4.76271303050307635117760265635860568955780504258799723833527294046325024035226465040119245664424595034315390208304290886e-47
-7.92848297401055709283122133363920067046990208643240209629303807335099550923649535096383843308366501884155892119162312644e-46
-3.20643671331424376220157010901112893461159518695559246336277245592765040428252680180501931985785687627703453235114764600e-46
3.87790443409264216847651226674169318020197317321009796169249876944531911505177522148885600721051038057369200934492377389e-47
8.59551165141497461162982015672356142314323500117281449077362605851142500663832224308000527014007158983465570926630354404e-47
2.74248083347446634093800720906093566174721847550030830461381505953343995903102414917702264203779593074616380054900344613e-47
-7.24703780351178599072477023307696835830823022758619222826060159310081413571743126565658932439264323800625376758401647976e-48
-8.98061813159185286326393054325406918869889586301218051225553137560185782655544885811497523655782654645865305030540790041e-48
-2.16991835206172416554627718423819146198446061084220934578710201474325076030912139542844358253387891608686704067659551394e-48
1.04503514933872727653344133996784489314280446963088249616622450564183220863023446569891901973989332668836314904566858012e-48
9.06228722166035780554712602354800959670732249983223327738426943247648442531866719855955536558940755821957523587683633176e-49
1.50882251859874809951450212590214879965746253858371162594705013714483738727377597573110180777165345170556725843394779852e-49
-1.33595720868160103355981365175769860141995554427836920339394681528033273122799322915495509449118484682651165412612606350e-49
-8.83167618476224512842923090509620906821939146763506405439466058005556572106544545076800481046639511477189483014060992490e-50
-7.83319601725005505942542768476706703594685888821714987947355032904274095801007000712396961196395985193426493845187525314e-51
1.58574595423218837744847646948427391139783670206210715103083131824798001583315899818720437419218819634270608063605820659e-50
8.29331713403940264588462646963151932844472928928827452215653287451564666342984136543634916628569349137707475440915544922e-51
2.05016765652542729305703682307606987571163009401378824560893288607152071111055142577887797923345965089799831353760784569e-53
-1.78456353516554359078341215025312312781060457163521639460301621757779971455418665937963627551239733507975462188546844680e-51
-7.46573375532859348560145365593095741547076176257042827231869661626940876422616625232085736766816655022156611764903254294e-52
7.53067303207069181381655737923658804037849626136738617659611597973380220808068163352870392157206193769220827565378324510e-53
1.92652882669213800664703477043695628505381677581405938426551458122450435328943115543436338945361554390278955817129956780e-52
6.36311513136474036374708333513666466325791696177264480624457231630818748751085862803151416990439926188878684132141371983e-53
-1.53580640357505932891478436319607184819777190149820203564907710496445347864429400046592756557897917650719963144707405213e-53
-2.00086612928681738397841020759989123408277123866092016932202742643344557331565686093223407674790436278550483194361869948e-53
-4.71981770583947592517004971329498691041616096830936031691226989655268129921987623034958945771916950020892143482193230365e-54
2.36725565066790492413207986323218276063568788700428326475882046447582713227413951078670716128030193602499908224805346490e-54
1.71633373598667875655300705542904844614268711690465002298184367130536114487083148594306453652800429014209899333642470780e-54
6.86527020574922539457339593152685225923077527558387855028313458892069833623616227875946719217857552617359816310250468997e-56
-1.04804564732954407385114364077077963607529218480510015784741888264260777607112813116467553485684686472664933778216178686e-55
1.82665584804480618612442756376866534692238994316059760345761186896340940293440976554225713887636509044530338689063205923e-55
-3.97719591404346094874897809707614088591761867239600546639750337628585822026765177943444209724193845726927405193768927996e-56
-3.67070852964693030057493655874081152738636440720384920785724676310894410868747766038312863154993780233061587806029019137e-55
-1.43202362192663768843049946754862133327331510619050072989507098932279792859306929450087986530958351673129242654657754770e-55
3.41677462007540194142309237598904217462687535895087831555361061404245206976369494690946594892928290097423488473129706117e-55
3.24434263360027842471985697850648013643638659298892183593059963369954705403868755693659247235281655079046292370902917917e-55
-1.98812462689476969667546146317812095643765551706613023441906302482198553857215821162508038305033980190877642800739511383e-55
-4.36310126559653918727062488275135769369897928628198583940761140741595233569778376906920997074438323707273106209334870904e-55
-1.07456364810786488085441956350340411418854793216867358256242136219531430392135955576156819312391204765563886901005637520e-56
4.47142584385014377512345288925341961903437381082840730089018933875988769538259382591685905601253088918074800821741151564e-55
2.39250060268489782128746101920620853648662222203761147048094047840559862760479912233075383882545519856948595283207290778e-55
-3.39669279487071379153053044547980130980613836721486614047420340667326144379933203219575446486761043496909655755514115660e-55
-4.26058865350846115750676270892982374110492962257625424754529565217544891897520076449560779117532422299164471427322166048e-55