0.939413062813475786119710824622305084524680890549441822009492662053540722242363319290925980170489343655974867381457012334
0.0587133164258422366324819265388940677827925556593401138755932913783462951401477074556828737606555839784984292113410632709
0.00183479113830756989476506020434043961821226736435437855861229035557332172312961585799008980502048699932807591285440822721
3.82248153814077061409387542570924920460889034240495533044227157411108692318669970414602042712601458193349148511335047336e-5
5.97262740334495408452168035267070188220139116000774270381604933454857331747921828772815691738439778427108044548961011463e-7
7.46578425418119260565210044083837735275173895000967837977006166818571664684902285966019614673049723033885055686201264329e-9
7.77685859810540896422093795920664307578306140626008164559381423769345484046773214547937098617760128160296933006459650343e-11
6.94362374830840086091155174929164560337773339844650146928019128365487039327476084417800980908714400143122261612910402092e-13
5.42470605336593817258714980413409812763885421753632927287514944035536749474590690951407016334933125111814266885086251634e-15
3.76715698150412373096329847509312369974920431773356199505218711135789409357354646494032650232592447994315463114643230301e-17
2.35447311344007733185206154693320231234325269858347624690761694459868380848346654058770406395370279996447164446652018938e-19
1.33776881445458939309776224257568313201321176055879332210660053670379761845651507987937730906460386361617707071961374397e-21
6.96754590861765308905084501341501631256881125291038188597187779533227926279434937437175681804481178966758890999798824983e-24
3.34978168683541013896675241029568091950423617928383744517878740160205733788189873767872923944462105272480236057595588934e-26
1.49543825305152238346730018316771469620724829432314171659767294714377559726870479360657555332349154139500105382855173631e-28
6.23099272104800993111375076319881123419686789301309048582363727976573165528626997336073147218121475581250439095229890131e-31
2.43398153165937887934130889187453563835815152070823847102485831240848892784619920834403573132078701398925952771574175832e-33
8.94846151345359882110775327895049867043438059083911202582668497209003282296396767773542548279701108084286591071963881737e-36
3.10710469217138847955130322185781203834527103848580278674537672642015028575137766588035607041562884751488399677765236714e-38
1.02207391189848305248398132297954343366620757844927723248203181790136522557611107430274870737356212089305394630843827866e-40
3.19398097468275953901244163431107323020689868265399135150634943094176632992534710719608971054238162779079358221386962083e-43
9.50589575798440338991798105449724175656815084123211711757842092542192360096829496189312413851899293985355232801746910961e-46
2.70053856760920550849942643593671640811595194353185145385750594472213738663872015962872844844289572154930463864132645159e-48
7.33842002067718888179191966287151197857595636829307460287365745848406898543130478159980556642091228681876260500360448802e-51
1.91104688038468460463331241220612291108748863757632151116501496314689296495606895354161603292211257469238609505302200209e-53
4.77761720096171151158328103051530727771872159394080377791253740786723241239017238385404008230528143673096523763255500522e-56
1.14846567330810372874598101695079501868238499854346244661359072304500779143994528458029809670800034536802048981551803010e-58
2.65848535487986974246754865034906254324626157070245936716108963667825877648135482541735670534259339205560298568406951412e-61
5.93411909571399496086506395167201460546040529174656108741314651044254191178873844959231407442543167869554237875908373689e-64
1.27890497752456787949678102406724452703888045080744851021835054104365127409240052792937803328134303420162551266359563295e-66
2.66438536984284974895162713347342609799766760584885106295489696050760682102583443318620423600279798792005315138249090198e-69
5.37174469726380997772505470458352035886626533437268359466713096876533633271337587335928273387660884661301038585179617334e-72
1.04916888618433788627442474698896882009106744811966476458342401733697975248308122526548490896027516535410359098667894011e-74
1.98706228444003387551974383899425912896035501537815296322618185101700710697553262360887293363688478286762043747477071990e-77
3.65268802286770932999952911579827045764771142532748706475401075554596894664619967575160465742074408615371403947568147040e-80
6.52265718369233808928487342106834010294234183094194118706073349204637311901107084955643688825132872527448935620657405429e-83
1.13240576105769758494529052449103126787193434564964256719804400903582866649497757804799251532141123702682106878586355109e-85
1.91284756935421889348866642650512038491880801630007190405075001526322409880908374670269005966454600849125180538152626874e-88
3.14613087064838633797478030675184273835330265838827615797820726194609226777809826760310865076405593501850625885119452095e-91
5.04187639526984990060060946594846592684824143972480153522148599670848119836233696731267411981419220355529849174870916818e-94
7.87793186760914046968845229054447801070037724957000239878357186985700187244115151142605331220967531805515389335735807529e-97
1.20090424811114946184275187355860945285066726365396378030237376064893321226237065722958129759293831067913931301179238953e-99
1.78705989302254384202790457374793073340873104710411276830710381048948394681900395421068645475139629565348112055326248441e-102
2.59747077474206953783125664788943420553594628939551274463241832919983131805087784042250938190609926693819930312974198316e-105
3.68958916866771241169212592029749176922719643380044423953468512670430584950408784150924628111661827690085128285474713517e-108
5.12442940092737834957239711152429412392666171361172811046484045375598034653345533542950872377308094014007122618714879884e-111
6.96253994691219884452771346674496484229165993697245667182722887738584286213784692313791946164820779910335764427601738973e-114
9.25869673791515803793578918450128303496231374597401153168514478375776976348117941906638226283006356263744367589895929486e-117
1.20555947108270286952288921673193789517738460234036608485483656038512627128661190352426852380599785971841714529934365818e-119
1.53770340699324345602409338868869629486911301318924245517198540865449779500843355041360781097703808637553207308589752319e-122
1.92212925874155432003011673586087036858639126648655306896498176081812224376054193801700976372129760796941509135737190399e-125
2.35555056218327735297808423512361564777744027755705032961394823629671843598105629658947274965845295094291065117324988234e-128
2.83119057954720835694481278260049957665557725667914703078599547631817119709261574109311628564717902757561376342938687782e-131
3.33866813625850042092548677193455138756553921778201300800235315603557924185449969468527863873488092874482755121389962007e-134
3.86419923178067178347857265270202706894159631687732987037309393059673523362789316514499842446166774160280966575682826397e-137
4.39113549065985429940746892352503076016090490554242030724215219385992640184987859675568002779734970636682916563275939087e-140
4.90082086011144453058869299500561468767958136779287980718990200207581071635031093387910717388097065442726469378656182017e-143
5.37370708345553128354023354715527926280655851731675417455033114262698543459463918188498593627299413862638672564315989054e-146
5.79063263303397767622869994305525782630017081607408855016199476576183775279594739427261415546658851145084776470168091653e-149
6.13414473838345092820836858374497651091119789838356837940889276034092982287706291766166753757053867738437263209923825903e-152
6.38973410248276138355038394140101719886583114414955039521759662535513523216360720589757035163597778894205482510337318649e-155
6.54685871156020633560490157930432090047728600834994917542786539483108118049549918637046142585653461981767912408132498616e-158
6.59965595923407896734365078558903316580371573422373908813292882543455764162852740561538450187150667320330556863036792960e-161
6.54727773733539580093616149363991385496400370458704274616361986650253734288544385477716716455506614405089838157774596190e-164
6.39382591536659746185172020863272837398828486776078393180041002588138412391156626443082730913580678129970545075951754092e-167
6.14790953400634371331896173906993112883488929592383070365424040950133088837650602349118010493827575124971677957645917396e-170
5.82188402841509821337022891957379841745728153023090028755136402414898758368987312830604176604003385535011058672013179353e-173
5.43086196680512893038267623094570747897134471103628758167104852998972722359129955998697925936570322327435689059713786709e-176
4.99160107243118467866054800638392231523101535940835255668294901653467575697729738969391476044641840374481331856354583373e-179
4.52137778299926148429397464346369774930345594149307296800991758744082949001566792544738655837537898889928742623509586388e-182
4.03694444910648346811962021737830156187808566204738657858028356021502633037113207629230942712087409723150663056704987847e-185
3.55364828266415798249966568431188517770958244898537550931362989455548092462247541927139914359231874756294597761183968175e-188
3.08476413425708158203095979540962255009512365363313846294585928346829941373478769033975620103499891281505727223249972374e-191
2.64106518343928217639636968785070423809514011441193361553583842762696867614279768008540770636558126097179560978809907855e-194
2.23062937790479913546990683095498668758035482636143041852689056387412894944493047304510786010606525419915169745616476228e-197
1.85885781492066594622492235912915557298362902196785868210574213656177412453744206087092321675505437849929308121347063524e-200
1.52866596621765291630339009796805556988785281411830483725801162546198529978408064216358817167356445600270812599791993029e-203
1.24080029725458840609041404055848666387001040107005262764448995573213092514941610565226312635841270779440594642688306030e-206
9.94231007415535581803216378652633544767636539318952425997187464528951061818442392349569812787189669707056046816412708576e-210
7.86575164094569289401278780579615146176927641866259830693977424469106852704463917998077383534169042489759530709187269443e-213
6.14511846948882257344749047327824332950724720208015492729669862866489728675362435935997955886069564445124633366552554253e-216
4.74160375732162235605516240222086676659509814975320596242029215174760593113705583283949040035547503429880118338389316553e-219
3.61402725405611460065180061144883137697797115072652893477156414005152891092763401893253841490508767858140334099382101031e-222
2.72140606480129111494864503874158989230268911952298865570147902112313924015635091787088736062130096278720131098932304993e-225
2.02485570297715112719393232049225438415378654726412846406360046214519288702109443293964833379561083540714383258134155501e-228
1.48886448748319935823083258859724587070131363769421210592911798687146535810374590657327083367324326132878222983922173163e-231
1.08202361008953441731891903241078915021897793437079368163453342069147191722655952512592357098346167247731266703431811891e-234
7.77315811845929897499223442823842780329725527565225346001819986128930975019080118624945094097314419883126915972929683128e-238
5.52070889095120665837516649732842883756907334918483910512656240148388476576051220614307595239569900485175366458046649949e-241
3.87690231106124063088143714700030114997828184633766791090348483250272806584305632453867693286214817756443375321661973279e-244
2.69229327157030599366766468541687579859602905995671382701630891146022782350212244759630342559871401219752343973376370332e-247
1.84910252168290246817834113009400810343133864008016059547823414248642020844925992279965894615296292046533203278417836767e-250
1.25618377831718917675159044163995115722237679353271779584119167288479633726172549103237700146261067966394839183707769543e-253
8.44209528438971220935208630134375777703210210707471636990048167261287861062987561177672716036700725580610478385132859829e-257
5.61309526887613843706920631738281767089900406055499758637000111210962673579114069931963242045678673923278243607136209993e-260
3.69282583478693318228237257722553794138092372404934051734868494217738601038890835481554764503735969686367265531010664469e-263
2.40418348618940962388175297996454293058653888284462273264888342589673568384694554349970549807119771931228688496751734680e-266
1.54908729780245465456298516750292714599648123894627753392324963008810288907664016978073807865412224182492711660278179562e-269
9.87938327680136897042720132336050475763062014634105570104113284494963577217245006237715611386557552184264742731365941085e-273
6.23698439192005616819899073444476310456478544592238364964717982635709329051291039291487128400604515267843903239498700180e-276
3.89811524495003510512436920902797694035299090370148978102948739147318330657056899557179455250377822042402439524686687612e-279
2.41220002781561578287399084717077780962437555922121892390438576205023719466000556656670454981669444333169826438543742334e-282
1.47806374253407829832965125439385895197572031815025669356886382478568455555147399912175523885826865400226609337342979372e-285
8.96883338916309647044691295141904703868762328974670323767514456787429948756962378107861188627590202671277969279993806866e-289
5.38992391175666855195126980253548499921131207316508608033362053357830498051059121459051195088696035259181471923073201242e-292
3.20828804271230270949480345389016964238768575783636076210334555570137201220868524678006663743271449559036590430400715025e-295
1.89167927046715961644740769686920379857764490438464667576848204935222406380229082946937891358060996202262140583962685746e-298
1.10495284489904183203703720611518913468320379929009735734140306621041125222096426954987086073633759463938166228950166908e-301
6.39440303761019578725137272057401119608335531996584118831830478131025030220465433767286377740936108008901424936054206641e-305
3.66651550321685538259826417464106146564412575686114747036600044799899673291551280829866042282646850922535220720214568028e-308
2.08324744500957692193083191740969401457052599821656106270795479999942996188381409562423887660594801660531375409212822743e-311
1.17299968750539241099709004358653942261853941341022582359682139639607542898863406285148585394479054989037936604286499292e-314
6.54575718473991300779626140394274231371952797661956374775011939953167092069550258287659516710262583644184914086420196944e-318
3.62044092076322622112625077651700349210150883662586490472904834044893303135813195955563891985764703343022629472577542558e-321
1.98489085568159332298588310116063787944161668674663646092601334454437117947266006554585467097458718938060652123123652718e-324
1.07874503026173550162276255497860754317479167757969372876413768725237564101775003562274710379053651596772093545175898216e-327
5.81220382684124731477781549018646305589866205592507396963436253907529978996632562296738741266452864206746193670128761941e-331
3.10480973656049536045823477039875163242449896149843694959100562984791655446919103790992917343190632589073821404983313003e-334
1.64449668250026237312406502669425404259772190757332465550371060902961681910444440567263197745334021498450117269588619175e-337
8.63706240808961330422303060238578803885358144733888999739343807263454211714519120626382341099443390222952296583973840206e-341
4.49847000421334026261616177207593127023624033715567187364241566283049068601312041992907469322626765741120987804153041774e-344
2.32358987820936997035958769218798102801458695101016109175744610683393113946958699376501792005489031891074890394707149677e-347
1.19036366711545592743831336689958044467960397080438580520360968587803849358073104188781655740516922075345743030075384056e-350
6.04859586948910532234915328709136404816871936384342380692891100547783787388582846487711665348155091846269019461765162884e-354
3.04868743421829905360340387454201816943987871161462893494400756324487796062793773431306282937578171293482368680325182905e-357
1.52434371710914952680170193727100908471993935580731446747200378162243898031396886715653141468789085646741184340162591453e-360
7.56122875550173376389733103805064030119017537602834557277779653582559018012881382518120741412644274041374922322235076650e-364
3.72107714345557763971325346360759857342036189765174486849301010621338099415788081947894065655828875020361674371178679454e-367
1.81693219895291876939123704277714774092791108283776604906885259092450243855365274388620149246010192881035973814052089577e-370
8.80296608019824985170172985841641347348794129281863395866692146765747305500800748006880568052374965508895221967306635548e-374
4.23219523086454319793352397039250647763843331385511248012832762868147743029231128849461811563641810340815010561205113244e-377
2.01917711396209122038813166526360041872062658103774450387801890681368198010129355367109642921584833177869756947139844105e-380
9.56049769868414403592865371810416864924539100870144177972546830877690331487354902306390354742352429819459076454260625497e-384
4.49271508396811279883865306301887624494614239130706850551008849096658990360599108226687196777421254614407460739784128523e-387
2.09548278170154514871205833163193854708308880191561031040582485586128260429383912419163804467080809055227360419675433080e-390
9.70130917454419050329656635014786364390318889775745514076770766602445650136036631570202798458707449329756298239238116110e-394
4.45832223094861695923555438885471674811727430963118342866163036122447449511046246126012315468155996934630651764355751889e-397
2.03390612725758072957826386352861165516299010475875156417045180712795369302484601334859632969049268674557779089578353964e-400
9.21153137344918808685807909206798756867296243097260672178646651778964534884441129233965729026491253055062405297003414692e-404
4.14187561755808816855129455578596563339611620097689151159463422562484053455234320698725597583853980690225901662321679268e-407
1.84905161498128936096039935526159180062326616115039799624760456501108952435372464597645356064220527093850848956393606816e-410
8.19615077562628262837056451800350975453575426041843083443087129880802094128424045202328705958424322224516174452099320993e-414
3.60746072870875115685324142517760112435552564278980230388682715616550217486102132571447493819729015063607471149691602550e-417
1.57668738142864998114215097254265783407147099772281569225822865217023696453715967032975303242888555534793475152837238877e-420
6.84326120411740443204058581832750796037964842761638755320411741393332015858142218025066420325037133397541124795300515958e-424
2.94968155349888122070714905962392584499122777052430497982936095428160351662992335355632077726309109223078071032457118947e-427
1.26270614447726079653559463168832441994487490176554151533791136741506999855733020272102772999276159770153283832387465303e-430
5.36864857345774148186902479459321607119419601090791460602853472540420917753966922925607028058146937798270764593484121185e-434
2.26716578271019488254604087609510813817322466676854501943772581309299374051506301911151616578609348732377856669545659284e-437
9.50992358519377048047835937959357440508902964248550763186965525626255763638868716070266848064636529917692351801785483575e-441
3.96246816049740436686598307483065600212042901770229484661235635677606568182861965029277853360265220799038479917410618156e-444
1.64009443729197200615313868991335099425514446096949290008789584303645102724694521949204409503421035098939768177736183012e-447
6.74380936386501647266915579734108139085174531648640172733509803880119665808776817225347078550250966689719441520296805147e-451
2.75482408654616685975047213943671625443290249856470658796368383937957379823846739062641780453533891621617418921689871383e-454
1.11802925590347680996366564100516081754582081922268936199824831143651534019418319424773449859388754716565510926010499750e-457
4.50818248348176133049865177824661619978153556138181194354132383643756185562170642841828426852374010953893189217784273185e-461
1.80616285395903899459080600090008661850221777298950799020085089600863856395100417805219722296624203106527720039176391500e-464
7.19013874983693867273410032205448494626679049756969741321994783442929364630176822473008448633058133385858758117740412023e-468
2.84420045484056118383469158309117284266882535505130435649523252944196742337886401294702709111178059092507420141511238933e-471
1.11800332344361681754508316945407737526290304836922341057202536534668530793194340131565530310997664737620841250594040461e-474
4.36720048220162819353548113067998974712071503269227894754697408338548948410915391138927852777334627881331411135132970552e-478
1.69534180209690535463333894824533763475183036983395921876823528081734840221628645628465781357660958028467162707737954407e-481
6.54067053278127065830763483119343223283885173547052167734658673154841204558752490850562428077395671406123312915655688297e-485
2.50792581778422954689709924508950622424802597218961720757154399215813345306270126859878231624768278913390840841892518519e-488
9.55764412265331382201638431817647189118912336962506557763545728718800858636700178581853016862683989761398021501114780941e-492
3.62031974342928553864256981749108783757163764000949453698312776029848810089659158553732203357077268849014402083755598841e-495
1.36307219255620690460940128670598186655558646084694824434605713866659943557853598853061823553116441584719277892980270648e-498
5.10131808591394799629266948617508183591162597622360869889991444111751285770410175348285267788609437068560171755165683563e-502
1.89781178791441517719221335051156318300283704472604490286455150339193186670539499757546602599929106052291730563677709659e-505
7.01853471861839932393570026076761532175605415948981103130381473147903796858504067150690098372518883329481252084606914419e-509
2.58034364655088210438812509587044680946913755863595993797934365127905807668567671746577242048720177694662225031105483242e-512
9.43108057949883810083379055508204243227023961489751439319935545058135261946519268079595182926608836603297606107841678517e-516
3.42699148964347314710530180053853286056331381355287586962185881198450313207310780552178482168099141207593606870582005275e-519
1.23807496013131255314497897418299597563703533726621238064373511993659795233855050777521127950902868933379193233591764912e-522
4.44710833380500198687133252220903726881119014822633757415134741356536620811260958252590258444335017720471240063188810745e-526
1.58825297635892928102547590078894188171828219579512056219690979055905936004021770804496520872976792043025442879710289552e-529
5.64010289900187954909615021586982202314730893393153608734698079033756875014281856550058667872786903561880123862607562329e-533
1.99156175812213260914412083893708404772150739192497743197280395139038444567189921098184557864684641088234507013632613817e-536
6.99284325183333079053413215918919960576371977501747693810675544729769819407267981384074992502403936405317791480451593458e-540
2.44163521362895628161107966452136857743146640189157714319369952768774378284660608025165849337431542040962916019710751906e-543
8.47790004732276486670513772403252978274814722879019841386701224891577702377293777865159199088303965420010125068440110784e-547
2.92745167379929726060260280525985144431911161215131160699827771026097272920336249262831215154801093031771452026395065878e-550
1.00530620666184658674539931499308085313156305362338997493072723566654283283082503180917312896566309420251185448624679216e-553
3.43342283695985856128893208672500291370069348915092204552844001252234574054243521792750385575704608675721261778089751422e-557
1.16624417016299543522042530119735153318637686452137297742134511294916635208642500608950538578704011099090102506144616652e-560
3.94001408838849809196089628782889031481884075851815195074778754374718362191359799354562630333459496956385481439677758958e-564
1.32392946518430715455675278488874002514073950219023923076202538432365041058924663761613787074415153547172540806343332983e-567
4.42489794513471642565759620617894393429391544849678887286773189947744121186245533962612924713954390197769187186976380292e-571
1.4710431998453179606574455472669361483689878485694111944374108708369152964968269081203887124799015631574773510205331792e-574
4.864560846049331880480970725089074564712261403999375642980856054354878625981570463361073784655759137425520340676366e-578
1.600184488832017065947687738516142948918507040789268303612123702090420600651832389263511113373604979416289585749e-581
5.2362057880628830692005488825790017961993031439439407840710854125995438503004986559669866275314299064669162e-585
1.7044940716350530824220536727145188138669606588359182239814731160805806804363602395725867928162206726780e-588
5.519734687937348064838256712158415848014768972914242953307879261918978887423446371672884691762372645e-592
1.778265041216929144599953837679902012891355983541959714338878628195547321979203083657501511521383e-595
5.6995674397978498224357494797432756823440896908396144690348673980626516730102662937740433062e-599
1.8174641070783959892971139922650751538087020697830403281361184305046720896078655273514169e-602
5.766066329563439052338559620130314574266186769616244695863319893733096730989421089313e-606
1.82009669493795424631898977908153869137190238939906713884574491595110376609514555e-609
5.7163840921418161002480834770148828246604974541427988029074903139167831849722e-613
1.7863700287943175313275260865671508827064054544196246259085907230989947453e-616