0.869147587006560715165002636633108237483006505338458771502452422211398853864691783444283561989651318524898311276564645930
0.219708693499275958069210744927549716484115766535022731290325965597486775374278569916221432728794224588520709579528519991
-0.0403090435784015226969020203316009576267769430063924886359959030525417622126972779005184731986867524817599442753246662355
-0.0458017609158834216486322889547897005388798371697680569182540521924789315970542421484240090169066080964729620148128792353
-0.00980495866017412033667977137261295391694399665215978624445579854666111248347853516191637693885924840553992286980099746054
0.00401899313253462722052065226512290187560911176491084320256723125537340657544494122227149250060742834251327151637267352580
0.00314830308433579994168864219790021914025917116576470933863229699789279007664355757703328533553406213446215799904272572973
0.000471540701722246356360966339364856769111223581747216747594210390720303680152975648160444900597603763172212505435846295628
-0.000380651835151790417268838926239097750968151032943721453092114783211592810257537386933432407870258830909760683345891767344
-0.000228581232716387528793878315518287927551799058268311571466176456676848129478523983619887230715897974313689373503967516006
-1.78731874518711656831560052276705779948975298110041282140515419380881694477234957300054130443966166469170868859011616217e-5
3.49988978437961036402519297571091738617719456474730124964191562860914845500247142269928602099084554704721258430926240830e-5
1.67165358954831768117708518534080106204712149350106531434721914315644955920112872670191233152196589665883653901812257062e-5
-5.91959580373975648755763839925513048960367456237017065460807813636094715532425654303931574893065052575957726645063831959e-8
-3.13956222376038130542141640056181057834044007768374062033356784459035176896685154531414280687624328612247715491442970974e-6
-1.20316145571931365250053327604367654798595268371440808424465637981833348949748824162919948127463980224421797540773244441e-6
1.24120773747633892746040221143717906865269222182453061717911577330998869916647220406110002145743249176513426343852989371e-7
2.75275568403549518963448270716829299437537615789722097720482734874678142561039763815829966648208070174690042255859412614e-7
8.35659991628231751133892459999280770468247849848896928347561604378281088633809067348415781131303065964076793545954565711e-8
-1.97175902431279529521225472812128746826995645743920218200545476497205969619190258644771968997560626749391368880154489044e-8
-2.35985968990320357692990976257935742901352957904891062919960597364468818882962981613870132789698917974953161223167166735e-8
-5.45326860989507599115454139646980201595431524804946049853484990459829069113711493609576047884296906399630409217298017680e-9
2.38040460598388469340610745177838400809881200879806769735419508690988590294752801511679486745460476862116808943592467563e-9
1.97626781699185575468579649677060903820851424076402590341873828273452575927876976866058388843344587528149628413745251160e-9
3.17236446775774687758948952975452116951447963842674558193897215860064639920732585735655485791161642835613782169339303577e-10
-2.55543264928208869986968940077007249876542370061961981514794064020069584628522136505196433153292656120159074501020096942e-10
-1.61332275352849605237275804894195374845876375976361161576136194886946985238173225989720104453702916586825637245905126654e-10
-1.40734053190000451313267574548466053512119292566984631192647772104673145261904119600229004183856932491579061951001988998e-11
2.56152622331754925858678095247721165458724252906077563723111839320748062943327918228241806736523432433962025112595895729e-11
1.27898863770776023059675540983883436533363094632592554838831692472364523310417826388483581354297022700169462818501666633e-11
7.43771048304589485788945069729239167609151491808671947698767285351392940197596385341878080335160390958233860003905316340e-14
-2.44814978585517450619121134945748865482480557750873213742672952878531100259942714633541827159936800998925236234915992340e-12
-9.78405730249851755496627082351890114581277854116388578357047317737841835054739214865851629962827384656930262906852572228e-13
8.96822508104680495726212407731628842572485206193220124007584881164284035166110046542644435029731275909140629288849927623e-14
2.25396811520641301656289586872676568703209484201718102637548529019433651523347563170649563992696191645764181512607702851e-13
7.14377653551962318545252491411940645523855452039876341379141384047071781770239151577995687925517259016020651160758018437e-14
-1.56740819385999092481504946918398097079300386939329731222604748133167843190163298341942963574091956242582784743105016349e-14
-2.00941270766210518340657670908855404590830770614143697170559135367304698796761716301411861675058633238848543029320174582e-14
-4.87809354527328548152344227379973497411049185650427645435226355313198870576074488527298227801370196534035258320921639419e-15
1.99148193121005985666198511363823272103215098460479226635040777061128472849260439538513581222273297819694221787962440502e-15
1.73832539919058181901077502583222500019400016961633283035404298034150036368732557339316393759091260269329148237410109406e-15
2.98102163550662240138572812716937947045213398198425359796442935142395880643943594235497881531514289429516497745121187178e-16
-2.21710476366981036878829368020736195238944488078379044995267033796661663869290175280444060038169166288756964413592957791e-16
-1.45911738011065017135338684947802546065441828711807331142602306155377541123313825009383513402354180243562535321372842985e-16
-1.43507762523731737689199823035509760753878814660793263982584846739144592310663496393032236366330727361653576736954061088e-17
2.28679427854624649588005782819498155098084301041660949642217838349108870179142382356337248792998381510092775998203146741e-17
1.18565995138707384596565616074258904087472867413030247104291797468316775287818672308985607826165959445666704824396196855e-17
2.14413452800418515020772579453027191474514538613388744342927073889259623974696303274897743113383908824997105811965534302e-19
-2.23780785141507374099114685140194751580865279137645329160660229103050794514574736491387349035672346377156222748786523666e-18
-9.28016716571245711359922182768297736924152632064077072432270286448801712891458372198120578865664517280790614727679877044e-19
7.12459031204075788736848736534912921271758773479596873245231216196567505804958796203352256460997220175471760613957307835e-20
2.10236165090367578764591679105496669534444873370679152649229386318358873694634075709022630969813219556592386089793426461e-19
6.93073255703926605784589413264933837286486000112516072809036121095454232104102079890299815973106820178754711850364686220e-20
-1.38034425413883556045108717006631822847440850786542092715355213672608535449521843051819861554011379691614689672346041699e-20
-1.90785849564953151655396265881704783612583851727537038614688991089716801575229258948378087912905656268856957877867746851e-20
-4.85092611025922533663195109550624855336703492379590861932763546351504119736663280280618739201614207018424496364459774068e-21
1.82542741418013208789422326999393435472473926318557102775609488953732523787170406876902406874893336420453098092987736386e-21
1.67715572718561047770652827994150946890452908223628504420313843199308320545967553857688430227330072853043901495469848824e-21
3.06210511167978802708963269069618098716106267591478724920616730108529852007243168989557128318985789140883622954388534737e-22
-2.08370748257376339328711607668418758584940209557060372963766387888315134426784567718020932995288420267162767302265040481e-22
-1.42888118978960915571578325068725023462188492268074990216697794487794029318137654038055846775317648694704471974557250648e-22
-1.56876939965719456793975726527947123113349663864672103556185514277832700400045973928356744486770723453753944824930794721e-23
2.18977261914344135568096470269469407614770670660381377900588580465875913841629868671005499829382920381074926453170188046e-23
1.17779296185205211378406857068888597490961156655815601938872096172796715327037011813621327996799578686099297681463421342e-23
3.62471843171597950198420695690477218700145927548934875128236803708638419683487213754179425919737255838494907698387317433e-25
-2.17588693470189411529111856420500166901571197922534316793007339888832193810958286837615931873545818707686694585349722360e-24
-9.35172238067275080356469039354168854731803210966344303726922920269492969701228147678030565679291679649274423634214301354e-25
5.74758783407370839543592808823911909015074735998099139155762798501733688139898478663569775714219804463001435203016632600e-26
2.07135409437832072239193964897558434871498679788515985259285568945024632645297366417518579530629564887603902191653079001e-25
7.09236218614889633785514870881596085214312358087024460906122901531751134155005051787668699759470386506475149469025037833e-26
-1.26746749217492031870571558350350747188848067610200993419584432741478668935779046361871875346258692380238806324559194412e-26
-1.90212134760097084732794626762958241825941220866632319147803021878354484470128744348661269247928601562086169567167133658e-26
-5.05557542559105127669978014672723223272782403814721259084893004382311188854066013506146953616659890392710530403593073120e-27
1.74427733228637168409728106701255125239801581027598794663158116175827057597146543352271827740524562969883522590120749849e-27
1.69058707621877472948933144114076236776401669838347589130684770765183296646889782682802933696738532559746030856233726604e-27
3.27477796854860394386925656780475389001757144225345681752347479711969443800467679527682002742597133630375103293945392862e-28
-2.03582495109354127528992969526819541020595735960754954731031263044050182773354961749629451086476112087436960593724608559e-28
-1.45557568748238551311309496446925416916501159107115047612684471342962642588834274064696341046768556661359656052828873782e-28
-1.76504358110839975661528262195557470013293548614629989380386295093726169290852259034527197433791117694610556563449841277e-29
2.17309859415598770962573248435589268144125881973411937840206559575276083802902825332914428164614356955532289589756089048e-29
1.21244542566678653351638886974300075193465304780042095289545470464951551653681445737568706392004389589476191625679665049e-29
5.26819010899601497088492961988383622067664230518531549186906958294946278429089531647510125553608481430763678015874772515e-31
-2.18614471683972765956660154868070559960627679149398488963714650864193300819872515683076549707414523750725402371194887846e-30
-9.73297207365109954843827133552205995989665817193113936153698930181989990659213564609373961056816436918143017523228777386e-31
4.50679162233002497766593402994239919929809948415204778609828301052060053601269752286945019189829577484798619396125636726e-32
2.10310562707488972317127418821968200139879526030726067267689664136167476438756095998874679687157867174752289488838500332e-31
7.47255679059107631870000281069371826519213006502376179712440349754955067870262471762289693688402494711251516694856666169e-32
-1.18642972476128759513774675036305213559633923957303193906659319651940737087829290408165442632689017362945617640490334581e-32
-1.94954823980296036297511791597564952067012610420531479549475910007132510250306029992104766108178444269517139076585477132e-32
-5.40797145881336945560761943354312724635625000085293315199376185373638347201301453352662106378740558760225400775132976398e-33
1.70495854250541012957988684856835767770886327880196922039539677475859052913169011426263379530191145884175676233218721945e-33
1.74804310884402372398001333069776827040624775049997344924732489257551401737869901340279774417766156153631330254510126819e-33
3.58102644792816082735480690021857974077826934198696079260101631085205106963969140588376913874961378302063888652396766743e-34
-2.03408428056646162790139133667407866387747632776778124019424552468364760186424585634487550844497321093466576229055400468e-34
-1.51795329897463271568963262647829772755957504752583488927111910488250153632977633672100560335904431697969973546442484957e-34
-2.01418077513114399600403985560883688580431371236442652786937211448113275540833770045152958788587819322727510150277349966e-35
2.20305135585534544916174616842780879415448425259392750609490202608724151070857974867174665870456543432570736533571753772e-35
1.27539418770839102959642389561862764317001642892008981333682870272263597696817542959566556303506937469544084104486809705e-35
7.14068502811077261400456072988166507473268504068760996025370270950991809191553565497298623294548122516354470060102066215e-37
-2.24103189046449848579154051674818889073106424787510433640565707500756648177537882703973835672220198223531834783109845853e-36
-1.03332772632344089855777344042274920383114135938899746210988061312240957176305970856877821521155878453232447486748946608e-36
3.25162114368105089943431166536008454315917707026525132777390142261142244529778685968200982510175648114324301073196580585e-38
2.17596972522746083175399149771638020191757581018419197765079069450876728406332540205386545187455003463775344523841046240e-37
8.01757817143260807921048231357447618524995495943093978256448050878607939964262973464135588225475515611958078468145194271e-38
-1.11877868703778380541889880955224559002561405686104702243238926807110361654035901605664701006281112712406424218975568046e-38
-2.03373341647176867586931395169600316890116827620312961353287257484891989113438557618804201938710647620363554943011787809e-38
-5.87997059871382006952174291980461578750863161666025725386330427754793844222166343822588256588860564995188293545879931050e-39
1.68871888472145161430376072509598144187152531204742396286141482904922513438407795354550895162084622749063418213192703975e-39
1.83754132224553704747708513767581776651682111718012116361209241892248436448059346260145706573204305521873079690380768621e-39
3.96978982513908031330811145101406056121110603800086261421788420263076427752066344498276703815614922102376679083090392792e-40
-2.06120029768794124709250247604351614005816924623192374827981881319139338820735290428052535918227508560087506536729847834e-40
-1.60762008776569902354098957125031637229264580321087854082795602387608639509505617202511431841687134994512354302935519976e-40
-2.31593825023963379237957669778074786343011530729294013445273364346008524302080620335130379962200908951702594090955824023e-41
2.26469782164399647702025167058255804458598757583307261444404897232886299154003184881675861697723598163026663464596085714e-41
1.36105774178142280768989320691008798545412543692715807734696108989221544492152001223610558501433168672412125066137338055e-41
9.30298370358234745840021709001482352486246690077515190517425454754875294871947223463030167640646197666938989746658263330e-43
-2.32828440976234623624113828680082153392790124070513948346415844493045122950509952366773499615613715156479925659724848020e-42
-1.11181389087482900251425443172744705398714801218909175962558172157768151054250606658900744724922874264609524025915912456e-42
1.88942352759444186038703074096766139963953784308984098755674925861207869839955053819098922198293791754691500578951151721e-44
2.28031851976876784533008316307815458690084326360154090727229426776999543622421066896268847823446373671466120120951360498e-43
8.70851833382444693550269120755469548373886406978102710513288409446920557965029098860444288598949162736271973974091364637e-44
-1.05416355752334561440822996591546899483896191423558911153556749251228477841568619126363425909128850680229765970039864174e-44
-2.14745229569152794066249718641161750043974935778020171006947830389583581611071773752595751297206117436296714335086694644e-44
-6.46360516183321388176869138644427372527428846885046001366548643630205958171080720677366247585692638785535522674429141096e-45
1.68545874464471840768644320304520641720845013447958402922755447205475568994563962069280866091702198924458951563862762124e-45
1.95392813675671283833687444113021435384833688898773324920107939005778108291866930665486860432953129220482941669698000040e-45
4.44037862531604936393960229347180945375909134474474404014577936238858610175822667102879923380601434550178770091670358341e-46
-2.10810720315164033491509005863102710722562712432195637876033704235015001310068875197950155572131849657066647747117112847e-46
-1.72112745353111917550083489647561892969321001940345611154311442397359232461654927618976504057416837525268248305636690421e-46
-2.67410877275375774777425846988433417123837813548584448773915601215222392465619154651699770151449734717323192785040546621e-47
2.35039823509155594072396111830820481706371989378571251889424389356098015734119081762003517703968999112843909360711138377e-47
1.46733370990554887186575260545003124592499373747522671463831278283203388577068565735344254646493746298659064458753839205e-47
1.18171892636118286354608888493675568152497133269760746244137362920447313694802164859365098914538695925118255590561623471e-48
-2.44181546044389701967122790342130746601350763956708972751685302360162854523320392536068284492597094751077177940954717419e-48
-1.20767191491128327305269999610941856302093061364371027972727833368581987679016580708578334010219355808263876246495706028e-48
3.48580546620603840067112721681758649302539189476843169264684181677968971058115582423032177160854099066483376901926909831e-51
2.41157348152098675459368932635890820911041373399022187424312434881602365163165701644946207394561896512712426180743277066e-49
9.54188190641840543659521969232963397608102923306587081424347010740969443799510247984492187718296730807459523251675099121e-50
-9.85460577632193085760014224470403477189882792058959796156137262165567312444753662129501950241024926177456895031147566589e-51
-2.28748729500807435776157248809790641401869193915507390992320439150991301642697774255129036789265878147265812127255561395e-50
-7.16035556342436639336460234809024866190859828909033939618604327186155360352731142889703882157154797842266067710633184085e-51
1.68871328692964748729610500893970344815921017966740092972306091411945459787751689026921372098510430248410892166635767593e-51
2.09514623869178356502354632081684128389567796644910821937878838903012344591280351687799428335095419153372880794836842166e-51
4.99735320997386814922378129685693131299088800670479329333163816007338187771166530353765856771784273202837061788604227896e-52
-2.16934310854222688513994481185558324022079215894746467439217240262103725954168041464239998644868810343471447243519281339e-52
-1.85735857430419931698577704063713182698221672672615091284062050386176005720639337827306179352078672914291685936221168733e-52
-3.09487191735518977211988427753722784507288012923193270511406360365953437366240104097607385100570711091099042799301789124e-53
2.45583702569194079174624374502128117688685352435252821213868090347804327717342064187053111976904319097293510799887309410e-53
1.59382963402462510251115411345241759811614490610091961894788687340349005591408662229362885700694069029949159582131662626e-53
1.47505147180828714957233122345075153688036035433223313864924967212160802628411452132756619294526662096702718271214261025e-54
-2.57846008191163387386938808083516452602970381511025539337430322379767778312909478505239623191366459504067941398747891426e-54
-1.32103538364954641962299583007623249601485855548745806941525881656584863654414492631596361995919373180834788136875806713e-54
-1.43600980267871251360242914660279543304538041691966954268109540602497845062049203499378820262247768224698197067542780844e-56
2.56763400158625065863860335345693829562333946769156924423004557494219819408757251608023089664692826200697688275025822972e-55
1.05225387604021367129019226213533110795532081644577451340702221819484860496154592831299873959281021025124884249685395582e-55
-9.06857944679996824707484860057625464434507525152719488870745228922819631157735135025729644047269570440314425116211769000e-57
-2.45266258865069026535675053983822382860620841681155672690387983572284416257814618787772086162785880077743623915321008578e-56
-7.97719001274638578686576532226810961134942846257155084539276232126966041159857908899737970674417843392291240883730187255e-57
1.69364666640045875136726340580876701660930128760335492591246984495664743669089938054903815340606912092105183749919614741e-57
2.26077942745578346891166231906325253380169521695568246795334392401290607364990294247761374137322202860751967167689037099e-57
5.64863833115767584903845126307576563970233174743698808286590096666025328060858513597800877559401982975096695200483180962e-58
-2.24116615818781530849663037773384917469126410648893474832816451760982283245108687780381661943936490737322627713968719590e-58
-2.01648600685711673215337636705648865036573302713579584802762858222352371931586788622629580036057295745948423644505915135e-58
-3.58624410952378886649108989203745908872668603720968786934563036628719579769630927949183594338293649201226595120594327988e-59
2.57836835301198024161643614765125792199081922974185394005918893821375462226174027239339670929378678432907634058244795558e-59
1.74114381614994151746766826182754925092014124843775077924511611630121401926357020335397854361417266616185051836539056788e-59
1.81778709291596780464333803488420799500133412897488707106836598560040441227026268428738105374985892755108521846241129525e-60
-2.73659099631342104833422475945346959031577533604651269815492357367756392647117506347676671843563456958540821425930207876e-60
-1.45278179320085704336815541789085379649376470927957477577983224490851524586561011996262544002187036640128108124819321912e-60
-3.52995856350463104823439244609248949748946226105209866045861134699595310607761351816735278538706108691347158022654293580e-62
2.74776427491927361471430428963884853857194314505540477616755703359469705889514197630381854516902319429812163809451016688e-61
1.16608014805190644813006739245696483374698923826888912945790834717423013806502753134994997871642351199808935007539397782e-61
-8.12956058633895236085094694012598544544766869858423880722199752293685176018849119383139561021168875107508885578298911008e-63
-2.64297974684755229981029862385536225248427472081562629809187746130542135272580747251515423363065793722345940193622793668e-62
-8.92491467571586698822577786858959163165044072322559221084922014599457130123823307260806810060959192005322629886607676022e-63
1.69611405242965164292991933515823444569701263172220027332975315990127411092997112383674525014145777413911526693886462003e-63
2.45138267075154297027681397068224331404392975180187868668506606633052246946835183082913110867975090369584251358524280566e-63
6.40465575520751809975337124580088992267998105770152566790087972300728468882741997019713471670615841926439531632071511227e-64
-2.32048447044620110775319238939712360456808255648229441799809195886466095764750670543956844922703893557998208532250311249e-64
-2.19931486770549467440972636224286806185222634811689427544603790290569380198015714594291663808555955677759719136096276778e-64
-4.15909458210971955681133610798792008307418894077471521311993509983448356701858674564471905904320738193847022666446886940e-65
2.71395966166479633986063778480136485176899072554906351182974705132123609145798306648506629193990439776453403150691159124e-65
1.91094116829818057406936748535605935059518345506284601065977437124139491098539719424213163121373293668464928652320609987e-65
2.24244150169483575482383899109401185105944450420047859639018459351914400687941146584371358073085833453805690654603841244e-66
-2.91091372534848811468200152335468045866447584017868742946827434593770466884841001476434246434076674289495482011956809116e-66
-1.62671523692162515083685103727346493246172794964754388181586882231949623559013057739157488130875762751195745346907222573e-66
-7.29260414206775470897756687046094247476950383207965031729612401955548439970045384392940012485889434285357713971197823716e-68
3.12681614066217402895189849567116456839427341452233868041511369034073136360268902918461287212129253265297178710013189746e-67
1.49424228780656996815389256397866708367489479347505013197540574072326562993541433185260200562456422519892715650735609601e-67
-1.65944515723496914269914169380692169192878602366247727898055232625862914898831168331471498037390620446202369080013970979e-68
-5.22168775026573925455698899110183048707980871693625127346656260960085447507596338247962065705309578677324375821525046145e-68
-1.02288121972823478659805507694535208709068863742634935977112743299760972762942507428553102006754816472924151131571016381e-68
2.52200735984759937418552054581992704689474904005791478430008356751182488358893043952464164004309698354180810493453893571e-68
1.30471615179189638560489213781505613122841098761815185737292571743097815538006161344541161492853978537555374118223603989e-68
-1.82198184591190448447904589944441145039428508777359824294877789937007896358161507235470110130718007600887331096576194828e-68
-1.91077180898290447771918863205865167947983221200139152987354688258200525453534814451333707303754904982936197820446121592e-68
1.00879570250860623484435443002044083473995118548446378530284585636880268879277782686472106994632302575936585256982808987e-68
2.35995829543596273346497558869291659304094238037232008285304412567103581271425303716682987071546255614390336186899856089e-68
8.65722569237907904256141510021796989914655874953160927121315348368501542455183812205570005892255414363300337199145154727e-70
-2.32063334944637830877021688083818322856584730708672373633850732736499309600436695839475113006536009773356019002089872468e-68
-1.21492427431477622714740003476424566516140260302162494395802815015802814514105367657584085304984081277782462391742169571e-68