0.480344071485633010557961314679487853272378988220515684277524707723593688126692806814342228856408196522868187797825597076
0.0163349221436806785746141576278167887219186467145422359651938828437239618131792734533266978942143405278032898080261680136
0.000431539657055003516389816268489974452338837387500319089819312632387613918164645144049406639960077305749950879362587113859
1.00272318901358211594284714860923106023677462477871654968894033275514765319318387554339574156231968344257985041585048983e-5
2.13349879454712045309739330538399636990467510300664747024317539516407451038050567281921269029302749666916737071087257829e-7
4.23914732271826062771296480122722494603630933062704955042648302112044145051089215738927008651384699638036308036491417482e-9
7.95811493099163567333255618015948434016283954182281439753376478978634182454354822523822081162957878281902377285138821357e-11
1.42259480445151371291525625368584094696947510156159877121963389602347723510966833921209476308126857522754054053880175623e-12
2.43525015046176359020269622807371146727607746860660016376656629081634881760961952399745709633270149402984558424670541440e-14
4.00927240394204454532526515572194665698878677953649564693236588360981934397156865588673862496459056228827880222459083949e-16
6.36981422002291436637361460929677102833611182861019652951182421124007463741077275312798948943809887715169140487398957038e-18
9.79340426353584835900637703421810391378578591003503381388395805727046262633783699510520205157187057126042929138381060233e-20
1.46047043631549589714438215784334319053636397661483036164816764595332076208494517497709474998076025172372841268481757168e-21
2.11669855295265271852519094226252157404318966797141077957708539986397634089422781583875079579111741593399880707970728981e-23
2.98654846360524913062205739916321741224277719357962284919649154632564962609150052231711563120990121651404860058515925725e-25
4.10835413824934736490190109358309463376414453260902629952604887817687208444792765222972908596205499546134541411392661426e-27
5.51723435923822938912297516828240561879873274678638158427412456098051821820933432123276268953369541296316764758493791479e-29
7.24161159558795921526163628064010392355725308403773366205349460633601249358761509756496379356056603362402104013342812268e-31
9.29955282277691421737040990413028669342375175393007390347781679889328208512096730513046441000089433426850040818457459739e-33
1.16952818234731533016269036917454124006995074030541421457446101105895269813927932320232719054246593356191697957788810760e-34
1.44162483648094790910972360165493593778164612024567554695717055770346295221861777473834497757949902881233084421163072544e-36
1.74311297618705656843141352103847162826559474182417867002538603737151721599258419642196794058214640610198938535588798988e-38
2.06890813207265507458294289870581476191978917580628152584306757862632976366601059868325382874449606603037725508899376799e-40
2.41204479315583265196118101033712628125204790284922663258849848154525472508592800039156947110868119256644467926724162172e-42
2.76390106471448468280024108844945386243646026782943368210677726992492780074787657586040331534895817120840128425636302012e-44
3.11456860134115176479813561098056672320129788301748416429987133858781176584469125848597705105202010430518687902700768655e-46
3.45334419084666487614686135674464641431874264324656525010148581377795102970550123833737527374040876769400520613586424030e-48
3.76930614866769905003018941279528617336215528011148084691591190380340192099426435877610985796703227381497318595399306538e-50
4.05192933992354120637109880983531893207130537986400280386423380655126472695267915810482735061592769395700179452034790446e-52
4.29168832693738545486229218666769507893708819781395615791008581404441578098530183680718889859223678921956682528234871447e-54
4.48059930025194930614314457440519425559353434618186585489462393210966921427455415641882703045239838608711934268623102946e-56
4.61265781417198280858036735173421154404146240895041843871235218114899406052399242176936554180747585849244743932163426556e-58
4.68413997851264242236261525515141128904687926832611719154429633683988503046403133770056500700018011774713299012384928901e-60
4.69374823200646736917995410490242093333285453982479834904977600924185886912028943288843777040943700471434215746507627328e-62
4.64259745449635891397585082457576025509479654531395330300210552570139753094166219280010062403566822136287686327531435895e-64
4.53405126562537045946069978647648564126056481530900998085905617142917673819970509243868133252929027741856380556820659986e-66
4.37343041967786923911852754366568040245750384503019765354152756150563490821517944378000188478263335783917976318621236318e-68
4.16762413503662757298362783348576612620264984248024046477396520683318884796444010835414666969529067381539622702534387252e-70
3.92464036967587507834921218976651740882597685200944466296942740729507017643107899540298478808857039468823937795208564442e-72
3.65313235090225645120333099329226959539652748654188633788042848580158793524420850582646625822829924586675936207047106683e-74
3.36193642056509832562520336849732577844228287248676653804779265247109857055243093960892369891383397079004913362866340670e-76
3.05965114854800907566495332336489475443470026955375891957385150585301989040011784295634080220203094892488499705531891026e-78
2.75428059683015948198039167976603184105350933796309641935385500525049117621619857008571948384519869713497085461352166747e-80
2.45295656005852162807006781706623855272619009865731172580573807482068345588450479407464449255195351450087046928846239686e-82
2.16174649318155437550224428271502518266353087415094684669500259424985076404375458219331557237185809846953887325801637797e-84
1.88554644121147194248160966867808560084551527293287754151482423142708897765687671665528737546863937280667207680648980224e-86
1.62805217950052122453613049978212185376889542128902969625096534645053359881674747331417301412611551048478431799432295893e-88
1.39179728899181908894365258633892321976200323328450750778560431606385755012158586156875299287334341062450143378325138000e-90
1.17824413700832777014328794706354610294473137745045674503309118934621823290290840659544488769336788772654528342997369065e-92
9.87912624360755430470039632289766305093749666581640814845260327948456041195040890825157823400680106907062031785355691390e-95
8.20531863912236427515653655797574588750230659982056829553360870704603853030163334823601166364559091507931131621208356293e-97
6.75201355373161403259358866188972584318827220441060084454541768149789614890482839601431509202293218482053205358544494884e-99
5.50550361304105375353955169028377202776564221536924118180993058106006371323408063248342081461046986307925151816955211394e-101
4.44886724448461407439862564768187752628617120689407296805027318896010035031952047168227454216463198537857171503290342146e-103
3.56328993381314931828799445431453179397758670086365102963987706160610290836777045355225582621363763814877130843920545744e-105
2.82918201843246114761928374578041977761902687648820173461649339368603686755409670230362995099524860711958475466056099984e-107
2.22707808469667250095448079387036645322585028434442547771565590949882947944555891959956612311100779367979028044631051591e-109
1.73832049743241059174010560779828709378859436324127324967770840354613917611040245644403353680612078263556925717043468615e-111
1.34554253637891116192605462317474207719197607397366726105838614154803991124908029503862983835630300507894543267508287956e-113
1.03297517543897710771150755931157198811625778254080102209672264631685061476826973576352990517459809236697102048172298904e-115
7.86606194160402326224383423237660529198489152483354459038768293548825390452095141182747893782950207811370463640380243908e-118
5.94221741950258560702799544564419078409372997565328937466683394078051457161327686636584457827410691526590961178496975677e-120
4.45359455144515300103430270645076087403287015172406240339725451594883712102432145071397062716266780605068835739714383360e-122
3.31199516202145259791087468186047087864601217886079405039861224315091477582781177238424773935905516224385808121631610421e-124
2.44416327116957128588534988565135215218127173572647936000429434757012390068633719790405649238391586585348611852328383125e-126
1.79009313494658962734216833390786986163940306305667012742070671176460526540404580307254423124753613588251424329185845695e-128
1.30127216968700236013080837267399233281974559487790583178777361640368647312436593027296515501666042182150166477824636113e-130
9.38963761205906746976977988733010013076773953554909366002476269788030628312079189217004668368229728264421767174297807399e-133
6.72601268924223425963349073743439807344489633237228630793562753157650545170719145503169247635522939415416221269816994851e-135
4.78336628116801585078608832099832976881777891648628388157582430140132890647924533077181352599576530330291667371352814311e-137
3.37764994910252213722431633653049232325444372440052069203442125573535673697788938308139257485063981033675967710202932826e-139
2.36830516495777445289642904701956272458770857171560382767483147840934565195643240890706629753672409666105350042733586573e-141
1.64906874738181181260434766876955507425747553452452721094329668878334877473292979190915542156240797475088843232335111529e-143
1.14038920435705097365867269962575909072706306876512831816982603029912825679084446657094812614218413153044650986019267672e-145
7.83276281157195288292746063457588957686333817678826229681432046386825730554250029182304593422319616024148310341990815340e-148
5.34389450092347999436678437559641363316328455638357335691439990850047082625343353929671816254408625008822308163403780232e-150
3.62171675667645487605631992101519744773196548934182369703491601765386331215940815285414138891576043950677649672005482611e-152
2.43846605599982009947644861636072303808912448897965354863829838156198998937057318380089418065210599859110167096653406889e-154
1.63115695238418872627897023314384458921215871450518517260634000886541796768295339079217586541103616337224939524936000669e-156
1.08413174265301093118753292176775402915165143433031664931224325016646066865667904723938118639406241978155481008049562794e-158
7.15987466837038813913039233002936413137276477139319573032860667788644663003618954275856768385038600390824583267866995748e-161
4.69888639408828632987895726938162664434155552226854992427216242415510576059020731623400498924924072071304605313503322764e-163
3.06463747539409288391442151768540571123341942810400167851328003682594029610514592333737901381096890232356885909667487658e-165
1.98648715451993263812143827827745650104750465161318825377156725728425657175082047609537587962464646129834928431687346312e-167
1.27980015084523533306839610653866682957395349568254256723366030390047746295155731534936361678481160410835193454159673372e-169
8.19549082430827030996371399218156447089957777017724271052312514720641461811041754006530288974344275144950137304638423599e-172
5.21687350548224124815360891556485088135797341174293354919368406698054516409485190463284106169944604683691925382995655129e-174
3.30121446269556163894121692715271656154957983282768760855962125225990490488603521261088137819517355708199424309020239974e-176
2.07677911761590259465509937784521216457445424576046031887969833439662329504604864528192657580481466455443352308533577729e-178
1.29892640706751265989907831733786786419606361559111373745571692226161559590523772723628410772792000198853149719873022487e-180
8.07756554842367761423872532248640543940872571772993418777669424087731982718117920860092130426905054205893463600325008672e-183
4.99461138222468227960321609510754335437664570884725073617181313487393501120185477847868510495030973328713149166414868128e-185
3.07093961120748405188114638171326538336701578727255024464457729406383283468047042865661979128138522962476671125721715140e-187
1.87763796257719383067815736050216111388114522812531440034375647243065919852601985223763634201256384824498434881547110324e-189
1.14168331444709742922500597524308283703411851247161833843620553710658739357914900327762478678095905824299695794665636478e-191
6.90389933213435773257836086909124373843408938054173209287350044344730336619400802539618388026218783742412130024344023671e-194
4.15221294799412124213250367293707611270872377942045965255797578911377489569790722106492831188813970112134715829562287747e-196
2.48383150275622365336959558951756476671359447997497695432144658035076775989942088469220634803867370870376904113701426773e-198
1.47789156987571759879595542720520611097613499914630289958216013157120845098436373790245237813448975606883074565166617577e-200
8.74704069888713476615298695515179698567455151316951871483147903212723103062177304812038175879655003016933583227662447309e-203
5.14988695999012637467985761201238194782605022705756666809027364687180768571298250765528673734296192779310070854075361348e-205
3.01628032734664967772640446584567059002716437207423055106091992453914948864420822905635805998802623216237166137854906469e-207
1.75752818334838515511084144978417864306458286607711057855912315847633205589279970954383283271202029448645193343947071737e-209
1.01884538621240817121699764262749602829781605201695331994864050663383997190541847252436095202433043336305428412476321391e-211
5.87635637166274299754261700282694939589471954551810239116722894471811467400995275229924953081249324464849487147638355583e-214
3.37225164092902811561500477196303487519482012774797324102156298250009006586778425264078385311194752910683595904446608389e-216
1.92558044737154444951019469132411939893759646850731299496923933627399804300962891740025642715582107542636833920375255997e-218
1.09408417897983730490912028921513244747879388025858437015233609714185903092501495001454776264387165248612801510342701517e-220
6.18592179119163268076756268648811917661671489959462617044596321022613910047426431145565763925141269418227470576777670669e-223
3.48048429854313030584718578516800332672807646168605481335533077520334688590091650039836866550875343986738386550751703644e-225
1.94882647043677851295655170645496358335905473256726566478040303544766059739974622134301931509117642366292678476594005327e-227
1.08597866815736874243937766006899370061368058189177457898415577655862581929647643059009119565871241963122995039488552773e-229
6.02282414040422979527363143583302352214619725690426280646158119142512742156348517907772427704166398177404987490230165777e-232
3.32449514790589767482997835591037128302517823700441360553950332352336214167055662954862509496449135154431416019499278224e-234
1.82647391184261464505378395351597874870648350830034496609931604486274648451106516582399407611567985498341262482747886472e-236
9.98800752299400519167665765501460179943081489563433106834815999369065784201702375613789693542924541951951892172778834805e-239
5.43672032157555738138859203597612083482747577024724254126554161606447678708767924735500672138466660648560200270286037397e-241
2.94579661790199969587559133836259743787288560580349698788643329215007894772334514147214993100084992010667042322570528379e-243
1.58887898907609141131605957706650842544200125494807765458978938180814166512443431886392433854136700453532844427983889890e-245
8.53130791553435192908465646174145299568094078689587085446166385526198684383289650794289675055913751354782702315524033047e-248
4.56027843861935200366137728957565743529226111708367322709662564638502892384822775321533124509028100996266559094628019059e-250
2.42678920365778504486436452217345614897109832279275284064354259964514009689946149697626605050821048234877367910041885784e-252
1.28573507263321808260700059290334728969909838713898952751218868793588185903881585000562099963830331048857207953459573686e-254
6.78208546161368154205591427591274242616180162586642067882744917334399945933489828710343021351548170937648201570799188759e-257
3.56189196816437674991107736864442705358216786801900219717498809778035769117467763110317404265780847683350341522039507117e-259
1.86258944760810592072169952026257565404399359616412779172819116176902459387156097933444973431784630272315560179430214862e-261
9.69807287741092612778409511148339811191258726033134225427893560801306048268361396930036537572691861587936144088398467538e-264
5.02803708460060593400776625216175175419368571166836247743759218679757458706919442433913702028728672323969755196816361098e-266
2.59578581620836329308399614730889863555441565151582265824757251961324606676177829724509528947106608395492328955951792735e-268
1.33447070162719532941461532625004268422958364432777682112273186406775148268127036747707589418946248573737545206173090063e-270
6.83173973686277903052031079986680205996290820361400309721010801431731261873929913344299861089942679770053044934178616923e-273
3.48295424396477274244378669386128003784525649682645224430627259538059824876340683763246096709403060642215503329817543180e-275
1.76835863916420675421525416317120422871680040284816262220896286439001638807474871189188553255997940112117119019329605995e-277
8.94150911996335869657241854600526138941825518933500339767297338819422887617270416662571336670053909251491542816441230223e-280
4.50278081665717579626093348303345920822638472000418679256133333048655188761087180369767678597856468493383435463574662458e-282
2.25835261562740490883197234685291080152648133877347730807331872910240532846112745592280881740312707194658704146468263413e-284
1.12811912369452683940657181936656367141008857182863266890178069951504867954851998425623869546473890568647432700663233951e-286
5.61282603324117943323989718425392079439666126063117132913422706533642180498094528605585925700300107243111366166892148533e-289
2.78152274168099573797341737131041316707167027920100206835678874294137640754293817527013063049488995837230820893611335826e-291
1.37299488009669551081238013767176286214144210357686546072577632665906201171322055741528054835386663317538063790709648395e-293
6.75073723428621078616940892661516358480643315591014530475817554110734875559630942757667585439607133220015576881269066790e-296
3.30628318338290544773617459741807260998902970387511485118001472402693607256602270012846550643315651999453051045850276388e-298
1.61304279309329217348811411260644290557045638131745029418946521774704530588346805888950454989897649307888446537378839826e-300
7.83933152583872882010256803390125460095152276314545327575764222315985374690464300892775508078128964535828321166917236364e-303
3.79533091152672183137661350508028370556758105047980490982487549749172452520286851736080907080123292617444121810171276297e-305
1.83049178049536462943599853581261877688875298747246949290226469994241751056246931818528039860619034165458463216707290951e-307
8.79515213241303593294670764277927755280890007074384831687519772820702344299304253254563471713785063597902903647493522702e-310
4.21003940640444793942358646777958977128913935979459102298251554257335449160171711591631032618464728082449391515670141287e-312
2.00773260104461588208860838409013722170950781494630210906758175137752814925407035876018679275438246778027941999445025186e-314
9.53920188878033036970531378853199648146706214887450027388002022839429888240928513592298492901493097049878163377656766670e-317
4.51558587622263827951725984935512417148641024971171868956875840652320519758583228740596503132010375274907327533498431590e-319
2.12971451243931186079974418124270347118627665250347007480155096150225182501589934971170548333976787574384172080831856703e-321
1.00079033601668529234091562176024348270860416410330786455097167679804060912795570385910146469776490973975683729219012804e-323
4.68584958037762924722567946967149432119268880669311912171196471217122138406605786686915587367957043159785088102175216329e-326
2.18608025548906914919832759859778186817687989710223353995516371566023394113662030424586394194633984024286850357127954421e-328
1.01621420770173447303297001602954065806764073050218819422066807767321335153935284682129995147079080700968712333240530234e-330
4.70711279116408073717307056292498888639737253190445523236161805273250948727167098782240330204623844366017133322251935257e-333
2.17261516052606168360198600869050133569273890947259857309000347566644969084303173168968676341554033084763822118829915882e-335
9.99259856079899924983137361560151476408658582242797462312746138270208934903639742774861719661457010595847583638286951674e-338
4.57983662687831775802895744894190508584761161453124694863469593569406985466255890739678251583059300882165264512079303770e-340
2.09173094411657497416426038255448919712795192084792821439912706607570031804682215072371655968733596932906515574842807696e-342
9.52037882172677478188499715081964929687446485906498111468714902573012343289600878292195890675127866992501432485796712260e-345
4.31820643725199519041586090227370691330485649270171800559655671530214276059357187961413728237913305214063454833113205562e-347
1.95191737921070017786619301861331836634187355918822153967732127498430466585018683070504380218566604190839398840733124133e-349
8.79298489120402781378755499548509843337730982256204862575743502602459017386412297178187614908232154661383350662250813454e-352
3.94762604274225182033364821034140472181014705810952653612944550635254727244634829121565858322140161805951527583529232278e-354
1.76631556219460342810686200778857340724955454221980665811485352178135095034324198715769059499656579272790604971304310397e-356
7.87663896446827351438288334728681123399569970860532721399360464190948612363746983338574649768012160813223351983786066347e-359
3.50075401691743647489606505765189328647245680243049011840870089592116025672105294138275470606817282275004321867421933895e-361
1.55073589171387001950586854015939909923768155259306119356127805668007123315284131900851279672748505009398368128857263151e-363
6.84663476025349078783984858812110305502588958580806183608858384693809654070542726281881770765349595114419070826274351505e-366
3.01291565034980772921798985041635373292791200036359033461408942417192243887788868961351870133634925476547502695831924929e-368
1.32152264391821844158465717787603578552643298632611664531467932545676986690274136582427193632805027789628728431941602788e-370
5.77759801754162630484757626990855095042141071865143907957372404451489648272165961372123308634642914717249068534321622549e-373
2.51774817477858497857000095183624717772530494748512672188553532247373142417662261102892414958076630838030966179869713540e-375
1.09364561024094493575336099140065374040549249708626019636804696876353689821234673272200030782978977469973309555787841548e-377
4.73529807989766525409110333340375532099730154533558323049762853494369374530405457012070619696777592181875156359146684336e-380
2.04376693637676366795425189996398479298894203208380060017596459993920982849838550025548919231609379771708632211961222589e-382
8.79297090274218830662408973014779860555421355295295910240270748123168964732091167786928967152262965989177750492566473629e-385
3.77109032654799489224447944569519752915152593060443585547333994199718331444344691282382646773405734198940600810573940809e-387
1.61224859515419171607655989329583436426618843359883637033397279089797029199968359796811486151127211409244508729213098295e-389
6.87127809449497637173403711093335219685392610574781552149392971360643145526956892765947142895662372797117155784767606487e-392
2.91937641800630362424766032218424449739435453524604541601579270434916517412811082562319255465323224805193083131863357355e-394
1.23650607815435544120603504583078832841902759945483864534497452519350851418711748741874013403260402734586783882059761064e-396
5.22110561623009915747047061944215313346185055004903112564780520352278385645858524379636637449797069578074835560061074990e-399
2.19783544485279621189461664974369157331708935170998933736747162842988749732867379103432122156953185727663519979678837592e-401
9.22360474290602360581043997348270006792656902534989567718749133398377492954547338382699066561740447107682838736973197047e-404
3.85909343335348712405075326158166150698801775633908337048539232187290181355566266039103633696454256528301067119484235053e-406
1.60973809606073417780805372771653486300840735735889251343038404470227319996175408222652321676043773472680447437629858232e-408
6.69447662982025573243985306383141568430680902596873982512230045874800187193563364251522386536305886035915984322343445804e-411
2.77571975419746048102693244170163298564928329393762739679327368765745991322996364719384088859366366937589939122843047970e-413
1.14746176271596243920602073158619568629052423534106510010723716291037783592847414264376268364248679318016034466642537158e-415
4.72944773961897686087683893342684726428863500677093903923618749238521559725808003471306899639382426834774528662311050099e-418
1.94356096254257390356608260704976332522860736148906592453312400601496538611027863075066817170079158246714859028330455699e-420
7.96356081674802634184254002810057039441775058760864418061199390987616530511224766128487306416575820671140510330854649404e-423
3.25344631755284212665136988315223877257745208970431181461398945460613989036207421583738400356656364347468269598405717108e-425
1.32529621749987167420692322390911165474553578485296418565845946646668490712324147324576908004179621156779895652926806201e-427
5.38295743202871169281844115833878972544547876696853768464223093606864068576787983019477445542897797435347416939248747828e-430
2.18008415049429982241290703419543947258634046289904483417318888509256099424453264390338877825089672408425657950871762375e-432
8.80390795863217060631086559935145419696924704629598539395926268448027421460418118155795432216334392415757556264586068403e-435
3.54513844933138851343333479617428717448316537461674470398798984766575391040446749147746074968207797289763936330583797882e-437