0.979551548721023349288723114402178682564847694000990456289315143997955949080618946987249085300364200085782430071087724951
0.0200692429537737815845061448899367990200834017257743171399112409722076134191278138481615525649374282149037813448153563084
0.000373603108869777030259127032729082319364412379495709386035107884569136279308933522200445983539175166553228705776251413569
5.53740100688587608842915988416199643496575552069472859387484454539327890250862550202335211256480557301126933780814010463e-6
6.71239583491783097581706165051853748339231526016933565876495095802603857116726840879075645866866489679963141904344998447e-8
6.85288480810937937136751327959818528516925741446593890724065276748613965713232801835238954174006228485878316494948713893e-10
6.03241956159372523768034722663553841120368382523786818288803133741974799971149671061936243196427358381757704853526746111e-12
4.66334514045956034025095967282548991298054046779621372575903578230125422551525559470001252685388409713434521651794257255e-14
3.21212264880872809155548499666182913081733145298869495989764936231318406238265924200056132460513401689345054048811486938e-16
1.99458053382775461428748278838952193058940291913623105282524864316918951692298899371578269329980986670684722105182008919e-18
1.12730163843050180914594114234839841853306143126385026578926553317829942900663115598303074718571333999275444260129332194e-20
5.84560330180748516109765999928834844371650321391332329538212503442954201384494862575477506195237000923303863463444849706e-23
2.79997706713841414779148219193208751732665776719626492970342550624876863659296001842539799351718271142575635262892098135e-25
1.24602920109162617030232563135394156722435250308770916487253731883239725723271814198992945185173034218469121439670013660e-27
5.17755575427875744625956941427189714339842109034903570609405687336259165944294489074295734108959684780854224826231409807e-30
2.01763856310575864932498232371182512609794062602621272320118204379199465658307490296069186416384815649206605583978404170e-32
7.40213268120058806052951259620208022085876489630279878125845499670368128789444556794165835209829041028136942219738373322e-35
2.56536856965152371571478378592671603683555737402503729130348132462526387028465561079750731519082982458599459099849224649e-37
8.42457786853727330388610327583540513613061618014402603763879558288631195342415557106947788080369589114309938196779037751e-40
2.62871557563227444383026057928627947975182846512811767920464190731187816198944616193440670572069268633230909221844014185e-42
7.81290649525995152455075735526390859251380737672165601944631487566814399943232212917476964377006694136649914188344163749e-45
2.21683056519537763175449555884030779137198614330657534919992097194588329569165851561091509603471861177882522817653584382e-47
6.01719826266373332417042011729130598440672158776292817755437589667603875132651255313881237052206608986276207764432245943e-50
1.56535882379880160375274279225462714501581977423178826999200190914783727352401940950806919392043888889962963013449025008e-52
3.90967732857888663457738765109075062466595220756880543515656552307629169408050897669159270940635229364513679760410153636e-55
9.39002123793969261921507365668978999765588826478630412340428632097993028676089007452878937400009838746187154597550145243e-58
2.17185199760225465700125661470877328572719636542525481224011842933308343420799118377740354514783478357485592595206452231e-60
4.84423226128007308274997934232374583894273172578259976605934166949338646350007929949218929694831467898731655384475318967e-63
1.04328371860186661516785498732101217361444258535187574491933598983996043637299808988346571053208596203948552331156074919e-65
2.17208626149047337788094414788875588653749047571218252190838476641940957540528667990353027714798360853881105462285060001e-68
4.37652792468568908829337197853574336373154977123196284599411857300062566119768868950805039327882472712168260647703509904e-71
8.54300679906547565698350553770540948157702355265527919599253068189489081412204421565565144723402520027941704596856199591e-74
1.61712283553745096477402877670118976988429746877223418877552512944451252867374726621526216887922336922224267318716938802e-76
2.97114684091703155862720888909777323291804027619311836464744969992938053765832996126591032003034036417294937118357894951e-79
5.30308672702539523600899514889549572754701422240638395236683519952625478757125064601026585800479577684653120327525922703e-82
9.20259825687626120953933848517370622818341161845408911300790303878122396851895713639826371794999981484641540606770892734e-85
1.55383037358435687334123658402657209276116918895306710762189798448554147741509962310143770738488100923133084743045612833e-87
2.55461034984180080244889438968427005907994903526543427829935086299542164600695515683379874263770231358168897076948998323e-90
4.09235924622593203684784968168705183046547388026816404442517366229228381070081700349868067596148249344068775735686669686e-93
6.39198582766837230521018993229124500655414027975661055022622822944393136093695524471214067472510888567091578665748158036e-96
9.74051073520527564430072570202203541191172660365099932154288069028072097232209501239626652330477015590622463837660037822e-99
1.44900340330887831647994245041105767660015846186671361782457186224172135850554251401494776429128149132781264971807696040e-101
2.10544837526135813761947652686716515174316630405776487145343453773275630622574928907779377241110371779188839787081857875e-104
2.98979761582624994029124894088330880576780388952020049804133323646385287544528082027703697446728426700467167085268316398e-107
4.15130798496353434332946668073233577504897100802464620856998468604623134831417411194634759140686972257392103646860171342e-110
5.63881994425905985677713950476341174043084815721209565844582652982227832836346458111452803943975132215382178034265530716e-113
7.49646559605013053782591066348973898414142331660754208789313954597057856227981889642586099683995980424629774420383768236e-116
9.75857171747080388338664925584299251049334837506113820573500039020766040679218142354389937548384983585027429101239878895e-119
1.24441600855267200849245922391248437566325107646560039199016530619871072618676388545022332079101889794967714196037027591e-121
1.55516042182548848448594945221627471017238962374111773022835370165625828015210751270214016458211356405069632879133616769e-124
1.90541061399014361699656900541566820155271431446409775408475598519790234215288716151095195925434203465729241752528281994e-127
2.28966802793209131021368589113187743318646188449574770649194532525404099399421089122717169175279121024534347368994524067e-130
2.69952556420836205962714686751741192751486872458635391611100837975364214709703978318662773742499577864723723787857263701e-133
3.12383289770925062612398895545561059908953220426847276468237964448401637667550118192720627270428302262767579539093494440e-136
3.54913360222013798813093555828884579653725998634523167388246626140581591508015738595562320250176432109773134666738003159e-139
3.96035876298056689467918712074077207637915294452059468981299485054919437225307776966442387750488035792500191874179133440e-142
4.34172879337049436288283972966628983924541328164267718774293772292799227771225676056292520809597404457407515234731277990e-145
4.67778631334570128852271887481827251555757935381176750843651301124610303906947855877044848024562801880721786482598343167e-148
4.95446283795275712145961972908114662470494790239522426867139681554574166832858681123260000817076120854639560924228954912e-151
5.16007404300691176191113556752858017340527943078291879960975290396610097330438548265072380779839199019923568796428469289e-154
5.28614399564505705490228467836157953423718687342082677226099614894194612929650557724482809128982579393153048188377125569e-157
5.32797725226037121424632739056888324685653499151639280181042202017998711898732997432101543009132927466971965245084663620e-160
5.28492638713730477264605733500442996471938001226933128947878225024433537009409842289318802887128066619036163969062610043e-163
5.16033705361269719358800251309864293294387389914684421868967251655680237229811349293693191872552344019561982771007614581e-166
4.96118808807002728172007655887708583962199010113235279083142931609505463528146972870029080183486327932718719847714318351e-169
4.69747557210594735936811716824027624929412515380859105548753221633565815502283507119063479320526848643541175076705062021e-172
4.38141322155100564641799342790208919728382997380574169274757113513734447227872709738748042471664089444894994574025644391e-175
4.02653451323828086992711905670165293299427979905683865888476536095564510509993374575164092022278676641256799582781856052e-178
3.64678387246341471980477617759116218450957183120927045837110830911299139236102704245292862871978778133081159589499236106e-181
3.25567597369093295072127312751440401963626764373041397497780213776989170819540468594018905774699759304244044390847893113e-184
2.86558602223951229185357412951702713639720235157318372087670289951427455424613429248302278067690387836056485549275027666e-187
2.48721285297807281261922904275119749434482652873413229286445640852168388444878599207936171377490933583789836459719128833e-190
2.12923409339315246238322695994947166911075493363449269621025668786599315228371486256118549014000186475603039037768094200e-193
1.79815148149964960597212090213107542155547954580544284863898214889771032643757559860462990959163772684026973639564531717e-196
1.49830700351536782611353937971394026446947156896444051585495354909831332462057423202585184738256586716277210371590384610e-199
1.23203822206595029284456321252287098610520759705730006466014952157193615981675511560759499597192524891915805368797893811e-202
9.99934472973023664715849855512905286338453676752904954660290139374655780169844537200807343784702216207618325906290338970e-206
8.01154176021617345363753874473713123364487865999833358592394663141586932325649190679911894175282334381761453704083331696e-209
6.33766396742614886797733894723511118554994378005819342129341113672320484192397372820711290560840062387376163106476811518e-212
4.95085740740373714699896242581589470699135538091101991062078440881074913684482898067666704638752051344638772630307283202e-215
3.81977301640573107222653203195070146686164811620209434204560332376412533664931205945423025904199467635073608125819280105e-218
2.91116476815089681310252972986792107407794136124503913377945839218796620479509651934022110920727436632022046923757232808e-221
2.19196022215820079387869357551499033655260309524867417086891921876767236521432541772561442218425780680376919106690807651e-224
1.63079066561247545062878804271245682760479303239966696515215115369306727470055440646107331261307388241917124492609393364e-227
1.19901593544219500085178130250774392697335987169950958488893187159708844855651245184825681103120288858015954598441621857e-230
8.71310541269661320928282791666383783053903475319255528643765208168582964359770990532751086542380172544588313130502574871e-234
6.25894237163663114262200669924650186547270407973748867279371567913669157827027463798560647806298675851038147638181049019e-237
4.44494369886649629131107217733145119425213461949344114241029769641221732297693819302499839905193531599614011342009132049e-240
3.12122418015314477394425118841578786589790253481166999989835649549463921525037019562287350439920691021365838401305657559e-243
2.16736399992111882368432930759308150012030192798696331097112109080148608575451691539896089376248664405712085541777489463e-246
1.48847155420114639639572977295263068725478042166467540823440001774001536529386334747948165150161960989587665622073811127e-249
1.01112172185109000472868331175040952479313365733442960876654980725274048339022601184525473583378116154577364053421872746e-252
6.79472448147956779972462178935503771791278718394341611169567818529823997203086346281098055900328893170505105131469341590e-256
4.51747718564981826593865263833774511553137363878593990596124406117235249453897627771183845697727258863469169968057266631e-259
2.97183658268507869850751720629020692104606247605917779098123498905348625426065294915465647898536433019611412305440835028e-262
1.93466968350542268947431710824916309371264168255180978133316694813804461131230241193069727660623412519645079024720110999e-265
1.24648995230424719456932267206435813032390084615425260294996289910374855082773540212716316695181367788976774064972676600e-268
7.94908122570856513938029443127969555974098058291129404404623388401556314733908559649182549382824234517966230131603905992e-272
5.01806740160993681720533977864024567862232000726941156003049640271390129837510987330557470604599737299506200941745440390e-275
3.13611331828614114511012149534304507845973130287124859542680222058069981137191314890204901264611260486097537309382062244e-278
1.94055573468235528507552064394830078503992339570052762607829629924966705859838670010312557985946549745098003085801842886e-281
1.18900087202921677100360658817209781052233745374789474647929208843934713474666912647914010581555913487399345433176528884e-284
7.21442354752089344769866087539581243122290140689907572831949745900729841045470679387188720044411991425709758846133828088e-288
4.33536265876144877948652942855629332511878768958170260501531218840591549388783311641571472221324475941219544244929061220e-291
2.58043965053004956259757965984622322512847484972170899353445294516614652797633168361422533918972368772349666831418201998e-294
1.52140850054049232270080311577216252723826797775510293018386753282917283806762103010428953312483559537777025995638539942e-297
8.88628975535892171646754900515702870311167559861519143686291777444658544337323933954847858815382385249690662248133268627e-301
5.14227768360144467373944499646408965019625289901448730523101217242353101032313016096740979511457270663413434064020895891e-304
2.94841238550357785621975983606546346754895369452506149659514287336997684494775489871409820970156151369083772288544949585e-307
1.67515547365511960803033196699290298067623722639553178585103390027497767521733602602263194634284615601082995453364200944e-310
9.43174585389344994619469578816391834924440429575973021710815274183807186569585768592518029256623835620633284786509268825e-314
5.26301216610592873061194493032405681300608624477169041867998174226991186923627461813499122157955007335948327052818320516e-317
2.91082828673971397041819587377342268668669274045151682506487558087016897792489728846959137254069852136340752196366886926e-320
1.59577894886877240915013807409678377235871212227836665745604310894215913075943193804664651059550293177778033365176389434e-323
8.67233846003134931825724422234943488056000414924301621126981074459734853411640267652920699186237590059238010407287094751e-327
4.67239854602465606532967720601177481140984100006196284684050421052884713041803208405969635607344284803705478891704261543e-330
2.49583564637952357065896383669154422793790273542969334490855767150019874489386118552911406219302555533931374171492242359e-333
1.32189283036008754597019201061324581053475112226988205238326304280482292152604244249929583129098370646969294635966989196e-336
6.94243553267107021913751924735602683121260947366895554941746077719199625851144899752555127926010302135682159064032240925e-340
3.61570900328264206523964255934586722548965414377230969843527380204325278474372580220031819875714738262833733558915647762e-343
1.86754573162551320821463102118109586112164844872090911119429760368001599679727541455711834797847593841802759097732476958e-346
9.56697935597755859958259905169320275591910851950034849521306627416473664592284774206828678454278585221742237116643368634e-350
4.86108726711790712698310398961984292523122634599833024315163027909780938387298179334331388937148843477349281299954513895e-353
2.45005418061511655506955511089866667498570717563050556316964431270246125264023366380221744246116165060288164282405888617e-356
1.22498251219055188413219226949299961531345159835682826617356729727476618368898577191952798287030585743042869265073387405e-359
6.07608454470055154301950598220349076246307317549379131270002787715934703054735106624739188511948826777503158830206932052e-363
2.99009369320996228648438199232974864401591762550457149088577597046477918022321615699979554405039184175033834203763858947e-366
1.45995603128772476699031596205660164177016397567728313512467301192958497477285512924224894529473197425463863499010427233e-369
7.07318878172076606270406108099848864670406377080908623010185237133082622226468784685216384092884431918662309757460894995e-373
3.40045716789964621591726759482109021330738860530663591985840506790659135027919672404889402562426829690851913237831149706e-376
1.62230179301301827845892775777314576084430574059733606397986854638405469812001354531917147811739765542782045644631612289e-379
7.68110266959736200105907402825938230994148512952155289743999000345546488902314804740245133583884449794383859860285608018e-383
3.60942478035979503941213700233760906812124252433298541173660642085335496891811665056163677942337568383326500436631832694e-386
1.68344709372662350131930003402082002853446645901111329945064153552156118776695523474959325128618945998552519854786143507e-389
7.79349358944757344730607394295981806299647109180598516091197341783010347678878550202243716385564185551370419756994922627e-393
3.58145874019299486398355194167596986282193251925814029442960568524159615683028093480574965318358733671416647985930025339e-396
1.63382771280352135987478374779951630303243729121509453548666947804010428297610941968881453692911367567212427438328146054e-399
7.39936133210347891461767386117795314335582257673231101086610885040218034421990689905303333912542057880566212701046855401e-403
3.32695315534772442607408802654151905746776754577523122365263308929674505662457931517332814854337835499744214527287215288e-406
1.48520390791675300976429548633820881753729166359128335659249624544548849124942830592146805764227078859377317835313545551e-409
6.58316260590260246817803963441774118902693015281804749439392560025841440557773762014251779784176169417196779296831502781e-413
2.89743715369479644549568088579245919610358791302606268471109454441462274333200455175156223875803235395198673815764061554e-416
1.26632722887018041627196788350344029485899064976287440194586686104275434694803853296974510598180966160588889617244086238e-419
5.49606143798262070582882100420879717691506655381028552060628603618081797513459178076438409394190538709315592496654645016e-423
2.36892802903528274555783217106581841372605284977865331866472296408956363357003732508750879319892620764235742023070287662e-426
1.01406889467679400743074346645077768573941663583466818514894906397198015033989284559869279121565727965575741852625994932e-429
4.31140414585390724765214982136034421395424573486109230849596533170794814782475046532618210435476564203211502344268163017e-433
1.82064713583002389960974819815113858407856649237595595716488018829526787524382183518240334416576671386688280554783881506e-436
7.63674743523318236396077686703632377559169459849820137791158806361842712704454233790400239034604028579942713271382623805e-440
3.18189783241704547083843427744974220640479525308989866448269060966146381599347397977363807610898509614527423003288542552e-443
1.31697791106515910951970332705159735376938808442979164452988887507305781060001294016978897316671276581547659349086218026e-446
5.41507221431971121961569402202659842857323321648345504175217613853751019013013118637839612302389772913823587214894379017e-450
2.21198568059372825794933802864582106100395929274334724675502283031105382396226967305898105931138466936772198607940232273e-453
8.97699982305462116446140532246027846513243915296527865268494656051472221292264894255374312814893684430602071636938845398e-457
3.61967250520077188045225506035465702193610842738298185258037239755169197657738551162771365709316553822782697566084914166e-460
1.45015549536032611639087949815549107237640270532913048092503034502413086525460917815813370290517466691427812612060410843e-463
5.77277913093875473392134941333665163165657753776875684461710444706774141066703735099854971587533514254192326037194031354e-467
2.28348415538610549865084545950745925570380997488185402644202523428183945152392614760776465840085525587509587469236667059e-470
8.97575832054951903817365631016363670952823831690750022921409353955894303354158302017147984845798148090007627705978517504e-474
3.50607790451682788162725544245281211203204845400382442023623458558968004345221524318245550125641044103766796490412312635e-477
1.36102530391023966878536465115527648537627643123931088541708580132070602910394143608750559630713535877396343273397716329e-480
5.25075574609050703583664449828500291034879374505898957102900265210207861645372189942371544272740015872207367930741819920e-484
2.01328361212474673425069352073551015688274635831608850040918460377466326625221367037739019858231784740176339171769838012e-487
7.67241295753444173962917545084594181004272716799370853761727214491892555880220926654559698949782206901194455816825895448e-491
2.90615649247835963914977846681935254861527970830940313812194887303416056591817549276798572592996168596787226248625891745e-494
1.09416290923920932920813262399939204701420324632446872295591063466050772842290466307359687355577249100591774807394818334e-497
4.09483780872693083237701188825252423305754615812330120763988080660385597356279890446872861094655644410760628678463387643e-501
1.52334655647024722198704216200210494783356229973370598210529919905569945471870256727063447317029952287459451940231847153e-504
5.63356625410773024976713253562422419883252346519744390725558249726284405819002045765716438812211590562476918485132143784e-508
2.07112343162697331156897631301885208202178415826536651059111889244550563503519720413719762681064991902340135537937267239e-511
7.56974881482412436214541284203893028762981479347482235317151150360627701258191328882050342033644763093551144118886822986e-515
2.75058276065585702766281656382578541704469572793708904135020892012393159285296497666446154247621404206769337529015777335e-518
9.93688822892879084206470593139984939844980211250296113913123675503704657115461966032343438176104145119830281053598091192e-522
3.56921773687772660988943871218260665279744294984313115149672977825992767409241991271687868950256817190289285865133486485e-525
1.27469702660511634096626133439233587263611014182220955640837103332457060781379867110811996655881125434451039107916375627e-528
4.52654013386869457405581377204264768238356209478222203962140782110060902156508468981742527686028702179675495540971981854e-532
1.59832565051850701168958294894163294985255532227094804035328024788183673047448318452006661418415971706409247644534314451e-535
5.61199810296667279117964376876353059946710080483190706242509798111556054267535552330076085371402716792430289826462382379e-539
1.95946188493323518160870498305987384638593761334150333737593231921221061194381963461945062256526328871477176296437999150e-542
6.80356809586259164509673277807269786055168885946920761263388907791533677864883170583462998310216943731083513497384102596e-546
2.34925773809477494068723001869431807386082960518997150518514245517255746756806150826019599823168773600181460694835906496e-549
8.06736795406814689437194324297918201504874570607381174406633772694871311537090101578884732970462090179414474910253223334e-553
2.75520199846170894069393390547150314171175591615949477418374895991794416558949478856986026034740943285720785788060966642e-556
9.35854581085181988761094273272660090786491188048135645740805200838217511859469996791983773610242596636649290097639561019e-560
3.16161854010689528338015267842287903730752985254286505520400693997969560277084320401248204495718179154966542782520303268e-563
1.06235442283493066716496524511035562189635423498439986198229163065223063788144916513645622205397321871761569203716903562e-566
3.55059228251258930409884820034688821675659482250413227557636014137646404994195997480182926248836526478334156214928108184e-570
1.18036415210870554042137390547935751195285188182381825656938077478791454305998124316696300537087778732886261563773714537e-573
3.90325870459933755998920044852855193957209665566380124320746270542107609700617619676069947140372474878440630784705373589e-577
1.28394653077327899069582494266648902035076882497850331164700821912802136111512713861107999815520405884610327461925732195e-580
4.20133047735656383212054636031269057145379649776817937185551615874298064410892624978791671701117263476597402794451837354e-584
1.36759958333443479120530042668104399316603366598962582415694866663619045462961231854752829228218437054062538758320797911e-587
4.42868778125567998893685314947056673595259582376594388028119952360830971592844809908003101389643933249752789241364205955e-591
1.42674649840340237988287521152688983105889459577764229738005313113616631111989267674908687541054490548089815284891046633e-594
4.57283732943078687750091868723659325554925965266169472403699891233179538798527666515854658875293692867978355485678484623e-598
1.45815367088961730231674783367375260847697780369111105516397102954124088992189510044387565002442462432976185166776625454e-601
4.62605454222915720085344367626790000227939181793305269453910062142909842944782898344511591127966427439725903815519437233e-605
1.46022339508322497027759519850138854593633163616594116179724293645582021606919579318193539777224609459817590571241998422e-608
4.58606316994843499480155037921763177354341727076488190855986178634626889874316604993444162573933130208981438793616931520e-612
1.43312445119207692770281775844503197194539471002758505658345032252509222585772853017987079437173465654022589536396345858e-615
4.45617028642710321539844795198685850406859716816393215119118239583699050036512663339351649031940080758730355214070760016e-619
1.37874642525089066480483129248601349527863187590091223650103888467274960847303420882563544057959967627605490173979775026e-622
4.24485061734037894874252189518016217239014609810536106678643680847802493141824941809327681935523854722868448704070654056e-626
1.30048800951275627182099116748423760895112584054138018869901665673903983197342271936918054862845510492213081483711624190e-629
3.96484904936733126563356368229656015798920376716387638341676681891203234425356213404201375489719710865124165290115650279e-633
1.20291145342111169549314970338849652167975281485274120308610471823685128741357975624377028920551373898349102604530637329e-636
3.63193103685489145327594026063054924184179294005701021285018470422658480812849776505277304189560474995543508215561858528e-640
1.09131115087708992225353991038249887325854330330292152227565575292015396091109454870128892355812388766475608101344376940e-643
3.26344798732683426740156645573910263139249036009619405932940465485816564349953748689691160667519244815224880553292631986e-647
9.71251813875553503206599390129016993013656243912393440485781090578233690556253091104967225624123844535590182022631536391e-651
2.87689414763916272762153672304685958926779391858733015953726324640200354986623386961078092132333621516013091903797115705e-654
8.48130280899696664318570678362799660716667322396124962349059799641601471890620833368675728542773303965798596198861942358e-658
2.48861414020014859665407676677591169490332911790376437431274911413361839616132421989187043371380480982017764968633809618e-661
7.26805893916499104454852385774261103020289510564298880163195419381358518809288712917606858574020687175979652555855418199e-665
2.11278195982950937930275830820355478002136690289815220094920385467165402480589373797598627225094985850961103764096697121e-668
6.11329956179949475947050360509273597776769400923960966803116036712469455167495177438849827338021397075779624859757588965e-672
1.76072179787188826919589753689837711043143091214131695123308915416732769116507329710986376602810118266414387372050507970e-675
5.04788081697142658575516324693795499394751786662847115786326897752204527270213437906771543560039115632399506364697511379e-679
1.44058825622965012215651898974916683275678396274185409044903350183584083617362572160327065630893811392705548393388654003e-682
4.09253241856711103150291606857074354365771842283814045020489531624501593074031924378514347179447472045203400367575980378e-686
1.15737697899239030936069946653993294528556567079656147863142818057550361651643257734328372721300828273502001659491462625e-689
3.25834371954850070148311884248935916210255141997341577403446266233675690980885421302483641953117814933896386685701094447e-693
9.13202533853211157692967359570345173913992900124664590378580068886106847539791337112161900911858691738782150651456980870e-697
2.54796940512702559289503744579899495264003007515504002582976191988122582541150363493094958826498058290690057109466996253e-700
7.07761368019305837760549357273095807839560104722056738608272844417577881996455227575046409590378549832839833946465166977e-704
1.95728298392529767432528741003067088395481654899458425870115110161297052951378115838937185293140797832182037627376788399e-707
5.38893582347883753144299474011106125365625732927611229387521595145094821025269463065989855244246831429159087871271058777e-711
1.47721413576881996699730421916310370426286868283338537748885775522978782009420198053726064306359324159009259877973889436e-714
4.03165446908792689739607041555543495015700307130349173823981395957077682253340776241716163756600852868905913344233311564e-718
1.09554656205909372173402380247657686820352528467409741804150277535353559377603921286263429182111220763675855619589105555e-721
2.96410970271784090510262855128654288339395144739576351596259890731552688006812337501107663121188467530656113829243463211e-725
7.98512539274399318702498854636184531074082727307895708095032765905449152304073117709497406003286668310091447172077697257e-729
2.14191045571984020435974775973532920145805292039379504281445607295909825043920054775828156025495699417558990908595132113e-732
5.72085557042083790147392934491454422953449867283083700838331943299399314160624822985357993109688492128708877237841015442e-736
1.52148855481952614640385045107533735755197327496899901980153697826023208680990174646741635467761189264045287827029277360e-739
4.02932494944365827868444032684738680388018183220171542830843992083720375943776005145325967750375318348529564885528396109e-743
1.06257499177445342133942968126476237305932395672520639831145247033862718760824074426675029439783477823728372027280867281e-746
2.79034763716140263482063168224412059720839703628830531996925169760419186852601268588100194964442646258996041476371123081e-750
7.29686193605427476866586163909706128469935959533302661236946384043908863727185184332902374034844197621010740551562382087e-754
1.90020580151721853620993598741969941067853819879482851958568415928218551758969302404393131731904520433885834626092656809e-757
4.92787161741244828869887533452163560705151055211849472164311453557405272459519573048233324342696109071118414026712539479e-761
1.27268182398084905091241911688064033843836608679804164217012653554269346985565288418984695817806963584643209526346832239e-764
3.27332724601938136613279243651933819575352412940097292646715244371005617467615769879560730890027602852574800614330210201e-768
8.38446759412899917906713066150833672847232599970675444413544219305268240905421753043451915747198387819768395790419183669e-772
2.13887464047918430011440318657662015519696003565575460700764120834755320574340702978407393412335975532118625086737082374e-775
5.43408193773474077850705897512530773984344925687343692413262972651704948710112056911198756273383621595428407777124343478e-779
1.37500798650295888820278908522127245669091664005178386946997208828691045331837731041979726002759343202800036530002746931e-782
3.46521003719071038105379535549799744563912384205925300725797640653634825796271442377329054159885046818708053427095571177e-786
8.69773702137427313838139837396195020184918881760509897482905048600513284828172402502103206649885378338979659650090424041e-790
2.17441458004589546176256010699244389474837348586635403964808019118466737024011382551349814823667895290689129688154033675e-793
5.41433033318282367349626875945446085652766829474370635905844251424008769896015658481586191155161152592937683810187602725e-797