0.1142145711231439910175128141125402119387984932078372050004921943688732452263809107204109463947694758845892609969161856741910776099257958827586510863149335366773720988820282203985868888910736668113533613524615278799286036308314787850742045968520492415848793290807964089822281521261122401651024462285902212640463356667173160596405441208928763243947221808480915066980528684371463519737216527386523246253475373825120913604577623417053767558653897985901127
-0.08217047289670545885519383676391323672194665855526649101720722227969390657997242416244475484306569539966803391220686641011340113740946435958609464377680430497768225003809438805933270909208040290592524347983408753472358978780465609080191739987688609559465653382900395393994632636453419266330566145705043518504058113089794742327255663836738374926705013457327433356118343180641363103851155032139658493211996186975391196989482122250718181420753197898020565
0.003660060288742986659215982048091468354990880445239998582034700565223060591135476814085681955469697688807681827216442500422806322252976598480695744349262292767685706617935275928121553911213023283503940128928138960771899790093218915771367811970606593248727994515508706821747870093391953422611719184057770656159562201622475553803271690375632949261640965106405594763914867357543260866555215266002122407268905281323351481405018436711913764184400414686030574
0.009454209948360210694099490853073201634611739760826741924820796466865427143347793525469967885247739612464679437451046310331764853240470257551988186041166133927920782349721312193691180426487937876771155391792539470441102244798274684806121224247393654196260789694337254808716219617817556945274584266788010109291208668065609005123731500548283123926849881046156144417961989033116857015699741833215638956698277948248704874046820712667523029769805152832178570
0.001164960593894893689838020148052046595431116987901802573554266491419106949173529657335096005886124227132753546738379288916367395994789892519198640327701943193906612306368712837029016569812088989288122556013444043242279801151915829030416302408524774408513121926248857854270136061115596268039879330007382773687068709519313414424073903244777005285662830917770728858858904055716135993819257510147293513080742727661304703779614588653951494740465920861219222
-0.001198591893195158983686852565216253813221817952304882907650932625297249836663418724032395965425810675983416312624382288666573817315327671868798406182589590288073583281061615211393778536809895479904666291934690824367995760047652842171114003653323639140552075497335455847908918843338792968278766736689619753635733457497088836856858971892293775696049639343768307245631593202563078260105677948156616226093826759400871514732090589512929262701985367346825421
-0.0005992959465975794918434262826081269066109089761524414538254663126486249183317093620161979827129053379917081563121911443332869086576638359343992030912947951440367916405308076056968892684049477399523331459673454121839978800238264210855570018266618195702760377486677279239544594216693964841393833683448098768178667287485444184284294859461468878480248196718841536228157966012815391300528389740783081130469133797004357573660452947564646313509926836734127103
2.492134542720424083753524746184738001781124870770120181764712855887704274776846365815406886754197975965697173435571511402227559141824160876085686207818535386177933464835181765329695996451560161026562978233976861121888851625549724725864914751009830577137601822973517756670873292653745503002694153238325682066682723256523537650820408592370690685185953395437206850214569578569894556511136530620566230325467565677914367904255811907315671243769909892112433e-456
0.0001223043234911645376912533096929664514605103346294548554089209272836055377216043165648351291891653822865142882540391413317363291270071750781715858337067079918138172832379954028734979724444356885455303393226763952818387587497450622650404337710722689309351884094887007048419643757735230271287408550069412990126653488072371603717491556324113628330249215916785464400727109176428425816323471324540824209898998189871940088094080781899836861232967294910847215
0.00005693178375822721113164893535057290270959819890776480450698070573932079540824599757532675545750152523260586161760342624302455124695017266518062806541214946451290904290086933492830315136016102454327162733253069463629720948726071113586714251684467536458044038692878463755810684352724576919731128438600112598569731892180899615647472024683663892935602889971414126265817419580956297290946814260893553191106824914007152851374015658613426325231363825854426023
7.465288860342138842744398095605601227181500706990795148949647617949661281348202257456060439448048578506546987332567947575770008868872882146388909003160581499220478133750143834010510794341607601072373115670724325529614865198516382466964010317440725689940790097347968429256570506153078621574501114837034208010049431178251387994605010756672504428066427457344413697999327164678580193582723020665352097519801758634391926310040346124852359947640261137446411e-7
-0.00001303664008946818418171966825170491240286454814593349014094375229233067353163928192828160696875429730863652230730709233389458846068901869712252837248701166197572528964784595959221912422453126928919498123952948704602643438299808012373860797711624452326815319182849117482133005534493599922786079636440615205883019455312948823398386193483221606985368588818965475747743509538627811593057403760200703590839447845340150266202417523282009300247146716851447307
-7.431999578210177263185131392218308000293471003020579724618023616591882740665544972307048597873108057194879995603225065289637539204007946637229571462859020601567936620351646428972874752955580530962215217873427343971274292065689496622902662559478959627679982476446963651970695969280505035767259163466403707065743173013728321439184358984206886353992965488678065168813070974141504736500118223180391034988992670023476520896218068910367085623151151514338177e-6
-1.014965032087020706593214956765034764145928501015827736055729006790370574536800230337044514757401164008930214377910675160110551653084975886236300209041810065797222572470945390028702230984450428213210916574122970284642703285055840357612991338435414731691579109189124592587548376343348160929540296627006922874449267212368739697285940601726297461537731912510942675412642410128484076401535413891647201782411208842968907320491620176808966854095915904181760e-6
1.326016990938677847180215347648938594159227044801130970697717012018119629058737962833090874052469146139776199197821190402021466972379557625800633797655611297120038741840000297378801300433726983836015510593118166239428130263114406384048980110949231039931417089430995955791103821960432791809201536366749076820151574541380404588468440977654742759069172187629769380776814668033652549251068456523779394271213460539114953514845003750866100730087966515850894e-6
1.098347057128669208922559391812242875483234176630976806304730058617183830287464106137578745767485311740228090320387413367651688385936782826952921815200614814752605722027913774195866291906965668751920194436235115331349234366618130269285467515229629396629378868482165673913405591123493139843117817668985081970681675455921866462648393028665630329124119821103332129430874601069294823798021371173450948766763205748847831289549088635369994710366335323164404e-6
3.411010380568931471749837256415030443523391551628218328611665398655954610284984488575274238681967796155293102854802845596672062879783423250848077740293905772708086160030782573348347397218586014877994990610338157178751043410802611814177021439568662199276886752233714137592303642353369138845987033260184040895301809480840832877255934379637523105719708999524845657475627931506976212630412119628483030914599516734954570176485318295926615988734537371176980e-7
-8.365070221606198324730899581743640528387432373533113827763648071601072813301639208238162024134014842645456245871765797056346135144352784610643293662383416107175558283872015561576932790987796334781982663314595288595604023623338880117590312689692389761494924725869676387067845267713106764011952903917067526266665520588850509021162516646293620896656242828021733763909727763263840149572337138738023394056343606146299845901879678907211076398469108517312161e-8
-1.545037392780903640056313431689651204982028505761075082149927240611285259310336872794846415306998532030104053626472618962787737452945844050286142323399973463693960282425073230805294005378880012882095528863782764320245784652409556278862477127966947507582196453235729172369416759459412777129444477181917852220089316482898257309404752144962695962211923834412973742363108664257925663824481426946710752992831998942659862986029614556256989882924155442575482e-7
-8.237228374450418296392387282646792068887828882850603208271170296467954170393739390912770164432505133159220557484326560216067755099154360719557576254021412952689084962746710465841232661094225512910624421884010242855152190536669723146121943998942113748012713182162945314567206517152655887638937644105162078566589094403461861501926223562442108247118840063016370617163057886464001002581268657215093618841929193627116068443137667537482582668485383517906546e-8
-1.208311031774546995382077165202157528136245799201605041631005997781818531051143007154958906128862888769556460023266858739817029901575174399876926907307383719422386825877535059073917819560552276780626872899143399927894039639486850525504042033582658590209719469756948031062460366245224241690786330900212778874858735726798704948553961532936338335669106847415641588504253375803578159178395229074372230416203990835355323108308805651728064902733556713991927e-8
1.630133150084004398922648982810703895034534270640400936296416641103503915152765096237781350196732736917396074435095101975689812855776824361921754304026606506296653229907724483686625312504637525152148330269698138338065378399330669005210493338896115876204102176182575452420044179045486629681281188142677448591704948512307452299408657948897990692663272931885007682536036412800200254985679307896180139784443429332051319055230298582381857060174528379404112e-8
1.567324509157924129036067200253415086284235404504993464691215998453845604600866986839575964376912057293871203531583146005171615481389177698228997291921502869914022209167717511355554296944151870652298019953420413485269766388381515495309188958528562042336544242605304607278239171222398067283899241793136791759599042943790666503379813734279661487533277739467780264424337309373234208839559219398027170028590868846646741565073135311909992631997908088872438e-8
6.572181439220779222978114160202141552410037085033650013159192048482575699002600653848696665334659246297598407943274809449278840867716421630744406027047880937933596904458482448255681965740501795889984440164906289189715941179491066183427859807225988024106495176098262195645937143918423116974744730470880703012614114804003295710464318307504837385953901749387600470093511699953333729492099051794054627858888141642572144559323960998729994120857939158085084e-9
-7.110526966130070635384391602923675727586468321642674582422046461690435797369616074198802539354801806412493527218326925867686631027123547385009252298020274782676293738445855243959907957640611563728355851065985087157908666324901610828296599599452033848689569010899658198559590090418756581065047146856307501056806132348583385623093883992284764255988234929953504798708082227493025973860216760695420729616413943368553664409032755451308318789820162435229935e-12
-2.122806045967450133267770953828174586325955223549311850352615690159044852905227431474492969807311981012808108105943350883771245205294267727136123315621714327125234169090381250962084793273262743150832825525662659557459628021445983126485848271709850379672499245245267187593199674665907843979012053752201795328879944299370269063862044998405430496838707706538295396632764795693382197375532223027223896045696610508174852395870672223346409586130308821600740e-9
-1.650266734407042494013233461003551566068885206173830561305685469290069593209074871694705731556918543387388362121990330300113886313118984356924468412259938631703212562946698595972279018898363486822269449882012851454239895681779200407875877097752440064866073148124303101622959230867388422709018586287369163326473041904448877034306708978455029983028129028786022821165077498836082939500605860232986679650500701568784145466308806521190056159693720460279152e-9
-5.999901358278328417960410449294551553475030137798547984828995052049146949484640280838426403505077686884479705737997620263036637671769749316832038796739593280954922795819465147819713588348422307276595693337377967604781128684643885977292277779515903694736587914342320360710743248418152336438810744497042768887898496570948136350888004788589499568169413617022281929487941794739130454110271608031308786009313614412724000937077891395765287800109845619414607e-10
7.277988097206527561320412284913985312380668482350381210527368003869146751449992734775636209636250254950220584781506936518144155112299987207227499120850678517920727512359875961213399978558478479783026900815269055672340954305934904314922874079839288249246994742276560748037292493493159170768771777153843984469220936379667264197214850478931392004491489274283609197557047477733112614803419503500604850205225694488457648867433591322059650487251733544298264e-11
2.616602787816787052561214918350023857565754140870875268980648853878984522435776756922582928053195710725234951067451062042403667628209344524396493013497410612085346800401801510770819133868009586552126267728038283164875776724891577770362330244699715703251810363694925025496384632591813601141009879605047626766194048831200573452911099194895972174094695742849613482784711538841849921936690720520605123014657386720818848537293422976214345911809814431003752e-10
1.887972949991525652284009983270920247577550526764160928765519679691845465230678189985633871820328786565964050236022631401276555749170187256927808602425931266103347989257072700895473990366947517916518111754592607869814663939018014907605873094218937532946380210120853514732584426855098883632475854956129591916835494983209635009874349397464477038860798427795686634831166222983382090018246808047570362649638081358793514908067104123881262568055454373375769e-10
6.543877867399389970633699019652770635523662101790088129425453602351772769578259021168732896138339936112895042946786779619914720507512703066644967795431376596363551487882011821137087244959764758399380898477409715705758767517687983503298426749816840605317528432527472075216848224354658416069096433595873653962974637536634964746387875602586516917825933807350376378159652076191246647414002238090465498796536336672154543977541894159300059801963340459151022e-11
-1.130029503181217119524376421908649549663579469676445893090055598568925310361369565767642900143333482040198591212038520221698287429471038646313780650205519600774188813516180760575460318412546462531987767582220894699405042522752898816229932010505467108580012774272533871568343709204205061768904446777715919076093151007104874740208523952705213158762399213032459323882408228800000906558144022423130155070217930383798769707799840566626961070326290235931750e-11
-3.254777686011443704323685339332491746077882604587246956897142548699307629524378340103868996216627807562322591496174190953331524523167885946181520648551233101648607920367728874611929549587925949826079138135165046830290120584438882585045550228277474906526090370628483330959245506071607871723557110297824273270696335434553822970115122430054044294772240545640995262926328259284612038009951212082874346768407822968526522321225956782495696967453634616314800e-11
-2.362411449478928099802410095468715023705087621098011709240660949468506140900337649125592050289785899732897771290844398785699194239946760352827321519261836913446874953130476859407699460008163556179008990369092336620885992052646084335568401105421055686476128253765647510908528423160527002814725103694797178530478538696400098777554372213348930416757091163884439402498574098238678275280863217725857712139579588236050744088699625813537295924032108013311569e-11
-8.571482517023162820010852667448545698071251303315626577660305049848859913108353933089865873151356368937560992474189614394719011198264194479846051329435626733014148625328236458152117122836082462983326918948338066777690906255401073121235087181381866295936814297521588446938863372485919326210567659084603676711202766952834782358783887551600107510742582242766327718923254913500351652539190932798902964663183702140788026262311872177316821345860305930802197e-12
1.134687327505110470269171618887572915170595898558537195711409221111190943836886436937875829819218452241053148790379003584715187175736442589026687036393905709035382338575555290526441616085469840428820476471161278102351884797311120495932331174038834266893579321765034520905459997531989034831303214702280466006258483101750793002509846806869113135945969607462209634102835565751426216785043671519298026690001489832815671980544123923519153831118333471035140e-12
4.111555686730468548411377715617321273091173579445245538623996441803281138652068474554887171159072043499501454680999529350494159933227685189504069872963736444184372362358175709511998897800663956308507854420623744314280273882249498063206576957351744802568971490544821687264320359846235466038683215802129611409906118020740520347661608800596884600592289210223068776878046190833634359481531404547871359056428711679640047685235725458190201919771454693573188e-12
3.191309247773249964796184591151527052306990106683975179950677430643234652462590350928217548429430439675893910246101578859041378593433217409801798144342694682469327138904512264813916834002738019063670922876859109411382562332327989890742954448720596995200000211093450839940200696769032399489993294443272734620244156279312104238287719635043869025994655654907121277703435339218407863741273194324900405256587454529669200292922367334993166060010425726731083e-12
1.299793867968392364684410211938891082044369141395334241977344635756526158141957082746673943961817942027649445252204859612277881002362071537208052777065963929208673593082138292004550947685692807001578901575205909444014993993155088986125352227801949208992997426682620200466401948834146911978716186397231353051858020982505373810814200253297503222494537781993607475013255438221342937884002785912456945110410878876018428385288600836211156780166870448299072e-12
-3.235082163680944414892739314398515231690958345534599605688340220949907757814680419198676122462720118286367229534885055451874104061354884016901631460551250937593383891472985012845403516024927795417735980381966357420286941195888511786477133553678922091815491205053286265216815125027269088498496524595567154172161051418111358242728292302000912425583383081905136327954839172322528822188694901928123373264384271143288330505808750214615837746453011255563949e-14
-5.170263301230455398415375076250114547702369262677248381542398165731756082927893863313456257177903005525219708792765909308387437001736584515257937803536467982357456893490573821257536487491906935749751222130419513337060411801176011914980167731808794743642423272014829751028830648129883932590245721774916509346740612528148822409002413187643498926946078195528394933479350464049525026474331265751736298068289846427740344122533508492662558637657561299420111e-13
-4.544289624816654647737021744921991619084113103721941999219174970095942970965482845309871073822668685270793420729150904269912038720215553369435319817471592633330993421092806361473971001069321534418871246761892588160018587236239247240515988768335490225297253010789536300822125461198771064089982506548041440870694699621929213733360439094166310472152828849690036170371468270565972517018817795642771288326892492884150472459168845216446768077301510266053146e-13
-2.160346752567000279943097985860639744440208500454928546441812126616609822570895986655383800509746431072323402444030580114389802212252363235724064015250297554242483434816067877687122713058484513957732263659496019165496573668867610999600029576058975807377860020998152609350246020515080619565980946717085450406359369257196750452970202931191033329536393078239553813898511976132433739686891642315344299350972991679623979498846080152844770567969658866629940e-13
-2.340054463619079859607557759496878607815368416786816733785942474486221096319351491595026515324015954761210349220979572329343170692249625390768453820353089675353422048228233250322937779756745138571575228334818803014706559912806239557115933882873585839021681590628211806508492235372159042837104516591585343772007492796108973617064802188117865058427274838191791825194201359278572999992096284597880698435320526216268834183144063980849558883195186850340964e-14
6.175532073505775397295278613965303987945011792087753710777262032397674681471593123206696577949636202564900427133835172338713487410179719160246244919148890128163940023088819705525627071539501513817596716605020797822319298179925648770923856281996579121017913045529144358708552602839388155765307771108415050062474758524815689159351309211139962892970161432288132064062123456032499729876136903364513030430773738714222435343521981317017273188779962321959409e-14
6.619630776611544817837754257641748834616358939858567746632431914370381995570946381110555316830841561306061482721753605976173270137836292812797887535356454557552532933755572020601715234267342266991871354803344608888522012847852217085255233697190314698455265784776303334319203415062562956523040566647689848748329425527516856136740618746890505250461284347707155443815109149032140357529244973198247923727653823693344112432798578217790983070407169826503773e-14
3.748253503661106804514515308948670267114613691404880306006243814226235746115353788536579628489145443205763015579459203978896744676063424595051724991341262124114366377076602735987243783117997661817393259150514705825898956996621770972947761517998258199900965116548373507650511873751898302360573263529717121416218109762505427051647968131726201025013606656001878535429673862322271487664836635862053370161518171814056137362011144559407792168092492888506781e-14
9.082638266177974372818910125598539532526741493963351936269315315552398770841809835411102497251164581270678064165488346424522179186775069110967717818369506758733669968794600886354761706804352587670501220128613115430791537337736604470057405572894349820497862613078191057000234805519852382499030379432045416427840226281705306255609707009608483636163621395608122689814048113659617175409157838606676441735474174122985376591465234280969509398137817842277661e-15
-6.250268208995158520228870882148825675507701978367631074598237622823780703151177937991019270977032863496860446403519428183704468433841031464462700909330572506871198264556568680221791426855912196817203565984246538553245256480338920919457571302109638997265006016081206441862363600096602682411115434946608605196975436690987636418514854047696116120516629866544204508368120667173418174811234627350342295583012817633578681971490355432510451444065603255600904e-15
-9.510967268976545006501593323074254356658396226654189378719479650633541793639664028936717663297739298634453091342699795364485479876005830459098937483664622844517503880360516047116096469555786990996990226644565540930929631981227894528182741146922781419765000369144527521214354131577140750123109522310894431871430011949945572266159640486309567433369942418841987641420646578721481007309294292530029115879685499190651628502152672355360159507522930495537565e-15
-6.541240604550312409123508382965309322388105059887886652081645651152926459815665768193399419687438743635633759882778806155460109445900234055044823302937217502567277831995921357421692657942073335091821670507670802141525936663543947521216335167892655862881871786150496070053717465153009733533061661690882268615308419421173922523155369863482601833451287237283618204788484012966124822634963982118295959821032169272071415602802619499425515995984190335942783e-15
-2.430339522210720747343545763801967005890209929789044648683900924798015356139646500165298400662222153051843316869221823217632424196131675120569366324427545894672031308738517055883558908416121660738731164440382974686934124415029623533055046231221803871876556108788236660043547401842273494694171041736235684189907929812156373141686908448010719476927404981877974340799273039175788383463274595823533950671844569194136694387624149894373368530297181463997245e-15
3.051780462619519656264210938755533711233153237256269934638444872649527310055770499313799453850324923525084722418091411637351426224311375798005104189390246148774941038348866110245578879635263956987586584403518566872964756273700021522675952046876640936605915889131442548750203252182095232816062787483705400649130628062406412118988147969779849069596939515064148821913268380840835477997524582954785057708780711378468352669781885342459972077834985805665311e-16
1.278264681761080389460824470803829494048263014162887602656121600976858522808069315871622826658243246787319387952218988317379471858942300782544411113005994158555218842049864381035032976378258740933324520381798441131775907328461349197480587539742907491076796170902229727897403604382404579254196020949749441703275549957647293114140081392174412803698735460372957213013641235993507955958804595687882143425641789551104776509064420891150453967216781399181899e-15
1.112947262950190976050502498799507965366077542191738888716835302996930474054634430344774766240057326821394028750489609283725205236142915010269349078829260572061082025509783674947113376531952848626954839482739302554223386454929372571039337650219208963213441950363547763548984073534426985136299377296018277689143954577505505339036066254825656749651425972619754063268722104792520635346366694414952686715714106621770543255022072744224003512736768551246184e-15
5.592399623606338285180896894419564812719856604582193662981168664229230331190510556939652907905626494959236142400105458911588418827451156248456089166461365128089059488113611833621624864463467084386088662267700376161324935217387026059739404276311440158591429709238273196369897763816701069411343066924973487653502486565519851404568017195577787030935804132338745667291519176436549799022945698272305172343026074660413236553226201817710954664246629633923432e-16
8.881764501042663957232817930727613837316105305680897887933420182432919092658931265716282879991235285574788351704202544154766637728224964161686574930943851788679553566973993089756869882575711261629407440133888363738861868400806897494357558347203219044333560827448586630237378312604880531040060711868640671097413417363642617434753647768212127205119861473793317725601796730119180967342489781799931522578388360877161972009646654294941534823849766961754735e-17
-1.436646572657770676611336570947241181665736324168005283494731394585189852377370628391538104506151305523211162341523353890401934309293965500940279354620352489096704873785781734560975986258562184703696965379261760176286865228452193452087844428908849222254430479494706323448285818261562420481535147381215585854767003441392473836243433385010184116996408464503835969375596381158928221164716131210970353343873034045562649685030249561389735192469795922016490e-16
-1.782107824375850522080405858840847916357092998144025393929466971995906329687198359043339118491575686765094360231451520063852282784303914562116221540670864858184699233213715745038237965014626161737940568065012661761642211354579982024315334589453045418749014878071757103793111253267417421088946596427300054032070108318656160902076843381173590977741811999338411395105280646614712040057596095498332034863234735304091116451088429980270521685568306971536107e-16
-1.163138549639924205795325199253611986126756371268555264908041034596551611462375118369395246069109119213087246807153385706225585201187890858966178143839768324951155134141646038388894635955804732389948401719504475637763032560255633803846540585865899394217431520186691026409676449480337001056834346949172204054552934385443371358898730647173734586423239405493807082742868611353058680994990790202600951559169375561892936621801671373705438290575847641809086e-16
-4.090449661091738269914199036638139276927388395002426241695366947301149922595886532723793974703659720022449652402289627824833143136448238181056412497709722068178186627933878767511644068659837920547614027124966860175519760722411477200188610988239400344657225980748227631440659653046462232810183999953812295500932405488869865985060200429762760894719727473261751204912662401182385216742503285254485954687190461275585858081997297963443441504369412336948755e-17
8.080155808327614485736233772688295153013896285017901530096670593259803816528728346391359688916161957974785904678879956932031989003868234974153356166290973990169974898288664446823844573668882405955731770929475220969512676488027852998640139966345591030791808762159218026208111397548928355772591996632541077869869233780820908695620012163848395098677581222156022372218759734253155467347139314056380177439644557995879365563291708765062511199730669969513636e-18
2.531049196353618245209884705803556342485462958585923481479756048801836844611756286985127639243227555187224134955649349141810706186644210631944170408821794712763809990839978560489904885716318644788122572558300632779030574748480496979698669598605660751059448888353656337500214877984998223366062415856114805184189777195557917914416710428209706904603705640095055850022009923269717615237401058876333306274924453456342172991910403354746682228405081953360424e-17
2.196988620836611105545994425383726118130025945141665436705636360960326329458679123429736386646048617139863182936441043057000020924308487167585922092283316288473278221126876265831805225476819189819281036585804236316173138914326023309913631334848527727814981616851499856926894394493257098652454461978950571146615536800438597133518105187998037921956022890032773021561510005732701592952723250963570630377496930609409415880746697620011152459393394511639229e-17
1.136700667293663397760513899588774026691764644496777202094510102151648018584395352592390876802903505345556087088030654476426728561326330382455524117001357081152465704273140514238982373432404661043991378215321869103916879821553764879657083066814621017417429396092803096979576572044577209400313103174653436168337561364662642713652654459478343798994887532309033854991773449349228819295877559770735238911121054767923767781917994116171458435969978179545725e-17
2.116891928987195777906351562518211587015247906829002446356405368472981977096239620409046259213122732654877265018287709557697025205903339984587494514522442935063273515910085088004174643619022378810791874229766884882871922647661572136997720925955657110012032114026860522305414985641018206108112756081879850294321110965500699097454249223473281935805232275763252689966957775056963317664784303023360655332351878177574180221415489824588135864954096823655632e-18
-2.717759417608907582936374972874165067986577360753762084274688197298119929380872523211321619105071352328055962190224640498968993162191834483232223722019666469367988075494650724839350815748604435482757387727339767511574053184640042379144380557275239644179076744799282847706865709556632743447874433965645108156291130368505273152469647348436320623154414783675059896847544349341050512719704125461811587142847289220742148424879654521389011303371329237310738e-18
-3.672576264525331310833811473525475353782414948760765751779801382818701697596710045443264073317513527069822795189661762465580373985365670933066043239393769191321754308919955316498459424985647707145327483950313829648932242672132196167559528225567398070693728700190445667790106106947233600373355866562969459850573818909026168178999210483149556090500600871896257664174723908140152602272076531604842868736229475968277096483173430874933247619600482370209733e-18
-2.575456787357570661443706188515199987111685733078808597919205317460087312982448557280877486241662696801924159298331278665120154147473608731642922681141228521089574821369287989478751384582055821054727375367014798105203190534996673769036682956763414319001947429074206648476792247054594748075182479666854045420273281832117996144435818405932787001448797532025631396278693104552083527886939578660798153036260306618070074736669086103140533365099515057118468e-18
-1.047557694026287450669116977129102721520805968857559084082455992171407769017272391892487903215495289355615924293093858990190789841342484184740491963085492039695495831036105446761219647763036246493563129304286750167593112428981274694343172612375858152937614453233943735796519700723962880041104406015201843460990216891498034736806563269670218334957029743105378645806269978679909681105868261982195607424946798658850537625402071470621281529955745591614284e-18
4.215510258330435690167572645240376116015665209157666348767394818741629592708262899621115424193368459952387708445672135534110452613379780232935968597565750116303737419377466083484266236597424723909828173340651846389082156043257466266127346186461133115476989106963544002221399606637329772554566922036353585120927738389449726805412143061399465896114486282117218384865106761497010651618230007868595912656584742573374855086699304464804767682952875136503866e-20
4.995124829932708110863848927410338416227636652263401671658581090996193059961091954980956950053798504955491352384353285122228841566318917663483592031284776376040205817978584300176450593829722561441468038399325711813415515459473945005129229788759851915800103838384207931359144041885886220307343107842146842233033050766886624068090020204070935503796195732135508041562670155623430158520515319509389343179951292126483869298062246431018352332190547541849347e-19
4.974876246737827258421308488718827706760226482809010731173702763311579275600407966684969580569917871469081626049740028474368761149389761052594358075353922798859037592122693593960009532968997348391699575898793515085242872699268105892803383401421791980294200590737015153570683360992298763200953537608256500629361589139053934568205243660612245512591289405976439930133511566160954044654546154322443435260125504680374551968702142616801174219328391292121108e-19
2.964013211970176116678695426862165644501732625056021699486439145126950785582922778085212080724572590481917436060550478192926001896038148484450326547185796316832584680846170811499837637675729036243744671535379055361660965185354427585934667396249292299843509767711779798346998266248742795054448513262484813129068812953074273569870397215462704105501408149272668496593642633691344295269998502524456437616136026908085043162979264378201639071433841399847636e-19
8.918110070823554309152436619645575227850719114614520580817244482462565215726786073127142226378167424744548626594679187599895718810033596869747982639508409715219850684666088822129167289793520600036521230885141849346333462078871126037222701532524231487148366770745020257376582508660497437731416499615818698132013062673882557397779535786550963093089734246698664115216490949172851559446653885857396869320588046621712618594501318161396989982061148358033532e-20
-3.782209668589110155614917993097657903539333555471564513289380200144505246618198938799088915698055649377603032724189038394129108066930079409219027492863206014574487858516931301932636569139232801344800730290383378626949860303621764299556084553340321111815053986031380684000221286972462319428008783783020340300421020463373644114632891862532624297995586630862138839503175557022203284894418677517830644294517656675855676468778199569160153200606956457799742e-20
-7.896602076903534896993914274776186558274351695144853308502027787115848097023417320835027654035789574849642811378014332723619974382977860978917865142004633980270932203658374403200953738394725750772897362171081955547645468269404325243909274842062611222696086544352571165517606995864697534260555965724518723350917950473972293207673408480219034405312820151368552515308885110048486062958191439019870893935154936009186683828846593473071653688560786552831694e-20
-6.593322001123482107243817156135802447918722694228891711354601162590528589661941284188364532855386563362627388181622610497086270193857712370669306872238650959210968589113251803792484818629091837491658893897007061624537862431341679981000723639162991055340130303255502644235412003287116096166048571447856838095544337619856497216671441389243005746543211147263140937143744148838308459079759927738132554844255276060736093827180683320270918364459670453805675e-20
-3.410347149173192273730453597666404503286578306079307658546734636174650467400422590930778535126701354995124597897061389181497273235228332344939533154692426634926570482130590983520164113649936720498947026456818328812037974787295062765605149873266307238371755709721423867412231118377491784504458605835238329751718750550875870905348089149113450299386505260298034300338113486428133560229459469359249493000773864757476467021577028801339196296577976451099676e-20
-6.481136763295832605082528545071910096941161752737250391985402801071024105900286048872104662069436132168613641731586343276665304347601999697292270474187633868862711242108715396441685751048006289856741446315744851110888760561068231382334390570784667303267710274398896763865575285848223380586351869031816060995258808469443654693405486747732811479651354690572171920671649159604504085073483119721538012585112006453448726394705507530955627459707868634761989e-21
8.424811452941553929841920147573398068959955628875254128368883949735973165733785875653083553578461359323184853661818490030660247446644570043144288517415337942019718511623036344786242325269178399098139644889795663777593171942109343510012891360632451140137848462634484183758022888019436457593949777593536994365961827498510110571274627166275605938479313817114305895361318012150012483976954825492365734381098761696121548820348120677150656228149996097285357e-21
1.182706981520223017172884027833844661091297645554986291749313172979272289871101584749161752828822042271749971299736180933647015850796472351867409376841605741356280781052808431876534428136710025229641045457745554492470629899229146443225400560735532651878551461231373368736240993369146592160438205318608115240272392430725893673219205933092266180914699918075677614331759650082752634174635591866631099710009325712969414488228741143808584032122281704443425e-20
8.756774776217930940884514372135826622193021588314134171938023203667224032526148098169738661181051767192241363737771192003402899487684127252799311958975803989562521088567586607564534141809290912015910340322734890200832415452375743437129893149699274816959885499125766939947962320201748478125408533809756004611507164912744543891100703654690697839223057195213531105162731521444765189113190497164165713652370826846014443036950781745550395627010397747353251e-21
3.975266370011429963506657552552075391769462264066031626113328552490836540928412696683049515570348521357035760083055550117734271831199573444572000839240074143299906250635069961463093069424775775844156907589854933015320917400765638249868653186174810604074105414203629055207371079612968031599287326499228054693777843896647829964843164032342182980980925001783368739421238038234118750218918140536745741902164955485324643480109995809365217412771853057752073e-21
2.747272673381043440273487583231623439243243644661761970775798450907712746121351538973112237690788171226098241040332432256781954357950004183381773440376528107201682811242783811036826927796582993234030015456722980823891580000129461294674212066477782677676926401346518100536384094126992019831673155572292453004782041102836087368447602311819797816731526741851528349186371367126103678730192552840659794081022283775638297883723111717394337010167243583099855e-22
-1.510677264259898522980297584981811447338538430632893202406561505447697462512012251287392019292246401563126342407355624573033899513063485351113161175529684469785578485890294931206626023001457142219788106227362118859968569739355366499859536470203655876640229154300401094525912448801505876753737003256721118984600136171045759630736416611688990284163622382201829601629366905586961563420916361267603776306436997021322351480181746135561675669424439701576340e-21
-1.743392015795366551990677378754837525912660710005302139294214791612229825318832073631407514214593045453835345123866284533591640271179196657113790307089226910076088730965487546741625917343562653533441626404226118171675874759099757805876964694445374497332010119825174473967004823317078572869484087655642256705196088635998490608744644077269643093135486864825020994070069670661570271860727328323693574599310484918007002402979165484498876652127312903635399e-21
-1.182708539643271152333249256160261754330610036097437263282473889315862808411576617079005201142625135403100099924200188032329166572863620424664726893305715268265004186638798497061038937171748876531927044110781003288885003663150712310532179409040940855380034778729571473230048758739717807563529070305055225358056897417052581399403779876771972284862250056177095810680332916287260588184451780914830947884505478259395066886595809228035056678193584350216582e-21
-4.753388311361993803179150866422905262507805545954720803858716935282911449053638720032509905487390801166995358458174728465560458942488430608946638524813419654158455193991669746058502933253302069802162935920333690045468441669105395625366516908934458683204230966302999177123631137136266101254296154516794246761337338750049031325736068320920696741989783778968316209418952854185090600564696044128603115478211212671878510083065315028892140587777477086769303e-22
2.966826128345944606354928813718711374288266884631331716024889641090695707303050150112716653700848513870751368108209439574884788561899141605813546710804325030753962242488522579423793919688879127266579108523538673112483546033975016845048765941673596567937326368380723994654320493196857807383280330928561964732671126808843005762118467931226382156584233436880559603876482874813266307758039659812769453650013725050522698033073829387528773810805103324958659e-23
2.505840356169878721119359600114729261639835973261524882687262639201598977615327890599217989412856913276736571268845468874622023627687783100891656962979620663133147373701329750806785175864096594015814494081731405687485188185547681614523446782754691862774256526066259482377926870595509603632665241641986528802636996688077848906156316416201369977209572031905751928433153529024317180881769832186238190474773956152541891583208584531964412531103801644806904e-22
2.577744424395066915910445212218300870624730545531141097905115068855693401487799651442703806973021475023445545738764489456858654618169229998112139745024493751227784183088617862108005544009243251726097943812239933075028160488677912903659794961807330699780924952983701928905348973450944895282923204499005121684840768908698563229260068400866957523723906878018336830070145095401893462955235945320952381286301177050258301716687307555955202593557622739368926e-22
1.640746309136287832472707103299845152563385768126479029783915565921890949255373566057195747905777030671074421996451278379749663180418511705929582853165239425170510348901192150648414704465095946248372226223668346771898028936892004572864617271813352188522461058703638898079676183210927718380088047229137024447328669916859580467532368832358660352502187053244693090622360839766343042618900566942992240614964604661592948578917465932781512183825919289518636e-22
5.912679723185890561182079265817460774013455260195626150518890290773726361286686708973860709735887029953380166453107081101341790783995487792770532032262719898332018677448678577877141807495966327975516360347950788755356630366345046577985450069843556026233086878940098368661660463370838958679873702148447170954229996677962437252538461820955409468258361237469125990973171447190866429040103480736912003684612727623455412786074690048558046357479961443895221e-23
-1.169730042793177877283248440832039204301964520173172856850330218972025371216611096951166358691752869757485905817329032010455434037776385659139673815197655507130583620099752470344295086398939983472113482987569882445216526850645442597064054397462018811719520603059188315128251958005942193625581415974208965283121176067775244832337960687000119086375418098904800247767122739880307192050455471534202068464010198815017263764838685543838220256126632507103399e-23
-4.028154882461570258489007711626374556508469707111120178420074075459979880704252456453819859093243634362816912620381101166589433975234804663926151854490972784233121609482216991473413679814014635044050440875823127333658269362599794796380125465027952943564466334654576397381566305854159080924144174363117892632051550056050855555405652042010678399112219406998983166365236141536699879307233633247058988483585397375150541983107741986345389607421424237276668e-23
-3.863277226976620351228591195475022193188267278929425051790120813354083079816207967647217836734918451842954949504203206679570692737750422267587733892904012154548006448260740973502671269880359116288370850174713413446344011547379569194033468560979988243278325315466534329285151292572604551466775467208826213261956771310551425120809026449431941056302066154653851991060798084272297117500511704770097714801658859485841379449390017099015225344896511209881038e-23
-2.354222358497372782223091975300124677672190520795273267503058156184557224976369612784786968603612896381280066359238033477916292389906458598090893539983154215011367750565699084691406157700315814186473205619122384478923837332096580953782228161913842649716245906797364452793942074225315613064125846878031857274852502875893477233661674410136126206949638217096650034267626006302603241296259020267006684245430272191264068688841165153631681707543490743596516e-23
-7.774296492860620221508763985625398078048134066985017328486901693593882180142546712282306071189603182771733317531556095125490814358226356394462347549302115562507130335159475929314621581319680040904208149042469624736185664793493415434854713534704080193014805914735533585824305995946576469512900994822308279932465605549986937197347070278949289579144095607181465754404190363931550433576268913298001754500761423248380564709677323166351849461970842741662282e-24
2.491144477881622210846167879983145493335818828007741925295642488359694758600573901610997110269101100693297537811932785086254242766407219393799405860659967693688436670788267854129488821851383033151671292328800681885513769038899801707049106552291958213796022615155558088952647002037208878231922683810926705049070839112817767374055257888190588194113290305392301130271788888501869673407164521607032416506771099584392713502732926865150463956643124091851861e-24
6.404290168823579768687586010810596592588480374984625212623128108029826418765008707916597826846922781718372619997196782947934350221885434785815214656597154520196148613018901008832086965408630127254558140642709601089902431882976804209057287543439108550385943411015046906585592296347083717183796531997714894780559050166747447793148652907445241013896394515927959808483239871097785232142584013874405632534319836861218374018659535279418473518806922153764815e-24
5.902431828097197642190202573726699749137051726435222241048533440327883307270809048629806055732016674055762104407298582496194060439500872919223167911986823304662095561721357262461640758404717149617248269034383665604820909940539748082258044687175300084492276586259028588154435619530791768171796416381296117507304598401733140630333651243283577385275411959159629682340346260097864827246801519611440615388747905047135749218057760467961166885283633238930532e-24
3.509016276349025807023026060205492375470027180766466750439014189781968526408645327944356138410179649004399002307505173607759602209357238584861694797821982021074929257664032014084541739997274609271476762844442905413667450537216809615289127225873290631050511351308670492378613487705646556681007977691326831086207642747358844449535310505590447637689446384599434072383999310924179633716963672337955702723351174958609600251878618156889395989531948608386261e-24
1.097772345546135652803749492680886204040245161295863997438128468238421949518872908770358368621793299779375834861520300925890280299407511133504197983371002484969343970965550815788558735682662322577030228613854467539965193123484680468366887099370286099044844402042310491238430457320532703018619192199219430972725554756368905328941455282234315624582198577846544187683986365882185233504040853287327795534631386051206175213139032338166113303131149295942608e-24
-4.447009711794999029738606720197257147007418393526636110375876787468212477716088420104146936754624196302759469120462260087802953063794682410219004256115053067624210175886910582676587136177694021148575169604085621684989076366165882713343870764253088733100322915458071307494390616496529328034060138418575720604017775383085086213439400583773340728286065676428169692413932612938422941764766082124456931278048460338767480004790670805896121876267673255149912e-25
-1.016668313490684917997866940748421586182161001921064547217377502978780664201731609916455445922824246195922489117389508147091543988901932626125155279026125392776039631847532348742333298053337278348143649141500700770312074198202665400291164454027834767209032947318381639281860512769448785502885114817414543006531153342250648136283478037560821198572423957669149684596321932062956242296229794256043752025072606018354100853332573344442275879777619175134162e-24
-9.217196950813519838171795725238460864630222848162714439165071665341369635807043866810369553054111698730860199550697549362188703923325479641346046079000727023666662725982342356455295668068295944060038085782872833188235814636565831943107566866115667140601433113353946353722130310646372511627306570529020714886047069124714687536788343827847160074751611438120240993120617864396800731419625303180677593917460573106624687034022213316602653284703104326852241e-25
-5.442941520481219479205612922816926387651921573683787327693585136578631004798202712917612947433137434900814702338607130473895427985793602324159395959111477882277900642192266519594415923352855288677399817893442236706275885785670032509283200190405673516635662729065563654204213567339054410449864682514740028026358244217073936695824279448315145886170499425138441513178379401720886545754809691672845220168003007592479452269205051592772936937071357823631315e-25
-1.682550362200478971469405293898900172565603184272395053910540692396809751921286948287426815209745273032901558372616126341759538449386844951270237414397613975363192897158296527445190199537503624018459770608492552880592412035951076792567008537170956116658238927524650113651019383521567010232850220600631174570926498877310487667838086783974033221832476835933515259000806275651516074537499260305994183839754127589775221186077795269908726450232837860162917e-25
7.217285519086038296487380792045071463634491396585441796827299846139228068478009280230866055410218396147267462625177783355682804994839787912722176375720386471826814875928687692091820028962107778660256218990368353864061921940523441946320821622473567475220487909629583364453541685310487569549076265665318233146461824458691693310001288099318933962570850134649720820131386971056633875406317649763344739639897050675053604740147789212407518567433992394802436e-26
1.617582408634725884069703754045344488098282095317150351009896417771404206645882264532885522826944998250579179764929810553841573529584656044655666663477020446641699061726758127647049114362452460430832729123975156712211808778924175331266879839621193400012395526619783334812606596686806886780397089752684126599012222071032693339691855552343378848806356514909915392697861837788754218932508270319682375122506730954635911641290489935482596037100260716723067e-25
1.471597454150519399444117833088451067820966520816730205292023677001636343905710939679186537005805676194021796847643258392925481353856643610179683531439417650218477016271899106813766408051837723102908113604738461281675447393025445654258104996574798148166847759158196884527830208612174617693941870929336049819859885136221261673357634627961796086776292875234053016634442309023330369573692898162728011033131522940865722347422100008612489897788816357853678e-25
8.779510391272869312374039774179828385372772405003057443293676762660908197057189478787996042756168209318454894060785109910505151049375707564789961279103252030500268199648934090045248973546517173059875936948127815642836791325478193210251930242340260045112709608258430790647530083099609363327167437432084330172616110889333067426096689092413211654816465367583704511211019543616829901368244669322264618922039324738651333386842831347873971033683665562406064e-26
2.800446545987001945539098767557850079320905039684735688282278451542950139260214145645287082477943039030682776798226871279914971193663016892842906187347064825887701490729972964795571710305316618904655705370681210027792547492293594528368531370068075013492405541547457873219219902572933103947911695511142254154139753851069078983733750273507939908298795009198556896703627880656488209008771608764117614864105027314145874172612002485651460855257667762713634e-26
-1.081082848354218846083398686299550419316782027480238444253776834336534112952402731619350532055705710219847226506240505220948764183553031925487731909973080254308598760277317148869120437355292015583779582151795123499899627492700237575186036503929398158072947126474148430589724183542535225084556323778410463866125300811879949706295176425475449135415655477476988407075242019253837355095173076611600441990621652284366221539506815006566079105499149101662445e-26
-2.579526504162675458081244323619804489627767049066803216567072836418501093865443160473319171019800760825951034028846580930428216280482530651957654566181117272296966133577938794189455157835413907987987865443129238040440992836667831386797609756734778721886110620172052060687033082489893999619891314577076023973229794356689512457728027946273398721036330800224751911246767503429823248379814315027478588350960554855156515437338124701160732259726901162888438e-26
-2.398471616150932059707764785066250787759356956946622156208797561946448927119668396322485686907520097521273012771104799307799298148306475312285004410745766484407208032795170558677427145704740942072056212271161028665642946770721936216787093973876130148288262797990270500150953886336806825354588314653868229090597817952892390005812598683593842072335220367267601094996941346221923168158152489471909671986488154327435882540009933415132112551411792460282718e-26
-1.468193396289790008009053383252352414291397413912920235578339720756890719415586444230451817300830917578088424864866723464961199497414641792997376232511759760823741194251458233448161497356808639337280788559352455036255259683359707171839140965226726606000290714076845132700781628700473472982005176078916475188028531098737125485198853877391237403251675252609258898075900839460305388110178362100763675212329565333715829383204593293703606832093920271261921e-26
-5.009190190492133812719298128356372892313426390722596181825180652891495297189371399050256709686801288421339121352491364970580599972723147828754347019100115862782275159655096683989470891897443323182656009841209429619379484583916690389885646907332601473839079726126272834954081963780608455804628181833104929266101556128771414397237115624845108567492723199674186807474475365125976115665276660069164273159234003369684661180391502186181445589000187546201748e-27
1.459024267327386810209080598171980290123834365618193969459442027665930765949375790569341166740597253589964017951012908630897643637816896953587629251618075225469170738569779563958814784341341397264017607222843665331521157376864814509045027201596184597558295208453812216561771940837376598884007488966198520531694073979625610138246408326959883217330575472194399677102178188168293345690015954174250409237639824000771265635093318126798447556577843030458452e-27
4.110470950302866982946045781355736346540728438270499317489820719533585855062428490651955872838615395794273418809658469428643917184785096724724105900217933315626550691728468851427129455759591983517917910986265912632747288338844255707903931824951005725596171764618739264931361725157481162941984399209530566191796308015970228151413962516644043939057083454587197487605013188308750772998539599401573510269707903436295305690235024016762082498934703975877574e-27
3.978442600304753288611196003564890836325379977228086985231376286554036651987518962890525014426582971175153550761914927686510998495731255826897165742590017016724819422252596934492738999490173237331279543144609752509426639739428426453215862168111791435924720065825227445325244278555575380427191914413495932231178116006001550503187602880931515248337594086968730031301787659519369557408933700307530843897638340913320854091134518057057915024245816902313829e-27
2.533325401035527177819474588490304302259247348950883936406550535955562338743636711174162330829291577063889438930473759763467532651645807485637971493084259471436178998142284744893653452048371598748376204404826069034736936572331030504438900269122946570312435254285633126652487315002022247290957118425975782383363517058877391961522329966788524375669869078378561072258193195026764590230234451111947312977300834679827593429807669120639126667130172699927896e-27
9.468526805783213767498978917406662763219273926674950623330888248190432730698799716421849763825637452585401852865890947988585722483354279096754919994556144274149000466294115489524064146197303333301508961093390483512021117842769225827303844991198522946044274974574863035743846113070544323243234410975822166723007018118972069909631302097761495084403670593111303072086287354008126369745552097725695139719375850631894484145244524948416905415109423420204590e-28
-1.603623492790273277763437459648231205584369778533950424408998701292154120927630309742214379193673081864427989414510412127451247182977266856024336761171867651896138309322915616249975485445830551979170515811948481919589655983976932231586424342685624065043656477418409683291690322565925671607239384034219679115770730843655231851773370392058992693549110240384942108291965025744098532316312506586056157637185927162596274060871514526352992453097421287111451e-28
-6.505069680252471584214495588181869560349300734973513656541600152392769884581016894089865179098907457833337142247476638082735718861433245547287450549720038885744079113755347000143805815218558207996674504604763454862069536990092979892185417787160969443971353674929799076523075397751216054568010207763782177889636865981112356582845383557023673392577236140628198117923022219544572966069296196372019892908071291327462141218697127961724131625920730604978013e-28
-6.687071346436371099687768823668469590502631865749202456166533446413924759310876397401168727966639690660016583201439069150919081628926885994743568815013002917761624429793430299881090340307554073846473654219655168933242520821837040579038622350007793767383038433113926525242117522671813423583360907089853428785405844523682909434220834114823838293908058332115444293933119572412436229348496349611245800281714726275928241802599955087928474107498160268741732e-28
-4.483433744439892164725258104508886213525398586288348008830080670236739436692799990278280744217491748693127841448967430172205444020903454015889337262491630883401494713689361286716520645411814770576370295908280338439809074551016538424737698578483109472526821003116930700266032504355159098147526222484649841955773890192985523858295602946616245252124283411262299442120283423819040615072696967128544138147269096353229068074609297933353192376808940590309795e-28
-1.858520696311843145724689512654436252579773279063910510803253950822603855246416471937261884879600801213722937854561707984586552403098758046505810230743394822441940373886567450020849860768291342592898397247173964565639426763173072795179066222327448996481193610808864792422633958211625639324982599774170032122686886421197430946991261113873693990824114227127046675370632070041517726421806680543910489014494851536153426940080924206893919655538184648113469e-28
7.719120881771720733876841556309060341744740892895283532335301781119310541361394861487520209457472193376064248856652750926226649391250842602324442899251064251024673429411302552561589705806593556314688128591915193173700479823458646028023159377599698313265172034241308547792395199439058680328218020570361373964296621080171930042439339372603587902356068225343215279301144055311665625936212038934527008751965523398649997940541661154255477819215088809914930e-30
1.011854591000210917393484892120345443344829741811519806990802488625087724534059662632916757039067779836190585534076439395239107465359551490444121994373140012532443759356277044036765207973230750581402531593849134494509505062401666488996905968515668686896972251854480528296997091313698379772318230464833694474758293545995889600560500121759553469054903019845501099710638545326855403512884233061139402881711767299277429774359769726264331322888560947875261e-28
1.132584839646485172569217658648329029189889014571953203895793506717312008295390828979635260660270315893525620891358643768393841460188056025310541776802286689470319100346846316276304482764106033121406912086434149837750161275065337172434821351411257818114752322935300874140932924574198276499829288342295264415506825448031284890519292325552224049079104513397854114460805023848714515860440103578709476484444065720630277301320504309772131169271264839805430e-28
8.085243301743539711398233738651270353383108539230532705620329353362814049900264287428488253530741911949763355171086698298989525220547855131811329376989896333033016696052942235810595047241383660566173799159214319732359959035970288269200739259436605065507064109368032546123299981254885166645263192245021537211430069121255832623875448165440429708271604738101503402470060444194316521315194526548236246915586721956972240284933682977436924301467853423737307e-29
3.732641666915412326195540517115340644487465503779323639200459228385621535516615732432263791593340827632417472318865143309829324919474088806022333590302054890770491340791696045510655795920342598625746900359797938819051282727379082472180652218868814582003403827447633618912927989674548041466452794091392837057089656541359390574848588949114328175674875452880869115964238423804979447177431258088008163148289811586002219723770664681200711880546114972192124e-29
2.982659360716100273770862624555046745176347883144770880828915916878201867988002056993061056911588968821219735018030596412137086360825897670565438157506613527168781183597311498511413655508981191060821216609379503693370188224621483305942480113387907793341625311535376454152281159894819435796227479424203820117479882220196637847514064370286542654069716398162322183010442607439239315278622411880654085480117605640620256923086103215186035471615508248899311e-30
-1.519890154763392792725841124793123951772077288301034968820077984789096444223044602324768115499103460494962291590091761498039075360190330433626007869354421332396483241899645345059896307334933764929097555713977485652471502838413779544400989388578748051976400822997888663528460135249108390983910442727670734587779224262047136243732966888963118122936362663962555667668926299447547702116454223126255173453879397725456666886212979154754788527630429865939656e-29
-1.919360591438234006762287924224867058367066108383950403364996750962234828492985761201813921780055585841421807806425719327224536888092433445812807823901135839013357070087282544036639319522485852728742166419160146325052193132255341340904711586202406515148962196776441041770520887569962527525843935586362248930251726238969165136363400175018961870205246485499194311814872613460832474775879574170065905512947055784413460006345909734359632818377588840427636e-29
-1.475577563380233540206347195292988124595652267419238108667723569066014462968096194594858055929487864672897367818859235129604897483641018641007335590229772836106006617899148998225500697855459763062750863942193537191177059288727021863917046910848194886832663370905133978028077835618925610508602281283220723184587833005743094053724282966056145857961338926499337274279024711704114962813995489075502990609370700941262949456978739569958744608038184462278847e-29
-7.585015702083553851939199587351502715011320241781419886597580148084496727716070069724348928939041055043428266413749152549016396297213588411529240499488433520575523497420026944675700276793748882954100944376781320552479468183513251067453093762804003749415977618480788609689993991285371027614334677937490642572622026155188706826371292784228781781079478759388171585353574352159684378191328025682338638048194544600721140316877339777543359860012441987115957e-30
-1.443310637923637839369980968700076182751109567251650934165935348943932088199279978829235896538305840738207073862685875764122728427864765347633510469334415277720347270870812634193706944519301496881305009263357257266192018199610882719972339933811188839967166425489225341667040168252532772631678710991846782970821882357450958555919357021061178228054331700354345119938200757098397700211107258557031501684956163562579115241814001906211956087376837319604864e-30
2.131471949103523275566533490492011207103131060089021751433796506554415485858154265060951125152433791770572666727457375941137678252516125002053421429450522998444096073504408671050353504288661311524991215209822319220452726325765749421289153170063013800249970071569230708059732562399478041605247527368848884358572885393773572196926654982608904773916786284794465462933034404240643248943456024734508922141120459716678821297577898867873177496691314952380573e-30
3.225011647156571296272321599412202385948183267373222344104793259345815490778291280693519625199383916857065841742206991840345949093849088026605680281058135790220577254033527951683988933462746884289070804350983580520005024891321584191441474533456497667018156480487521782857861031069200986400159598927674594606612166135812167275789570177405177043016665510208749223076406645810983705196885084065360442202327939953655695887993543178440140703943220876783254e-30
2.706047671982527183109227442707610102819358627620509592363477785058674149551023693295384748402324289659958627489941982089814459090427676332473294616302999215484898038265159213808102784924545550416953341359598076361016137362593864291762594363459550030140792214517613742174529265003272108957159871460111934054417110391094677145413848313330151222702524487749782072307725961259720236002763879740617280352127004805625544127876694946773655400004309662780395e-30
1.546527884850290852118860790524634757172608400508710441323236511621116222540559606366463845983648316294060077945302602382006254946971210270775406261138852464247771400835539803452776867487566976154784437487948373312923935468460712639394622600008817776450395500553603300192569877754952247667920719389201886281751224293430123165470854577796854734750610302237827673422223215618185629913234626678747162321153874936257643070837441923042299688692957901267633e-30
4.476847952663964125978859931799272511325096093523312465603134614843884550144598131508247575597691742138724331650457001437348695945917351961950438297126906540508910817907750284536408428804207196523179901849774597332892977712876969891380644979349796517438144839033853732250181367213279805796146689478783963811782253864590580005629867347191856710165889553617719909718225430520781200558026158550122882065898659097673064073237272267962292554699253906084647e-31
-2.573304813566028086155110471338081523273212401361907537564128435527446044383377140508318256786171510765495124459266252375107073682378632164780198796991733356359433940891387968568830440508140266389722031035146159191136373919109958137192735436323117533835155690293375745227530585294374951515307635509541181059227299744740533136752916352405405617164504420979184417356257304530995062236038791353074729815058117944659194246180621461302881993910803455029552e-31
-5.304946396577590095829967365922250704631622836043023764166877548619803190383808609992117860859084319828150560192937184518857616446942205656098148115178666358248126645387581723249872358943211183143938525850667695073503734506013492988568847707326658474948206645093699566078761408895282530131168698760264966478108131011801117470204816707466525124323918020874714471249834232145662958647705695079824844127478489823277995432675268985784358086829021498573917e-31
-4.948947127340201092379791320929996708822131800948267804608394047357076195219497380432389549121659279839760469093679878471974081823271831530108739597690206981128885347820182148437956155745912483067087274110793931698887861769063201061647903880620271996888863908433053185797670759112199733426633462406531543166404284832973489222768013746792687086204299264550525672709748458644708755446969352878682705766319842404195960596857649977942608555075091410149683e-31
-3.143203105779669960247580908113452120023418789966247533965661802342875183561733548014391677559474746239436639588633858191432578853415793007546262682530363533734971179615219720421569839219098222662609895472945038552416571964803857626804308503004996670875781433421682335015376152862266501583637190676268616120307114307045759262103062229127440820486336994011401861407001106721524572815438673772799944083253949561267876535532054122725159213995960263654702e-31
-1.193020847891147778428008945607331862745048571685783426213111171369968760326067188461643147614115969464908043159266380271044316500358413509333871989496186315815166740552844180483843092777842541560601143243039578515367071055588516131055178631593021398370658089787202183826373866811997940126063816359021676524832906707389037802677039919164743025676446520726936672267913588026497844208736676872393658745075671209689345733930375260483493814925809293259642e-31
1.923662684384018483852455050206359699559566444309642241015294233810516998955472902820276601396178339649199193112545543957951563565114574414186279300670011289689633122183209976517844712968690682601897674708540812151889191653973614085998265147597859980207420322337555777361550692881374273318302560055877004587748456188523055650248261856007625386649362836034250314749105975935209139177154103425763083253664906802122982887153003133583564352648047769883517e-32
8.374998862621611989022463044562212257353369589819830784864059697156397743963053532328704013150727177969103362361135907809579446163460604726828561161110213659692598192875297796956105274038616817701623746334435157127773608977774779857016726320523928104785862044335034778485102906386739662847863208430046377297293395107718754202900847904692220526926967518000233879266224391056881614630475806746160749782058038461008622244422871044461739133951628550947986e-32
8.947420812117070524236542022489570756420913137392358683429748041665365992187340813139972025856597613973689035862890843454914574892247123631640449422971210103343815560365610303914478395473641780128717840658724283389010898952799501455861570017890350545356760178453925303921181567226125031905624401292679889822559096968546377259228561685152586871092191295905012012149706721301886554124000822234219016013673839027741112148889320939958456553081501758949845e-32
6.331400970423262407942449972573088474306675626356468428035363709252491505264841365635113346362042654937823384996605150228106726312834212342274427903997308937345491092434852788983735414603193776830610672098652316694283975361822442404706641326965697983746593128327161186201399436920754496862158010255962302419781986096137748726710133456275819804546766514626224508928673151234140088730754095064784507287449067286614639099785653821798449182287609783581181e-32
2.934878571164080011909132402238453257577656675357639472830851651822091027842894629920255949926533497784569253267682604657362758518914821107322794787434636173581684781074377179775561971383282443171907897175370648682293961347308365665669559431130173087050858844268177071825327451465051084834760896386211557180961338335565205031443272254400086877106133017798358670114060568065584534726021973741798883662877989530975469092170495566523332546221849490510963e-32
2.400222750888140660564215981589810278801671344068537730991285608088256111106631543022202769380946760906191656639938221025573216328357803013952098929611745318188147366861012547378846466769607721449987261145022695816762512781686338745177757435553622683898451395706032002460589338728291676491266492050340488359227447037287488016395873523688499308359398181875716312872191015963049398038988596252476879023637749005231172767416042793421136816746676077092301e-33
-1.223065695138199846301911285747676471819892226129005301763186028747120616484999123407394332392248568378038785176566877942745171454737279333807055808271065080945422376199571541667020029439235527639998024356513687109292697227038426903318116698048344768809517762280615329069619811029388905545257742071773984872847185147471058286514631362372379794162802127668043363615840916783109673715686674045970438270062351799459368111106281558497359591838353594804554e-32
-1.581409131506150791422301998405299105410669925912629203185839876493983397910783933014510444234232719012518062914547835885799124604185305532656498290444414099551200415959038282775723934450202353418067308687767439555391391967104135725587194584476509281904844099614468121657380757571662571186998952254884078702588896388332805434463352021687004916976386804313353665431212982826472357386191643203135160605773649538494801109724048224601999998254849135572296e-32
-1.256590906491195699262395984564788281540158497568247191304038994366163843465322138682240993917070268332109953391168099476070136527266848069282805956849622216318967553711464238711007616207392516063522816430570481415132671385636058888191020678515560012796149110126092733253621569925097743450454974546014258242964447525250802758095635504835866065871632902149900681750393518764919717985044263927773011122798274196441697448670825010792396333421055312517246e-32
-6.848931516007863175591152109365061439555921749716356843204534620067260355552302837228795224779569350035787383234203027625416000080456002239382234919154781889490142833659916132063429189035497756448270069701324318300868057098448257158685478159327599061652850975998408771744498021421905200857335851129842234068094088966483110997533085684643156263445523687296857834531677013327433379455916801937978767578917157920555325327387059060575718531469024305472279e-33
-1.697245901029150489886833723210411477530381462395957864185254492320450825955118133193417968994228658667760174072156941910670107972137679194927241264466960435618116913480195947117539419573767406352488921219978453981888709367599541680129884712315814340539608249104522126119746749745484331169295574083975649757750262883823506987917020711643519366159867991103797509256207704924581037546131022458795105759926520535468486739501164811339118583815739605064316e-33
1.510763475675810323491174163181128624360443413678067243329713126938315421889749628998761680585217155554284810177111266055226451126858662209773138929476219203241330949422797314817929777624555945160053256910216247141979344422380181479009234955264745632351086222745592303332495928435440393321058415761660643379203427939009242393588547607166908371600158704132373757868224358426547631184143917904912072948218364625636568759634776241014324200459768843860065e-33
2.688382869681865950084180959843799424645214581578092446421821865775868245193967555057445024516457942519285544937734473277830799337342940132704887264460009099544261639751799765428633640856768483104520573618449324741525353311944405259864157038641990081715758781215380340551494159771016143178473695669556248379317972167536675090097422822806950990917412424420141690965210178932904044956143915527660041490254065424526628181141821700864607128607395815979000e-33
2.440314970257926025470407501304698896478944216419863465621920673632060146499638178536362753106937070188865877100506209119256930747224881196003529723862441262412718759156986340591791398043349981047093241251150719174182945843816931116263096438164887898465454509031603705151548885069485578398050468832984977015435479776471140786926144605264406484356850974398626789922248568688035689503173958401342778237240212252735238156098968687093413731901219728778716e-33
1.533717391221057879852152330412364142710766916768118349784910379275620219375113889337579300087610379701442818161438284800014165306232372029000682458685429635911345630334279441689503673720373311457702168871808000250495900661861139983794825902974536916030250931759492187822852757972592772092924228362196596923842094049512967155554862927196243639279969027043674143235294563684247014996694364856546364460953166937473658091720306592313446963891615698943120e-33
5.747192279644749420806366023330567461933693150175609074314385846335252856715659172318474684259025059067804847668536848067074939269560510968073307202100961076581334749116685720618555243252806786830311803251315872212965203527306362252789397966353136786378814906241099261415563673325110818849972292343659953806370176649014258876311008058434778911141885353303443054708048521178460529994392053978869670968698823333078036606280024796951249832282445842241128e-34
-1.065758829476857509459409230074038659564625503144800895360123660856856280541651893750680951983235814138889009042259622634604181158088680857151688357203569510574470583810944335782698519715235081219208752051837398044577757276188115368164063958454794214118440952113318197238171763249736531677110013271271726747644324422046757963884334234881261998333020537606606835414175593395017615518161320208700010298806649325702113650313033976672050292110420574099247e-34
-4.274781431999513874772507583967566429469161721000504232271116930420549577470023068529142546705798771106321794846108343421283610505330224457130974479563486175449928668434475126282186018529487830390835580341504027048238666273289917026794987711569720386681241004894441087377250271088109191959251684000275699107961650067645931339963036243921089230811253844651807095970311160997205752346751486109773313781024308812948980365115906805864147089335635375711878e-34
-4.594009380388387007236942528698512898365748941075176777776234975171486877592753208843963979759469582859157964448047604719825682344425225484573364219621398597086298419242165457300958823815097379093789142237546393272976668474914475418467657920427941661690608404112961814668215676116677318443134920449370164092902007217378700520370381487234929883460677816098922211124602647480429468981363999889359083624344077553623222965696495691699543848017906815796360e-34
-3.308680705658042745891076515830566636387461838507698838140410314273525938422534093199869235419858434615910819449658394427944960248762417628641479873563078213170928066103167233031701800421038925087287219617437708750611460434780755242125946073046453491045321564661546390170971369436579143065743565556159668647216957962440780903407703962039663288560111773447148435038061287126579848607640338524121917300999033679878339769944989169478997272490391667672109e-34
-1.593419552285520341541973739178840115332922527633928241207518312123556318364714734882188901098272023887361774700418163589390764846338994933446035155572913562532013369047409933706752180640198196979586768339670837888996838914083340439116853555221483833152522561220584787258205600168354884721269420693654171056953809996371741012943069848580654412488843826298816265328572368891670613790829679387717764685881008907087828110707251695046276752119742023331082e-34
-1.946632495069477347576438921442306310081664254695546257387799641105670297397149703211837989895452717781762035418491579034169553203873955989110657921228901585037204586848181275893517480856819587879601212939464869485938698572016305667841787389669760390054770021512749708360223934677996613187191601812725427516470974245651752726617887736737676353866370229841052474745237383014844203576517579672384609368313859529025830639086008736274107249978157360664079e-35
5.986916390119841236457540928202633515113181388868389636797911957280582385920123371667757990151542055798738195027509347904959995046069520861175586820326111868903247889027185505040590980268210428630033137800542748002024604601693925942878997294262071428317361146412575612805427070734591989968043697730261213985676164616826614405436263311649819508969309800366426967914063832610928931197838884130798040155084352611697486342965688987273780011481046834257993e-35
8.264355152573234955898356354755565865489144271412180383891098059898748010359202887903692017134926562961867269584989507259250210080874734997973730301493979240859497914165468770885006177624124601814929089798573431355978510920360494534711247334653804023935394314323602531486953152746348533628789850717320292522339949395611848652807729878686672844445205214701577491284584791632886257879368929153665444259168829895165711260239833155060269285280101479546300e-35
6.868678233218474491207116450808954405487774773137261240274363641850543817422891060008078114967523776791169381864476355909166634938365061289185679220490070618137624292211165362322359671535682988883954637551473532445882276352659728309405198710756788211261977330706311925910242731791744516761438199138068932243278197947325649188654153635681831390935282988451467422912738635499570316095905590652404590519378040557993897439910137135329278616252428455345932e-35
3.986583727324582377572683169297891887539724985626961362866603362332597123407618547259512725245148327503667688675130717743413571068048121014074928703110010158584839086724704814365525360069004586153211671641719696414771321181707150010159030334766494396431299928028717811665346405242915161774475747337905625787025158736691755506135378628381822241478923319339867001562422454818715591659342119545592372909229560969711443961197031111640384023784607389518035e-35
1.226344458716752108997646366937537496521951593081196432908981984206453545608880053647523828555860582429630061592861151728659379778474127229759984108546764531029802943980515678682275132169225094251105229275230104733276162192671429372505690705194301689152903770209314770137008089175656083864806437851674260660526304975922017622831902760966879793164946157626839426073097124748469386944793537256966169661059457048302099844405942350448571112462227716796298e-35
-6.083989162404844721997549514728855305746967765429697899991173633016920091775991555067989470012284601404759609650933343986381166313453447491622067134449226201257639125470854128897551674076844709037754280249396878204724167330438634167243969756094051546058721372458440449250901616005905602229240702195887497978864565185785179561293276103178887913211514073022368223581495614949630064678482849173306629618979886809318562770190192218448641511570152290057832e-36
-1.385234477683657529753301411941660814946000494063852789663321110535938569793035464504039908287815625579291877138195379435009718188295585201263634805334209822633456010865577588256618966784304699220003020955933518378503024770801902226105278487868529542167495554439973275203952198083371977560014777401930582040270152547389036726257369455454928889623188512029987260058896031655424219499007181474476996468203522713803752441948511648188979863440117881409027e-35
-1.364102159047413727150972795027505593414033486584533319585132883586167129735595042480370617746311020504144202704714304870468571718220977808899025449749192662316973584128585002911310621039900433481863055516337011357158077023883860815091991312274410489421793494810821623581330268383149630369620366740951717913006635269114903985873592194017933779874948738715456559462863198280445671425872484379598562004306436603571872471609776087833377589144973738366411e-35
-9.295205048212075879262215355244803227637745552244087292776677120662529423777944483757286342192651177268937357959219157870953656785142314023348471965011282675453290180123825118200036194847667138593434136861514431307669373759008337733501018582854504237484638493540177218117971644896277548290533473377745743619244422309807950020315116167226643254484629307703734907909996569690806257644109889312877851773602107610258319415910837273056143593734198643536896e-36
-4.118821619972182734363540888887229324714077139682783662087865823597086447159857770318642813901540522871837761319828602841692329864620325518326098101592431664439286755239832125641595688105809672697758820239204909204100361435451474724462901678258471713024546424316150894756550860915614765707877524402843733834701172599330997504010936397678876416517730279973688246277651249535119814535071920764976109515239549248200259403432342572636030061986698450117597e-36
-1.072873949036225920754925434766904856098311834292854453686742956576692345921123853119740967095058128238809181051289599670037300924689299184846483059756534966090159474663411147860691290753823405307140312611548118881334812048105022324735935042648799136985797465200058210221688628490094931828964580710709128665206403039433673268980449638627424720931788910156473777371526979116500719040069661345078308996776162448312747503879716515867189058508277627374063e-37
2.049036248157101124745878417565364795493637532729393504063468253702943652622214160178733707811146939771583331485457230826006172397651124719995870305753203595691478719392401065644460534533021924536779319798189793604539178462743622000637312659293641224348545371742472372936305538748998395273464719938302089047133256716869108925271313513236198562237345137256177915313091350798413656577778342890726553628100294469605849413828967793201304571474441370178937e-36
2.559340203352204060299927867981041560273529649415649942191831478472387615640330931573143779050131239034399176610768870945903355476533237844639534397145318161864300325944117674075972978359873577901897482399144144595749689680707979798135484871645500192477853822038856924663257109306233026416320565087903248947906913422464658513685891768633268280526035920553620762511513180226532882140366913526764339875862387898260717324236012530350712575307544854149931e-36
2.041677894994837922866692691811352114600815387530712005003962633086346020560997221526252245385457371524813215503158777930354732781190578891356683576188012977257983438497523893400441822326972004073956865072047637508274235566587693810698205686754725980544796317945378603965749923082010123743988591040353224469680045424586709691313793119398207554678249023231713876514740487385365802811214270677452479147945541527321710494824214662925649928157758970689465e-36
1.139038614054416697746043831496765461618946363543304178380927043817455992477647511579868602810636172174734021259115220796898220045602175653320881973430773902815422045135247927104622477837649142633254626985930957780525643712217287167020130851414258866488206542992264889497198186876657416973547545720112992613004935029258631595717801385818563839520180097386673044930071255834376568351097915532191329103391304272846025720084261123797006995564879385196541e-36
3.097214911826956658554482205206446914874098070450429133305896275606222978812809827744507711083821601716748293412508765981896760182816735551362269836054005803685993814047109132478637004633425877737500211137101988818085875435995356771463861116562199507220005513798317600268298685740178826689505962057355293366434566999738185201151714507769413991571823743711684289112445476104511972885273046799805801752008229913333960482215622244610223814261138502802792e-37
-2.262622861821171798264699901725227747528453512633373701169573658688928189607211606972136452165292104262902314150866835554480520010584525470654805117238849222581687736036953659080516873845245749248523997912692936999765061564588282360412256485092649931182147472374076521433767580882153128173226386517153797078071902247444543145923078117824377356617122995564734822184420851760140473348870222517247497300654221932712515978990146579707235405374266590291774e-37
-4.422956677787083645310300182203960667583899977760896363869596627268494489464728885679155185343080154489005494748484851494075945772583143339038753908377462865910463467621409784237737991174446392493498315475172520466765528383633579191853159738058153244200640890940435193095656568235368446141908985630268589023924430438286746969707478684110377121512654225885604634935207888435408855719841744232716471308029566702134036259208049694837390029220303799920924e-37
-4.221980881743545347517612008609856329610713427673743028228894726043288631575274054371326012852070608626564210064948344250437583748003046839848505266236742521744389805032905090813341808417300091923448332648427063564616526222273196512781213748920451259843425278831413973665446470695484728423175669531539066644358686886411115152861501710094209447256304581543226820945252972858672706104976391130980229883588241728158166892058739073823308348972145085193403e-37
-2.826197657831385231643882545279795012416813303973648689001861719524365652688469880209712100326933064122049958891801342814366704766762325256789287078765362939024458453755843482398008055051327406418832183383303678199267197175037758770386399408612813334647754290965324621543760911116752809019029011628310775152376085772806694296217901178298367468077258016086448098050367252461408682799331776823916564368246719845208894888290860619764051195281272744446319e-37
-1.219868016208552824898760364547814989518862244287611637739402831279215127402331135747513777067318590877626004740358614270298553365932117183678372674964634184247061043557955378429529923546234002711804761890366944102201634733226341813917302785037935207632681707177708317257952518729258068105017725061643547989428129139362892732840335621828585069798678140687894857183586379589725567038514947319612097495213153777726263064261043851558310934675512584376669e-37
9.525027962752773003885543180454732502215142349012278217355385999237656839623124310932716284588923178327941214244276971010290061637974332741615554421698454727212419434696343833630866071968557596049436985849588940403863364272147807104191353743425487488419017065805191944689845275599408199136293802961752174949814374969834609413395682985349501043384554415730585621191598891290626920657797755716593087910226392911277814195292347886214986346344502929193864e-40
6.640190237365083180337199135637130619770227575589959063529464663615074461778499380598153467320467502640825695873306741113146578377684387250337128177314841247228543096879287140434502970902954280529101944441476712140248052206999767314381404382726646913681959716633435930125067295908106044178043082340555021292396569110942695215642337431436266491397121334704320599763154659881474949893781671162378032560072073252872908264967908076585767771036016047733382e-38
8.128293639749074569195973647374919896237963922360921130860414993083690667804806679047346554474390150172978271936798080096975801236655533556855839637694190662789784344372451286193870955100514973701941071665426774319433149757369322166899786334588292626429605671849769787461985708451196912826450626348386079400358418359605377084154471635789255354223192000331343363864359026793585823618601003931654244901583641710614421279363369319748045694063502994015130e-38
6.462721558364054952302115388258721970422850962512306471290289529173226864060320201774416507778368982820194264226814282378161271518033431030270701354341418562540994596921648303373767960187908626818231982467518211305452162999441327210082595461625366366897957820719894370109416624377912546348648198316407846228632594115853834999159593420278758877409320827616814822173086637034048806373783759119168432822999132711237507010582087522115444927117540726220061e-38
3.614465029236286867902725134623303991425139133164795542807389536262542428556432053602529658571061484307484154753275788005646062007876559938214027170732507662587750797003443969006352102798234254281745168260879961646169123446978694310697414811250676006771055113805970168971123003713515771065615359224267490113806216565243670106924367483970575200802982870574605376401733631054693098840575750622965829527769032852246291204667043002593558379772375065656373e-38
9.940617014310703812814942605859956359866806495295640774952836765370983273685806693041241266494886974408484069300834613727529005435379912499432970361236497610622617420847994160989939873306423520600069814697162573296961161413213247003092236909534261422270767901456885577013806015863848831476476264726792403543753390604295691547092538678489984890536033516947813393477944397601781888408303542797448788673113746822000448166458487303381122888878542722518204e-39
