0.335226954713404324489507909915332463297966034969787804865342402482754250522428103176543359097065211255935922602271674249
0.132535490601352517394135550702794673900754466553606674360552903520171145807212090423795645337409791622675008195697544523
0.0257186990655799861621490640465989017949858864874138028173754130745919032461116642983131679257035392553518550368651923005
0.00329756078549378825275482019908768825414551575174562087476084970645598362060851559779482004749243636006700676578897018996
0.000316153507705352488808152060718284095070049851014409372598453088255987798677691582847822682384900690666811772498611308938
2.42707203710409542227705040920956288594150309576896294229872365676088368128312397015085137092883223209840330308012657966e-5
1.55819461244701738818187918243707241693160899761912093418192286196437651663522037302095153192892025339340168082632605070e-6
8.62076950749821891876763096553944414452904294731187701471927831410578896448084000217733644407448456909140140618340023497e-8
4.20118913947974554776161855019169609938457515776658177374462810684724094288791628197478065500753848942862936164270331177e-9
1.83374360820193195823383831252683840495682209245223769358384626949774151058713905609651012526911270293964270725850916504e-10
7.26312005257460290243257483481495605059294089041040086451275017413384932887849861665924712912439133125750117053033794729e-12
2.63809083498782923417269967634493190965864065855486283151414765177755540360526335031311293485306612944073999068982706116e-13
8.86296582555670904786040499382868855852034015445767046556911070628346232422316418976800624808739162837952953711550762054e-15
2.77400984203253190627702001063512414051941383006654781088665076807420845855291546322161871243975106518774089442815251523e-16
8.13784079029494910189806233222846398004628854538394486555836230721837874610821533370895256270265310152308246315432058724e-18
2.24922372523850100539201597822985741783774359041201943970292397815616664522523613866309923147918245589755050266034254077e-19
5.88330007924088320552275258986750263244397243494236312425707517371144004892233433779121395023519490326068784908549474439e-21
1.46206406544797022957604082425362926122316665641316598380982210875808682397440238110897713708398931638873687118170148825e-22
3.46381376635348781606175519294791926861434697539037235214864945633327890851947904674785441722579754206101446999742384295e-24
7.84691430838827003095410430516801907066638648435658414424670973585594517755721094524724149695824495399243235855174738951e-26
1.70438676439771772814880885289676796150846926426965283962243710282620501113581353782953299489242797904848002531897148882e-27
3.55801581136476940747790315716551773694963311549607822262247619431416454468225138187239603368805895940144777348340675875e-29
7.15415649613997693542266323956553238468224949193211110310150415177646051763308206470723428498523969971864797569983378470e-31
1.38825587099799041146913087648064063014022066264649857477953434515536598347484467572775077679392495543790396482546992907e-32
2.60442681866059970270475651866709880037088451997134966626786336752314001755774523542033660498127063293449360927197480339e-34
4.73139048554940863751947852824049041366803959410872557627995898046222121030003805900704241389169606570733604258010170801e-36
8.33569258095240821592113221079235181501931552323953129071443502878120494968851368691912716449206316392554434627321589244e-38
1.42613319629066185152913787413058181830360094457647883212486630811539888886922908552095060075661203659086921411751262860e-39
2.37239100530957387752265149205930984961431708109548126412054944855321226354578763001026408902099695541427684448603647415e-41
3.84167607869385009342345148470941713085805881523672071760111759040452937999899461551541678244026361485499302812263369549e-43
6.06215084168214024748022477003211254024673978318757557879452776315847678178870672222750201014107061904926340623108410168e-45
9.33112614895721547667646578556607281941339597038132507625299703978864888257139315823156668037418565731902812072457988644e-47
1.40230493090427725321684482984922326601310731314720782956579797800079475760373581157801413134815836537809032545836775952e-48
2.05932348185583235585716898880684789112641658798394214911920547803175938525269436858508343828071549969058392713793157635e-50
2.95752537424926545339851475030406931437157469165128145084550523140709958835008682766419376620752737775786959799616212392e-52
4.15699968542622802346470268876932692230768175517596725759793488710208575077166303412135087344632520144776439894710672007e-54
5.72248465621730184827319785172431152822639493334718761118791469338575235631861760029661271323277355680362437261094122345e-56
7.72021575681330015182526220652058920782261630674848674068381208012618200603727571485451595185079910994815758758147625158e-58
1.02137327013985824955066984498354455752819629397739867558000600191768635242442891472680335280781249487892847117011728232e-59
1.32588042467427210384707172131297738463163747474609307129080528521623891564149402447191946116702575069769412432675638177e-61
1.68977685298202345955993834903580577784551420335975173843713088477428157244790585296556896278569790845136562311716930994e-63
2.11537151918611933985830686230869453360031827836349399018369060175792272332585492875818109771640373824259009173691754119e-65
2.60250334922185457860539938801965654678797147183960647585768990826341184654280683849603559755534445868044810738239465957e-67
3.14808995897583697620343945882595925382910718874646785438791484396020890613333703875713058373342579782848484925638867207e-69
3.74582626535652142396312140688928440592106670196545381284312982164154369133558731103815305425716843300298898993069973562e-71
4.38608076312690184045528583753012394959015332656798607701210007697935773808567150513319532745780450895232806973216230051e-73
5.05602258626550425837065410518827120604183833548489122605129390008596665000120694497639576857349438828850689969595769732e-75
5.73999263157179306702054934694527876766277629937129608442086618823052101216172423434808885968391865362529949889437389512e-77
6.42010912149175138003745504476089045065934750364556728104113765431033814269370360698849098351848848991497416821070433740e-79
7.07707467483137704762449799848282502404464702054301506834088038285196723458067718575095617726565442127988502690693226972e-81
7.69113105169299320245521835727318258725111609714910339226592216152110491394689148847579697676711878252785217719976987256e-83
8.24309181220234576167154086002400585818500059934016757088278812982932457308885413756006708289181029543067558470954128606e-85
8.71537413387370479608980099554710151801160008633251999476718610360738431715078009865838119887107943906018462507759553915e-87
9.09295004078839503303287471673548821983050233757649995660757528919541218002078880282089665002893459715662021372037948292e-89
9.36414436099423675190834314254591310600649251153603424943410699758919512887860594276347357275685487499903023847965412426e-91
9.52122090076150374441846475734934117817396134243136619784605837137594161174517390870373441541432926043725715564834516299e-93
9.56071782759925796381409234071805220518611669838358493873229009550648790963473767111625508444330953035359130483135132869e-95
9.48351575417948988910605354764496551496750003843772891488935503995870362056560633885912022878971047252489511232701060507e-97
9.29464495882011965128952434818344602558934146439322294298696746496232539543372263515764529975369155438078339861583097247e-99
9.00285913319062100172081551406352689799865708649357535948541701472116991803961102608826497005191197968856337328538358134e-101
8.62002000036378571247387907283267280891603516064712086468760849994067033106934849357849344134887938764301254174921080469e-103
8.16034871108468378237971491938540744154096042528371942471520874651118082623768363458908479131242635873837724772478653298e-105
7.63960545237202970588847356785100325744390255788379339490939205502674688363091856906164203633777450453313436026725889613e-107
7.07425827105262841374808293427669027787308354548838321777121923712442668170138248597238546149762051494969358807211834145e-109
6.48069644077271842952970162839512406938701390188222437668779164508256174648976188016931116950113551944256567306962599661e-111
5.87453396892191381912583345015167749766632204752242231440748847560454738143421617394047377512423760631797961132065285311e-113
5.27003650242758319325207293291527706835295409433438225515684830965828483053573015140230475373308757906624732551291418901e-115
4.67969146487140565387171317971457652018086115873085544289368092044974641583791639617005462284713914404779377592143694203e-117
4.11392814152803003250740156768244001166441920355446663205424309915082442673315163751709819763542599647027412182499548185e-119
3.58098277018448480395722718036685769774013662602457403676229110589509469546350867416277437014164796332484133987998172897e-121
3.08689430436901672478864119512405405860271945088586371581475294641640049659350638795147449792698874605812934116006703935e-123
2.63560983791753181328412074093558998597111603924805463723779105533698430210057908334981924931681058121818323804877273373e-125
2.22917481667686383955712125233821688047214532893473447439042849499310899520811573703153821796872070407240579839118329896e-127
1.86798192598502832868678204533712410651956037191337463309593484668001248422068842816818765931118519546814375429093143981e-129
1.55105353026909800898389456550257642855570803323435651234755223660154140923915982640219765947275579338961719750799249514e-131
1.27633522501692151285481424691083286171962256183674000807923829093882736809194468496861957822174883781434205931597786390e-133
1.04098186623606093007333214049454605750917029270297730560243718040668085989556018716191103863238456506647341569205413418e-135
8.41621814547902972107129842380724773484531535186956253527715298219806274275705403580246878565793644012930574378912215814e-138
6.74589588329999627365342619568522719021212804076263962145707885953317337051688010606216756457419116486494207962829725759e-140
5.36121283532730513871395501376609838549162470908461250427955319973721127107372566273236060623225003714492847109266424863e-142
4.22510722896802385928894374572088822610946677243910650180980093615508159736083531619663476486528089812084403891284390169e-144
3.30227192827470986577070161354261382794571760618216051445106030244940901690442462900341513563823872747307774171264171998e-146
2.55997759633912186113130576871865984810067769297790744065786413159959427312494892468162531249979411410802252443219639827e-148
1.96858554366067748154853289684903570504370048590836835028545246791288113896527174903795653319096412612002196704671675687e-150
1.50180158926083445109032202205088930955783467863955109782894665617270912644432051937481348360530417871549037313344545105e-152
1.13672430657410448742902383135949831254527828776484811413770231128255831430006628037199308771405335370749108633388444858e-154
8.53738971203187595017295751431781289380221282675008030061412188661272329212327126738462576764328375543797492598979250368e-157
6.36303644242292408772769494236446807576674387387235157860053105260669621518956453231587751596188625249828794296346192570e-159
4.70667258636897236829324552717190488767500317106344904931071847319696005592713350981559921817234289110878085834373046046e-161
3.45552281149036508240075487773980808019820816471819241927510759276169875551865234879396312313887999093093239615275205641e-163
2.51827234010328564028921392037527785338330935479679473221597419977932804281376199938792515752288425027089845152240207067e-165
1.82187595561625039423208135821506339304207817745897784176357521622050139626449401824529933888437913421377172940307355776e-167
1.30857678949870641765005987786195377651495432159006376752442077065061316647555843415531798782818216333021225585131901129e-169
9.33211696836475906701256876455650311500236271953270053465055444837667890247730383204084283937475958063438064304743764073e-172
6.60841181758690045175613802646742674730034790167543020446369655714116029658973902080407467750619229801961687033405201127e-174
4.64712753459606312795631685292410170906259840101992952460722400193921654882980184071540437377162996996693783646507793999e-176
3.24546154822990849333723072321023766541682501452394071363604413476674014879894402773043367521756917989354770592058823639e-178
2.25115702685829296578180169330738757232068592622398201623779806225436719568162675274926635580448036841238743750417533503e-180
1.55097530996062631433500709426959313138942969312081587241767235290787980992526237296289969656756589765654964402398340510e-182
1.06146424768865447552118640683742039181557641432830420714151664456903297502848308615485235262978074260044313229743980882e-184
7.21669220040396057753508172833015927457810685722900769203172856604615481541323996134601735553768733358168331055174835029e-187
4.87453944457988557946155932724388913334552637392742072297913762702053819327608641658031606757131936792831824318619934608e-189
3.27130635076357737593607268758729167402495457224553990796766343074474795451839857668097785398703190663090646614815660581e-191
2.18137368444204442878459675017124683832440589433163247582050020565605620199778734925397446595615482346400431069585460879e-193
1.44540165606817997734357118848886961055565978257545750692045646811836212810309994485184721033324283306155414170540588596e-195
9.51753466748232026968791131995993726644520083749835268407003130366051212274825405627495505464939941972684717664869559035e-198
6.22823622731200963140858906901759100155091729520325606032774637299516469994038784172641554814322938482968707462774791759e-200
4.05076522655531298373111106862897316094915068908774257420949713345591200220509501515280872439556321650669831989905619592e-202
2.61858468003710932757343956497395888398140640884671360450762530209441852268114883693285819864828308236955603751721073985e-204
1.68259413965027338750313329943499345548141534046272200420561391646039863327405572615528298241047611665049103141168488862e-206
1.07473270539041660305040939484921523517934197711567925461096343342343157967494709034690979140728184139603251024871139723e-208
6.82424418729872587841316670273472172254067300867366188635332900189131595223823482227379032828924810897388507139508748045e-211
4.30790218847169598431029442451982369386611046928487554382011306508564769195810194261462149706743645482773407306187197903e-213
2.70369696296654295417560473259913728012543567855891739291529184854519486243271671381990903333267595510220947599571356539e-215
1.68715261694117545547126839779914475957099700615723046276385128022709567560707475207273747020022174863061823896639980397e-217
1.04683381512007143533213116881596563913920786226132947765333131523395949898446481276193718310067970446157328782817434199e-219
6.45878083456918292661172111719510897327125719780416164140339874564782115444407490065056001540427051166765400773559658117e-222
3.96273279630444568884009093225036275706374816144138790603612407200496648208537823866256639185894619402977209746811650412e-224
2.41786512385526997491915197323009375327391664772207852521660668719544732912125937350309526773631811600733279899127278489e-226
1.46718070703897824837586353122663739759935885660924186443246963160775880385157579732007242673263159167991784517265795935e-228
8.85462625432104787598212521603157434783501728971463619468255145842755055264352487246332731507370321565945402294124486041e-231
5.31511198440956347617823286374833701223490327445878998919040038038371030582544795526755612432586232087788674780416976010e-233
3.17343982819221810026566836214480429297180180289036068636895413634927148017546461809279155172501402064949991386537250498e-235
1.88470567775756793377066687236224098162368265519645253033046475934790878607741315422470800620439794285362846520682345853e-237
1.11345238080582284830774382488822532882803297091282823991923603122135660021788013814173843186137602749871038906323942658e-239
6.54385519407936161851046725528446522270412499465229528723073608612285013339132272608914510453475075461681314992415961874e-242
3.82603022308385815826325693237711686136801928297414550325344594775425746510113802218979474859729677570391874976078278724e-244
2.22553403866366979831695204202144904977323180091992077576750823192197985971312899415171777050715313354615184452707010280e-246
1.28798069047045250180066674523172619805088680878492714306414777143185335395329302326167731527326546667594110981813063039e-248
7.41637304947418421746457005192607923910047038438908013531470316384790495404891993423234480663139126234513001309253135561e-251
4.24911446783671703227330890547782120276697909536907954808612405952657366735846232377344955922122341241481790016075526124e-253
2.42240750187929597940319548651524944265184315397470223786198574459132552924349447655698114435075297875315721118646549202e-255
1.37421556673105202388060979272169373798232508215275656790409246473523989895671445357098921705702484635773746374805621388e-257
7.75779185003936471144956658115735194823480997542874317317829041968449844544852856078833532986014955968659396955098114986e-260
4.35826289112692003561922302811361565671303176391327144301598199253255766698350348287377574642044902702820142471308099717e-262
2.43667131084025679763294905470596784490781658398879435093846737809782031132216579826433443345138624815767796103701846074e-264
1.35582811046090844628352615808700679747706480318729447285393342398226413160338097038178647330625767058554409016307025064e-266
7.50848226775157054982086403205806093465541652583226537606218603806546340558232426539661967760081445982990265063564254945e-269
4.13861444666771555615309435845260610877250939826713613612160461264165492953174835729134890475372509825312804514935985283e-271
2.27053536489848284692614041819991197065124478590608885694822777235736283504012061476342343667547406255806462768400139713e-273
1.23990108387674500013936194977021777228600951055157832292810360404483362129723325004654487105081797482625212651277307808e-275
6.73978476232842528228925048789290516428678478361374991864019072197081379716617341106403799089799477378066214512948517436e-278
3.64686565394381854614740625953164432246781607626154096024190176988140961749585279815943820426231151096685737233604491921e-280
1.96436671712437076645091662383981594539010478900817953233354696633126793922410611505502916339047158201699381754952070744e-282
1.05333990999636988573781818975479212739494117064633865916268676273298584817241049488442099124685834286377112917786832551e-284
5.62304527960620032018938833709350004856177238455945359949824893402832807732674302574014830731712913081639975738739385391e-287
2.98844583116154486037500382661916536852211544480512522180118007121176039686977350032227342994861153844525543107579270978e-289
1.58126064540017110238769077669918910656041113792356074364064930700914746556847024864826889070115464459882759977987565609e-291
8.33027062390918786532864883390538918547387848307594131247533584732547041644383712178682723583328671743787056901024630323e-294
4.36943669289434762344295168147052021273997237569700636899354853522456158460217612929541221245565226983162759530987030816e-296
2.28199883823876015229764393128832635597759356638893414539252462139434816308283335563091724854799937372983000019297843835e-298
1.18670225128715519328168320379981815336231123351367704598738525707576474185133331104241338441463724830055656255276705796e-300
6.14493182809809514576674883509366238408393643099404770433987694289752626547414857298534491978926225116691908171178937003e-303
3.16850013719862370886586612855772766944354123308685712354297855357310484600700480454442073285439698420282979691693983684e-305
1.62691169915391386636717149870020901893284321485076489359562584789014938900234247280055429589605964201316069540521173894e-307
8.31878483147177005377123114223818982571600144459764290954414015278863532664333571661553175489547230952370766028052737893e-310
4.23597473149507433512679210152027904901342852193503914402262424235779943058803866443836038998249946788084777291550312542e-312
2.14810810830759911420073909700155867431321121355916501752304237969675775541317002709915516964564068208534879547844722286e-314
1.08487524456316210428595625746626384627656462879370922944973788304039081677124308207621006309124633031979262465820118391e-316
5.45677176252139210222491936436148014641978591132770387283805700295823152427621721115288210457087669708223960301523954819e-319
2.73360265437543175696382424509272638544154900977120429497030054340128524453694316692975152205470831796572012999676200513e-321
1.36392261485016134444937228668692388585492946711255053205538886892674677780723419239924283209137285639405702438535665155e-323
6.77812867785730822828393087125228029929091691595603954371663620858291971020938768149805688504247778805088702406130236405e-326
3.35510776654803820271818883830704177041738142720527919628680269134283676138076828874059051479489436695075755326738632929e-328
1.65420921681261052607671747925303131042878071662323358030661270915309271678072371041991491039609218498336261642934960431e-330
8.12404405488828083105930207959502242485591639229421552931520646345646790173540120703687718546424553209425306864846783636e-333
3.97431619059610378268855711976700859301465747087728264376718184810796680835219805998247937261650092734606085336435758948e-335
1.93673938575003488368516206685214574423509362802448660510860098891147017930760981586066319726061205978493963734044694193e-337
9.40175125153327530003765772114273033535643138559113105583946670380270404500741894813843893205077007891448038901096527215e-340
4.54658366263165191549556552267140187798637664289490048738647574993704380324520818007280558001550522873398670263166639663e-342
2.19033431337523606304939293330135962392788423280207062874504737808213184962916941869966516410124570771561756590675602949e-344
1.05122147685029448622896230793113260580686064660927213010693556106768681956953975188488405667145241208717883647360273085e-346
5.02627599074069603574456012797334244854163340627323503375091029205988668772078480239868567981890822813858581055177462418e-349
2.39428750793498889462745104236723763061855260144630862554799245695680376073146334349561796793932037143503935254015660629e-351
1.13630151570237159357759108991597171343793429376584934259082645109863230170558377246052304144302413391418071048031212312e-353
5.37288487957781489953950791182477560128605075187424574634315949994305338095300606158152351076383896259022998630975282167e-356
2.53120535937502799070200707115087037713222904785617276424963426441299848766378628807409657280827821923374751975847065970e-358
1.18812531222463518352653076607205833407404015231169787112883451057068813916535049991022558127573637568749688770247773359e-360
5.55675378115323640740855184650967149857086703462187508208611956845148130340580343161389742123118133469598050756968275907e-363
2.58948267432778188817469660065322716582829778666997933409671545834485038456773744770497050814572133414719407496895923602e-365
1.20239351379863579999995856041051720205188473984528510010061942521308581178996387525245025569650171078939942753441993853e-367
5.56327728520890587529883570448676487539711630560279084746723556055661978875258601047038506702648204168368095266342077844e-370
2.56492022670373531422526432145167489966512813975291227688256053496266616700500718617396331695077154446759881061884835101e-372
1.17837793402621813533830823673450430695662220090569478381892369470374630263643726395940541292076900221911893706220598173e-374
5.39475016155922874257387196211731999137129826243012860322348629167013892081077818442394960000139811673195241561300388042e-377
2.46117438409428772912255994973048312768524851996959753029038610788533578799115199426350976452685198084217890849925606227e-379
1.11893787667327222469975369954335763332622233993122301117861691995688075821180000351675413010311913228655653504054979438e-381
5.06955964199257278987565915460105155659821540844291731451135720863207425453031328513962207712663694837564954632174252556e-384
2.28898641039938000653698838691059456481469144884504073977097941765375861531484505573305461709674096127069382489449891039e-386
1.02998965433098598198585596219896818298198511225017572281790361683980577245556037438339398514552073191321746926404264602e-388
4.61899028641218435520620205068836058496097728040114605253037905968629772977608102171531429435164948242636797281670336990e-391
2.06439859870421369122154571783330907863162912993498809643642632419383498767377391682358654444606713351377470580608632297e-393
9.19560018049430051757480040557221986328852449993769940493749524054654905360068838917816351859028870592623559526674882667e-396
4.08238761026632218110602195800872574557232551302134601883655807458242787873880245658508111829669694361528247698614750701e-398
1.80635689118452449551597343112006730565016310966070950682206360589983246614481999645288195311915208703210545770632747757e-400
7.96627880743329795378558539856092862949345350053901599252785343263990394526023702483393980213523923010679903177809629073e-403
3.50168790793753554099703162346298066074452290840445349381882152136056545000782402703686634982476718584278716650066468252e-405
1.53418121214622217846058816079990367198985545652523365549732184519866747889054439801751116998707632496926917844387122110e-407
6.69977769102702923148298873808710067754556999355221089853489338253056931555208140241548807669709794822482773236122282640e-410
2.91632404194603360184063676279096282698506247103259249619708904000234763359241982517550456216389092156807827477828717478e-412
1.26534772262794442164867049868096384189620027098228685637259407662517904993600714692537248408378127363942514644069748237e-414