0.459980023573746929880952163509197302832477053588246933279230371232632850549609873385328874040290523098325368376640145902
0.0645428960938144059195794497109424511628151886544624524794025772187691767633122131952896333088017732450184977744391714464
-0.0161453215796702310004416506279367038430197818449598263980580949346164644333345510804493180658528045446798206143455164912
-0.0107932098425650246176392872803342087175019251720432847987474762812964523927020389180478403028755069525410525861433937674
-0.00186145051522523102806640934902789878731361319555809013727145967333394996790658200178739905787599611300732751116176126639
0.000730960520239204181566871583358031347255289233962035506805855130476388518794640839180896819506138147054188716899503108243
0.000598669612423306454139515074532047214966279691797618009236272774020867715137751485939126695718347113908103019166814942081
0.000157587810512532804421313277576387404639601749339845693624109769570984519076338478761230107252114997729999016324963873555
-2.92972257230473441396018389215412211640536752853555296018900534344043630704990564310238201330974488442210805525061310607e-5
-4.56691296082256224414034195865870513085163397305903842609252975997981957111596247735483737967436487406973335433442141237e-5
-1.92290425625124940897035742375075146002826247957510017605934080410081656366861823756549641373236709842197151140923758817e-5
-1.31178523111514825257407496913604774076496455199248258833787480941022310213345866645986975253114566518400210697688624462e-6
3.49882544213218158933406873783207301857061433922057624269988853029019676108677582095327095361715196444722837426631078999e-6
2.45825769317700832261281267589451538573728603041817919897135896041950496143229507776076885078012177583300875315080726839e-6
7.21024313133551379076745742350971851100847146827793094231762306230322221996538515080645837355757288887354039482952578806e-7
-1.38102900755538607004540542805350118559674930705014675185413195529865512662524445795269596456931464898617475544384668023e-7
-2.75734950651161641048772302669382700801251041364035277208476923608026773775049624414206933131165716168121637537718779308e-7
-1.52197830071688539673336383574659758293318730621926829425078700953775881888865338172515296336041306050693655394948829114e-7
-3.22506181250944225448029714548968542308159893374040260620604287962910594704409425017667559587795076809231732863779352616e-8
1.87878537735206199504543311012880741488197989313220863373695341795437210863551061183790396423469702153246046427286868144e-8
2.26239584612390921995780087851038186976552201421055408039365526833949809706974497161911951266369931319274817858274765292e-8
1.12836282834833570866928591037740998808603366878118267562216973474522850861672284364083331187106150881780772794259067236e-8
1.85330817764108668485122079409268621154203794080295878805507190899282830715257291589256472314970735732866378595910883289e-9
-1.93437401379313075716420048507548589258710310427445389135302216142066431057204318185056676387339939571052543533926504484e-9
-2.04574988091026912333226077200774388619234637310165755938459134263989659245283247459274627217594305265586406500586345875e-9
-1.00315260967568253474072439713489679262441975989135684854567170456945353671073337390777138982575647740062201257221447898e-9
-1.56984387333582546999010086482362670975012357980311742081966979569510617045900044061661358395307702779774252055426901748e-10
1.90244028861408988341425718025935740355753689832436029417223289755736324399806729850059494790847045294460608531812695644e-10
2.03671176539133427457234509441174619739539783458115253811941454329622204240474466417584606027299258634860797325771294995e-10
1.04796991341877715039223841512035530973410542890141498051922229508866081048084267900052517500785026988314981935926856407e-10
1.98378003023896232419756445870242245139281670844406795269503816500662254482204981066012124611493048136846517305529657878e-11
-1.81344310057489390970469658106138510173564629750481859282155243462225473819385562734981200140346968396658745221154012910e-11
-2.18710386971787645348846879830690880486971744920555908825966381090698995992500949765354766655261957981851021328508943664e-11
-1.24153894761049187399726304203723972898663351875195038680991742740083553789039774921559284566186913140914626145412341826e-11
-3.15049033393366187835267257617153284942121966650090503376159952444044001357764619918815638040424901924068569325517062404e-12
1.56371083804433141661958037731933449860702359962403644990085839739333527093561066235024183468805277933200641138693790959e-12
2.45515542476440950928602841846847822917965874110464376700898643209001610688643472064973376335287078218409451600033635786e-12
1.60058694190411051546073996421350590808134735449027803721315741786136318053496336794865066067203305685555619866661891666e-12
5.41998873187671191049122058789255007539509584983487097082104008953918112179558152930898355937683941671272385298437017574e-13
-9.03842147156810998100930756407912163841195139548399753498734202519266785333346381607931095910168464853583260671878395970e-14
-2.76049041268883278591004653263783536118475557256635886106073005006568000095273766752518592195213037588230955957933604422e-13
-2.15691708470403467834474614627801597989935431000511958078979554984134093378817680805496005398928953427720106979781161350e-13
-9.44261390203973612341193896720610295806083076564271588601212186624269985269834508345063354450247564444084793834454739068e-14
-6.58706995442599692157017064807909467530230098726954771292190586633552298494288129005933348184576638266637802508390089603e-15
2.90075321576856740337842812733661827613802677429224202512613171429062360586058345352266462800012738235556018631049023347e-14
2.92156626480093102938530579373861959222738363858915243861258793439955877472142938051282893614142529555239148002759162636e-14
1.61821896452934557227264694039132657452128741135602045462722623382603061121372318263258092137047520852940432362357111827e-14
4.02525965791089966948380257039910195736208701773496162301894975269724029371075321420806318386272008798167303020116017220e-15
-2.39435830209196871637921781309205847161744494970285727980442784175650199782952378137082155568944240585819487287118499850e-15
-3.79991477435032389543955935834333376196030976340392111911242538707027858693042402590458989606841346231257271234771546773e-15
-2.67469907423102070819069787826026525510325499999943400698235853393552540632088518815657640824914659970363198419651352369e-15
-1.07054889215828236366179293365273860835027012060604710140908510001884753132315758996037786972168101968763329810812217538e-15
2.03808526404576204893551877506338657811090460011218986256874169543764568990480084331234104606845445902653849359521797047e-17
4.39731627571096277411924971282788818715199410623931848994651565387456452838129540199793579397248408502505118487665673584e-16
4.16216072395120592657426362882829527078600357591144326949069201624058957184621790347490460352737079166311220616176334818e-16
2.28894637891695949406666689279432921622501715783943972204030085529738868096444025389536616742433956275891387547247630122e-16
5.67976025774242002904996507485119165396474212020599718240798020034859852455902826562821216024961850939427170340963546889e-17
-3.62209185304408690005942288385426229770891162020203939898424371164097328427921318521878880150579702495139637066363177886e-17
-5.84114088798704664114014200302670203855129375929317509918778829701932298285129213149930869404642943179235302699246687189e-17
-4.28835232057384641729682971296200044948624273309206813215999586869638655107173939141794445217043013719322890790757919502e-17
-1.86614137863501047553159728755704290859216119228136891132981848626036893050784191706741366966330097794010858561190927135e-17
-1.01087553549594813428293266575100415533364692163178731318839182555631466495511960435705887262609539819742572349861525268e-18
6.64806571625324329309449892739709171666210819472728832368018870889336481072796464597857819622139780653969122439926651056e-18
7.06395377140314983670107937047209427717746175784801752967786493072662433979484347278976183780786438937260125018719278913e-18
4.33746553341286393728018478213052909521290160758569919555701585226323749179454145964760963894327127022910271946776467501e-18
1.43229064103702067424062213347403271321468620207585415059837956799502862254531306589887146243326109562337155799414426425e-18
-3.62613921341615866914680057537728248962192882435374037951036655837662084650011429670884868186844245259215766136625865548e-19
-9.67579348106942814827296797352675859725117316590706514093192544892866442914233456855389773142042427738145336036329059766e-19
-8.31518229189833516319528854746625274558087372259716382142426739964749878489173513533675574914246652719824777542805041466e-19
-4.39839917625000765879300094146614618870816117103099104248683863932071831281416974140516280796141660476647057717597006818e-19
-9.77503100235696222656261504473288640132275859935136551342095622783578218379816887419749899254609587177947855699804817759e-20
8.67482647444798641376783978929202503617645800342133017947339721078731260917543885275405477619660620456139642772871364198e-20
1.31051209940630841917792865882930563002095440450263569825342878733691698949948153288091833154790728237365395574651281561e-19
9.81657130594972425275641274108641420416716215154634259640833282120686054809574436720816083667433191500188267791550845706e-20
4.53197624545441355790373280935333598404822567234096011179551297986182061962420898181546298605802029366611720383538387104e-20
4.71622321750087896940805372095703089572227715691839985286689265901496195348365557330825863882081543685140890380440338786e-21
-1.47072335314751626152199298839547139464424195385754975188984087078833284304812445258394898885145292969830893552659317458e-20
-1.74078586779997494064341760514378838375900636389328756740875345613183939557416573475808315305578283073213037590344846873e-20
-1.18196804995915464668771353616886570485653265816986809182183694363482653607820831930026759643743559558801548363729415917e-20
-4.79946935075487150068774466482862118770008457557935606127608980668423435162522381956579798612237484415911533040859568879e-21
1.31424108268923986462602914446995512520730001731345800780517573365213425558791486666251178561352303171157030083600420972e-22
2.25004231632492190970239286292212280603373504524187850197874536787462204819240096118119564723408054608816804242028798314e-21
2.32247701325569640036683487200944418664931348954060768090273349118663133047543979157959457912695048605600107689037862954e-21
1.46732827350007542814870120166712220813485452366169495833923939504222400740263172698633446061235865200684782957522910370e-21
5.29055078269677759407665922063254416771635969298121956570746761523706238618243727873873080427021542235462800339375629641e-22
-8.94255610387852946450090347612698837552555175649493412229625209678556402578382397507436485738755519568760822995196451280e-23
-3.31722932453193390631189246221956901104478140905437635485187893106647691460202313864216820006783470368264113528784540987e-22
-3.15120699533834937440203865862891441338850651728663350449808400063334195385593264103947608892820904620239246206419134645e-22
-1.89220018888790389315936512789300097314962542496282471541566773123507668164701237825750562477447543898093025735035374669e-22
-6.16400674762968429930717912653765496007251447221778652307782438363998653071139611056449285236515382520051662424648576041e-23
1.89742844465071816083677407960416728657351743371623435127786809795539730720177687487331656212615456104780828504888858496e-23
4.83934828682662244886885747652682491890982932081423021544556653264379401515336658000248765911854384054035987923129372642e-23
4.37756095446447798080137534511450455709116314855312829043952561617742003063663756052226119231829595716413475415983097837e-23
2.54703993985036829704605979757933299042794234745538774954748144601194745897169254787401021818227662873416420132426108565e-23
7.72108573277077666187568320062262169703491432997194573955644326844651955980266005352615972065547224644052412712279753721e-24
-3.23577861552521039484125516987178039900425510825340762090562560203709647749698793776462906705461721725046816274215550988e-24
-7.07067130851987601701579963999420146695986334642579923009782346191179097999052483172720083556549138762325267573548790812e-24
-6.24574173208175523353796532591764050110073559372588180557625365876654107203772324943225916549394382998941622428489186596e-24
-3.58715544195579011614259931577792270291303290416783430767350219451521485575604774912792728600863409145819919529696302148e-24
-1.05476299929272447245270911194644168091422138792487647044850441147891284299757442231992680134538857899851992076927635968e-24
4.99727037812679422509800656689485198884261486477050750233994088987672690997015339116662737989505712317098790348398839141e-25
1.03990231421239629321949933217828892363916956833768762569434593573717113940535574853921238229017743940708282784331185808e-24
9.15803300517233359823137848964201833610168567512015463779530940911505687882662256770371589804835879556307723253895868510e-25
5.28455389882309397219742912970567382820796100372964809205766535011886575778212601270233977150172975510828055517002870652e-25
1.57951331478638361769270185791404297597577569034807583225336448474766283644488425833869461565678237383063963907629379042e-25
-7.19543251264749905111852241451853595589133065236188058132925587111110290954561435284315639771264632677789509584286697386e-26
-1.54082068271152662649484056372577216969005321675016925615270668320495569821459106163047755138520327372596158438278205496e-25
-1.37818020721724656919890485552793256933774719809821727621490446675798789786012881990026566867907480668748050391845586981e-25
-8.12168299942372459672159959654259506106942858145702950667201968813300816184630133386588811045630957596929719189146098324e-26
-2.57385656713756379688267315239833051941175455255557941997603196016400627070279531305951175109073024819416862926733425205e-26
9.58916488999499577691962772301677145068854056532763131451945778755467218700055990410988459555412558014518267694352289242e-27
2.29488217573544262036947225219828026457738173170053279255319766056092478907023717201753240861122682829017287136165132808e-26
2.12239519249618916969082920127448940583461680080954642352878044927210710153114112315957153701514950079307716095545967556e-26
1.29605779256216058451543588885025812887471920284865137977849280841526060379054963399504816297068084470817176619449770414e-26
4.48806678318321649944020385406510642556165171061386184559681938271405339370630875843073898660740947156312414724927752804e-27
-1.12421256724193118753299937253441208939316361514642999044422657903904770282819493463950790960988456356868541157358355518e-27
-3.41808520734616295684522545623027255886554666971547382473886133150778451660793717676848094824684451596101668539869024382e-27
-3.33055640662674695574360812897134473803489407179026513214787299195872756953634323453113182690777999339486976119693561149e-27
-2.13453540206601202820021703661228215843086149132260768475907691267158728054639641046289105781552729118894082720783886807e-27
-8.21240494344687707392944875550445785809557709966037863844719482034976811818198513611659275549421213453567218348791715617e-28
9.49979060628200163737741692000619240647875493557910693915622905063546504556028955805405691325565430444633172620578666856e-29
5.04739507686915957243266869247589014609236777717471008181457987152598241525259155958887979618192071622990096308185951961e-28
5.29674713910047239693618710880067614644366744406940037776959966145468543687923256521433452751300811586379918594443103529e-28
3.60340554512438552232320236594052679875335184325290726848684129052100050714207640627908254164329079582434049555785935117e-28
1.55000261717657876987918408852977882912003878722244529624526449791633780315073122976130952857747682512991717753601326436e-28
2.30086364870973061104732492076330890448239529991728317577534466228390394639224822239272553927492266871282589614332971011e-30
-7.28595554022958229606300442108663536116589509530749110409300653476843656813368349634791757827973294000688665732021670225e-29
-8.47970035101252978881464104744081277698828104662633325174364651713773831276461660995966275392323581468796060318365484789e-29
-6.19077204103448186065557600122667034171523183064337973315972420228720042420474384999111128793585584666837686950946790566e-29
-2.97782761524283931401678440653033066085349838060407548174802597088328485220992568934584807014671721560775239923560841661e-29
-3.98122402365592415730086736247268685084761744820092027705060922380410767370604648225518480061577103612983117427368419745e-30
1.00278543310384286169205901037962551378891632072823645674497094653451285569638901621285893836574772959623204096323571641e-29
1.35510593163229896549089662186843065667119509206662125734399270036031135297159565719384566182742009898620333997600003980e-29
1.07453793435339444428438987746239147600725677628421986402281185556294036319298703178652673554447761870046163255643212316e-29
5.76726947036998500853591775999868770378103062645076137962619654287003535100177639177231845709456938614530403600160163586e-30
1.38225198415913626039511807251054103121445731608782388368269738233373220816122065036935059666572714938842136690235540391e-30
-1.24854244168843672344392558801733257721126006596760551251944585298357422133002864675810557396591723516001254821001682687e-30
-2.13766660992446566275469202751470613278839337347892698177281211933990206762811608704366965736022857679134775208304215009e-30
-1.86999025959188224123389105845933656276139001591604677109450613926588930337796292939222747554986169292924191023510393223e-30
-1.11785018979496633212243165226806176835706363995497789089138772436422483902417511258098862812051273875908182522767405662e-30
-3.74015938549632478988519846648987762587614004493121443850958949160204337457191980954164019835495399359836752243314717144e-31
1.20226155257448308795391604999936479348912628263791648066651900253787239651513616966509120114211713387467861668875973690e-31
3.27474427584434013965487856190230379271598741209574455868044668326324386577056966615822877893647753369274254560681594386e-31
3.23561211457299216460779414916968242600351799235966262786118939688203945649776324788403898996126846925904426729420950782e-31
2.15536465987985756634162845612881493520109191380494678137015816009340994909165285683345389110260544849532864633754761591e-31
9.08437028980966373319502760196816214783081881612509636875449231322817829466989057135455552098427352321086024940631969135e-32
-1.44208896647116460071198489296000856246768687602025092179699777836811220892852105457577309427886432526759215840439488335e-33
-4.73820266809353687570538032176799901001261243436878686325795551497859106363758672806478741150586398160224802938479662296e-32
-5.51024409312596928176207088583727788228691713916205195881466756984234116115991215670712687056222642964957632436177738880e-32
-4.11035056046611234277266462369136995878633636445228500645130766574648391842330927663087121256027514100837733859073173621e-32
-2.07132020310891147802572381035473220702976688852927486656089332258274189945292353579079203316218021138018063794819989604e-32
-3.70288820707869977452166239428203585685920742641615891061090266177013617351295682042056454140978457566441168999920171025e-33
6.10472409428753252510169026902325972540767781109499442657465115517159891888284100417012158654058786860756544700161628598e-33
9.10889605300755798233914439709098253949486565875971246295057549235163934263872642450223263041656468324309914242473720434e-33
7.70313604269996663034547974283739248969014524191116335022226219628883048468309314955036914534345088472319732092324826371e-33
4.51475195909869479970619937872620629773884192381270791333152618207309397052966945270951709556925588636711151368193229492e-33
1.44486164105048730014212630322264585956785371889307662044081189352063958552817868785801707651359329846754908573725633861e-33
-5.81722013202721767118344231016052998751143224033633087785500084006820410747834456904812387882348977515335114354071337088e-34
-1.42979344324661560022170200914257663873566989410947529431869985417097145260718034689678816148950880966865518466296059824e-33
-1.40704663797455259780771545633194049855276981477942911903061293107454290708389197175405136434907225089831279528656224952e-33
-9.47505850245581019396541616335136597422633069509122774183615389387929408109046379989613337903390705936313077493746798099e-34
-4.11098225560124748538626984087964886952754268437578242650677231654427336444928666117820003105318003676702116030639420850e-34
-5.68345798562186901227745464629052720010079753422302774597906038795115379371729220956511366538796213203416814486870801412e-36
2.04210005222871596553554053016407848146159204005018349958296656424918172777375560481396338733920975734331373877563785393e-34
2.47511950452192225122507658464962419500194751193122987618974779915102206747120820633345792579366596303415778618928389667e-34
1.91671734620805506693863088779504273186692907954199617319101673770446355429158306493959924807803079296155387625337468767e-34
1.02514943402208251939171249036156515229852673172076171658470390692796648729333107528255380828184257143229067981299865331e-34
2.42895640501638369970559626087049874271924952610982067334345113887431814000898947857696416007444432076554142950792826656e-35
-2.37255207550291574190696647798030333734045981179377847017722433869952980950140924149279683771352703046649514001753277648e-35
-4.11051916859092025817525089443362100591352649360676557209136306420054330363001448896313071479481016742397325175984530777e-35
-3.72323747344002883382363256263355336219470581884626440104016077705780601527954272209525218087185450135550066683302104275e-35
-2.35910668509754008146511266879230342606391492607187922269879981765188824639721025249947213259480227949976347448356715228e-35
-9.15615554287190218773970348046021612990279090605605895267721872593579344763451500895815100763369183993827394400702691105e-36
1.19045406657410002922519400565120338964276579881936457173575119638744823864372494842481692085293209692329211528009658514e-36
6.19806642764660473746996693570735824661449025440239299649495137268246688610474962891781161556319842643351549382956207584e-36
6.87923142367334324887197533174944910033056039749360553662042188207082186320584673036210911670570514349064501447122836303e-36
5.10147041742083493168587950187963967119426363731808281896394324916871076449674807087353467728522713466615635725554029625e-36
2.59547490209999013348028986918788517658763371042841473259619154370233653217689390229003435638904440556815606755565881243e-36
4.85248358567297813526408887862544576945041152948534494767732327306484342292024682154185588641147594966282371619692087099e-37
-7.67190430552168406031440130794895396651620450971609071172534805520223054757663451467799202258314830277449457484369847253e-37
-1.18599880432126277034856342421056015876997212109731077142568541242212289047826522758230504584046265242740313886035132274e-36
-1.04049791507013503623312237118965904951996662516472843328968630180121044130849824084724617150069066687641631528969318808e-36
-6.44663812704907595036762508677701620594498999207393363103434236912456402049631572721568851053254511715597074227527999350e-37
-2.39267543398577140451756822284685268001234662046575558908398480832183041186505536737755671153819221917228294307558579415e-37
4.69331508165121374944555233246237290801197882096707628027041280250672598114453548591712254788533061060211887145153067022e-38
1.83065482460766601265479304299776621297917423353192476355844649441075758229340611761777195685612430498170397921891016370e-37
1.98828699916235193478241295313935680421581273676037551032839716166182989973121550715448439135354051393454004935977195575e-37
1.46526186374265350487111813759093523392542290157661695911569579101606665564998422065020641472946226254066879753560343127e-37
7.43457962716712278152109862905120629269741475223360891614335527720318506433896570475176017356126660641560134745529288698e-38
1.36481582866410137082748357673912031515547249941821880474470615873189177867355647976099379700381063937797681693811457499e-38
-2.25657964974429497918035926613288477434029868507467666303616676638201726690509919896817418622388929990397142236428914088e-38
-3.48812055565857931527107447436132408075489692773265888691791647115931197334785204650015465675100848634920544856128688688e-38
-3.08462327604824275375133116190501084305898063442583919536721773562538988522087410248161178834141778532902864394974265079e-38
-1.93876098024577306915076793100438685996959242156708469453386359887038727938437456082964298563649051360249350602484903491e-38
-7.46007047914939408665216586629889971575231031745293404514678742047481949058366051133681022659184944818119717711756246954e-39
1.12008931050594712977299256698262946486175548289434137211023891599450629861077836343878221152976456673870041313591797107e-39
5.34266113792978964458860984845864823896064113063776414784067151038890004966504972384347606392977269602001509348597106259e-39
5.98349477393839869236488685490312158710349461362318912593570272379547078053597651518311091801900404917866780558965110485e-39
4.52950578179429275334055752000855731497065969210047486116269331433465305614900976187692317316342714215356236928169815717e-39
2.39767003811388232475922207347062823575720449880024624750752668573698654656437949286870079745709122693976754623049165016e-39
5.43290338820016531788086441503150048554589313856078371140657420151941494735374336203064649067756898373220230470647833111e-40