0.489205895082692593082984094923469766098891788848758765447815454101771067747898213380639982657714964980107662351234363093
0.0146129357544728316010159657071362316332073676302559160842925414345691085991441699976555543087122209408911469872971085957
-0.00517602220759897777913288814738343906579827144092367605663123822876546274146992580058074259566627760558626420313696141481
-0.00162246490972077631587046501816341524766192922660975898084968270153514154566917965374239915207976391387525006688988176380
-7.05055656850511991817459808512122520164474267781285084000378286811923033727773322686192202103550555732122352607223224044e-5
0.000122690042405977023543069552136698851916558635455493356167111921520321923755158601136982607598280061284841739381526036475
5.15524955188785897839077908454713353189046463373659509193646671872627202093419811104926553395785439232558680247736077480e-5
5.10805923729394378937758617564858172710576504200995376539056424382483197026387632123413026401242550673023322537442561738e-6
-5.06043262207022797379059280885366742081345460685602419645320661960075247014877087141988458074553844556534487152171808092e-6
-3.15167382511925174526879104605395138832083627951093787432302550548935716233500268795078987442092804057721012574239312861e-6
-7.10633653452008035935180514421901253478977479005871767560609350224979518660271314875831690862699201513482942288062765992e-7
1.95715265455469333412035610665799467146549897119440665537300531194708897491840216511931755873044897838026060274684445269e-7
2.42218180691289288377120583935393145213983841072484078987324459453688656018574318593095839067132429810775062220609520242e-7
9.83318875057711776959209946366444466068839110612125281532008829250776784375993132259278855023522608008518531249587390791e-8
7.02511676710048125632336354624588116602069886551996647018088851991401272796022783354585920654961663535683147225281024091e-9
-1.72431975629212474214456066503280432428748959909238022198838846384271950961897302635938640121939468820668642262540360607e-8
-1.23886319904693769706335394798381006865452139066757248009683508831680479787299122617543808725337777639204786084215765581e-8
-3.91440897159787644065101471074337123102179463400775415363172516283878851538345530069669516654261617768394578059391903258e-9
4.22042112937857340293079686073382366876553289768206501332453340400507884734566740225860152973603884215432029837823971500e-10
1.25963621852092484567491894314768425803285423839020175293055795766078555804262926026641004260007503676037258922045847913e-9
7.58448968719886225771687692036790297861537909147394550673055654230672891932685875800273800476398905458248158421729846798e-10
2.01724982292291501358599680676299607492091288879467518420445931906252561870063599800476921259413380758587921653891599751e-10
-5.93057737480641483698425644248458354250093469544255332759664153518960210398748555679051251035418117172453783706492712340e-11
-9.83058260066081165542203520263206262101621424728719083798600130397423750858030742706151163654149757522762133182244790961e-11
-5.59583293441135566850865845866996570685524498323026208854249677384839024679312772680904938604396763468011789711934473474e-11
-1.39241651390259030847396374548107862033344733736234172800246415309162925695160022308737585397120217667478740916523092254e-11
5.63500360741079764267313244114512877412233880454928013970028820178312722433494731025403277500852629416308526726820593227e-12
8.43776997271027448260529825672323140747215397447080721270522693081511777658615280565046473093999252537810687445632992885e-12
4.88988070781528764646188725167574976884312104934747084431364627569812773772199418679850116805093827859527267077295447219e-12
1.29400041045410290329470799835074339800893304059811352265407557560639787602895176258499931985524522836327146393598465379e-12
-4.74182785418094062413934493489027841514724891580880003588862842468143439372935231792292627155425975248032759395062697216e-13
-7.86499196982150984664929817578305207198812668885070318481790565171338310483379794289210688994036924255075000865351456741e-13
-4.90859662564477702138181448387802766190136486948613189627145019680808846539287043230033646759212959193810164568777195057e-13
-1.52043020750186153092380396396031693237298441812185855199511941972464779178841861112374399603373432566856947941206413823e-13
3.27721630270948012173991744387981447495196997956331113195863847331355172635525411415712306351863431192948103305941831836e-14
7.73109940400457594621887944635514976734011278914227102116151438718112957823253076850938756318872384924575372295167037672e-14
5.45190241499849653499420004110114143917285622314857774322752335764620379112428636568253240996658493560066490542881674706e-14
2.06045045700607156926991569126399327218449500242407835884744002566447656842472206256556067016585975784377143913878360473e-14
-7.26961830915221559319778891651459920302317140423937737862860508065865187058181855585265237468924190430626569901726488367e-16
-7.66634530984799039893262863392842847952292313841192696022492651378191963567997635655081768234347569659526450231884560485e-15
-6.44071330952887677131980733049443291872739267474627818134869717921056215856729367508401859142647166932084462020001203982e-15
-2.99571630247506999860853342080811622315174694387576398272160325011570164327654903572301114280891667837509095461301671712e-15
-3.92294578988420738690876896419905339662613873109243481987065652088918369203998680470403803026322986635862407774990787747e-16
7.10245346585832540062730854376384601270768935373737940595588816684522524937715848773511769625433750934420636308968104050e-16
7.77027444402198044398042670213915397566581799599826688008387874066920257437774546969941561809755712658647424817774158505e-16
4.46087893267888354640461293063025418022727915794023944238724484989440742815067779389979474678522051145155766063077753024e-16
1.23677561297484021504662170992925186062982651645267984126065747717864346184313849123476552547078844550926738168088687627e-16
-4.97891111130578906680094415060768451208030586228753406654058276648821480531494027430052109236853142772112402830155663128e-17
-9.12002626422020758640072865987125233733164331969595727732552435506358787370827757790995648084669265032993839279962392908e-17
-6.58374201449146188003009080304393499550433578612471559102176610475018187721174027469575125584882598465494425320862266603e-17
-2.71798981999622336579023053667016188358898266485954731599912305663240147150919884604420384722192426249582209832882097164e-17
-6.90888666325145992719950625260767130604093054006948844870154443756863528464761238706563504362714758991650344270545663366e-19
9.60949384160377236934267326202768840286585130810895548449479992607587103741622290743847912281078268761051262161784588516e-18
9.32656604460319319143042929021012657094155982405960780421006203097726417009108864950864997579667582649847585220680790790e-18
5.16861980742079068584380521083050670718099528287450172273912103636213716075571245645955525937959171234103516387465530149e-18
1.33784987830677810999589459179723367276480116583796691663177264854012721216137152187819148108762197708056011132873720950e-18
-7.17797333925389099974307049910178428085792735499371825516993942337363817379748093402297878050963543035260849908551784540e-19
-1.20972545009643130339996795954703577994159649397797357989035190778603593517106857202405071773907952155199292169967286265e-18
-8.87047484746971818020707642322124928587883453495229031875414071370555169843799602849809866594277368353148468007121219103e-19
-3.84518193521400307601876051876454205587029037847542760487674265933573941044166374732497181788696252367752885482275541662e-19
-2.39511818609014369304579420306503830832835681078075598036106579927619456128200389915643342595879388319192024442916458963e-20
1.29207547386729761366643949916899448629871312965319462107059797094094212179731102071269280747728435907695593117703307869e-19
1.36317773097287974051452729883303518845224342067468396389973765065563731960177783541315971004812040442290190943355823553e-19
8.24734596897440751058499389525067312618328139976687398814804120976357276531290341006818903125405337202109733612715193140e-20
2.66419969468308414198583037226270358834008251551243159005480266068211958761917488906002986865998702585483778647991419042e-20
-6.92806097901296457014202770701262666349380894288201880297169553833310172127542963661670083362990774520278442237442591823e-21
-1.77262623430887805524941497203991424706998119211621107105126642690656435456999571840580247851422652291283054342817731783e-20
-1.48879027633521787057241929498161022361259858438745275115458782981199142308065886254390479719184853001108123628570893072e-20
-7.66387885989412728268727390347424957464625567891437279386397812759795572238717652631530664019818446894716421286307350521e-21
-1.58284909141784001020744688427062983455398301269241080157201640229108735853528746790957561444133782265171535956113064310e-21
1.57017067084229288900332126594997908477008913099181430592981131438293348889294297215060907420568359377184730527571319591e-21
2.24749559586149943390911583764983038708317009481239064979093632117148904064708906912120330555255172844806518037926790422e-21
1.62946948238690663132864699229864927077172738558304556337062445708090143556096769692216336758367246612818997581214009642e-21
7.20697705516922052225074986303928638765787879858068745639710051664650747988987416202889418800286159939877746014445427530e-22
5.25462814289885077670398349717119449790486271869775651686084417745611788744845034442103797087753132509675803038404951100e-23
-2.49935776810832319478322617884988533590693408483666292718883146494723936959625992033115221893151208415113350487210699594e-22
-2.79319246815372100069965585668357233341559091039157960877751630129725502857810397173083270688727946760088979127455388332e-22
-1.82003969034264731788862368333142485420883905132569288931153186376393983810154196374300328096499003618899509423602225123e-22
-6.92484392455851539797403271807641115554291131834318212194949315834786765053348916053571751564071618821033346257939756849e-23
5.99794644325745121555635439435880717951237855632838599213712137811464018635762791747847762543311101512614746913473043767e-24
3.59571427202050390247575313345729470577659547877223089626618256612778883828505416152804745535389968472760798625063614274e-23
3.49239251215067117069343187062916602702443748092095428531360269018551024943218871197154643491260875879030359739501467212e-23
2.09912041370772688934628115012403525488786466381663230675757744946814613315979673130025917175211690898782123252047922708e-23
6.87392571904851184972607846804345773443170605877611822438114036407114330866400491003513888110868923960183106486995238044e-24
-1.90108737154151160264551248514205218145690245146478104087850568001394687414132682744325159206671160115084548655920866768e-24
-5.00199320035407776620445607089565432610501460938629383811302483203566623734192918653989764403703413429385698569342290869e-24
-4.45299579198698839172065670559236631400408128279131921566491119366420515306762587876499330556079816864752012938404460615e-24
-2.52095022735951494906025496462943948975993058056011832657955024940953908057756875380532771181169317705607395893479986137e-24
-7.16168126443637378666708823563979939597370453803166799440982349905313316565234476204458753830826144116896003449834324399e-25
3.50889103979025692651286803474582292169820068388325550789398298821725905239633345716636871063996159491024905193341007024e-25
6.91384539380791344320289606040704332772905205353822993456002996252715568583379611049571824689482504449436801511516099230e-25
5.83331413084703580843981746688603359154728944131206693971197040341689806821834839841974366195246086235549330896129275336e-25
3.17153074599100710900870026514924812696832084607981102403659744870061383135120162451393654470351061824467004139558261534e-25
8.00952110547787726271354916887959396666790546609958120445257883827266428689830884316409363109246605692744528183869279572e-26
-5.58116751662768749424801118616408999287789375156790459741941065561148530490270635214002504876588019196134007244907198326e-26
-9.61552228378795054000232860130144830714428080022909759404164705660643515056251318898463529622262411013024045476397030819e-26
-7.88014007630717455029332940552811763939652146884592124151766681045895555212365221520626268163051814223869328430053530144e-26
-4.19484486533658292012903407869848741086362014868393235362436777436803775031346595032004440205227248809145637266213671323e-26
-9.86839671083970133017168942624698954124144742963156267342481378189353337282415996781544601279585470300471276737895267775e-27
8.29839035313317653585240655963265537014377656833543667176168626001105445105903149226406273478712482306197363698641082811e-27
1.35307133978311330154366900865667004978641646251181418406453998861055633937916084464023764278401320939392633726478605724e-26
1.09898334413434569979850200530218891147843346691668106917610459807898294611638512802485887327047566265578868690783224550e-26
5.83840134500159547731107714992722826795122730148615168986836469785864824122993167329044671788670664600082454205680196216e-27
1.36441250101016365546423770277126194815452926841090112933730010752192816295861037016587372505795622754301605761042977540e-27
-1.18279808737118038720502744469671230554234875871109747804300679209061272137394353195143325030373094427607563265213416896e-27
-1.92931491304388125092914724634770080693299266478774741017297556200811591624591725719866195656741907017506557681869247788e-27
-1.58080717700841487469275870204801655992428370635186744213776077770095013788883206481361372103112717235452776297318605233e-27
-8.53410562764671521776044612914253786424612653167901119439590548270125278265710858141364333836961496910832967640235624533e-28
-2.11413195706850556768329195480422718275541669542949134527877412973509930745902557918364652347403894292041840975949408766e-28
1.62110855623168234626094314431991838279365795980506114101700909477423975443129166377861245620075461918898589115291688670e-28
2.78367468422043097054279029020861444442266612933121059945603721714526878768514729851576046825926493828093078676919192452e-28
2.33919124465209588612955124732403638608344058076090643844409750952053009102888267536434332220610943945330575273223507385e-28
1.30424745528514785968724420952425039124495123365905739516836597574547201514471928305578267853053447396906203447822896723e-28
3.59363531812121024161712508918174324985187378284660493628337608918232271037379320228291809592280117538633812663962610930e-29
-2.10659024275721868275591444564036145244887655325645640018494050952137433568288849595099015436932007848891671687413411107e-29
-4.04876453873793360128315127590501484855199087720484652261753615196434809670440148441674193048397932665336670821349767060e-29
-3.54673858501840320320305175638197078050083418586067477448374221206836051748231573032895084043452917284508262258603278617e-29
-2.07086140843876773787089108382039288876128076211106769222575129171431431159224721149486090169470446870428454069519920853e-29
-6.50833857289981876378383863562109555319540558970654213806204467614369094366710895119403089862193011889914792134229884979e-30
2.48764353062502092934221546205917021984685027967292940352257279170391818024072096231052829765600778575564189012484891039e-30
5.89911374235028212294055987909411445147064552836611663036089324688422190373221176501614807787169614270485679203596085500e-30
5.48218390844461973245826761017198206090759513628282247324550819005265631547049644540640957700215796424548417197772189822e-30
3.39111140190625671206595147550902715652175754261989693777541189766474279972980114866749814587431276101910884214098552995e-30
1.22417715267067339334365610007985381586773924201192972348786971049753431807267489797603086580449518237114531597600955816e-30
-2.33745152430573484179182176912616078048401578823968085270888349029068847380068309789631573833140199745004663345611186497e-31
-8.52811218691482698194139083616877145384223487397650331427910594799487693250840528454996858968798368997991515706634047497e-31
-8.58557458493142412134032678208728065063184486653680620492781364908552837112512781208718004525568703520669429914716173143e-31
-5.68328667702634674445985131401345853737506788072071991904502440843226386252475979064277477803825010199450784233153640876e-31
-2.34870338882994312873358586066152597395239923797324318039889286107989630338809408444508317581027419742110718545381366971e-31
5.99241595897395425621164105916854994796766624233119223002207555472352420532333538632742349238182787969501561601421606622e-33
1.20501199560779412663564073460107542480994651395402052327138374144254774197223079840451089946131021449686665526552946643e-31
1.35236782858852484207981261586109753581630616268705557001655438455933602057943779849667630826549494788160499529404592639e-31
9.67402256092415709461306124748129168715139729976787762272184501839598817586186512815681724383524236110753445704585253782e-32
4.54327085343083708489310003275981819708242553523258012284697830644596057756315263822447709695082378461388455316222136362e-32
5.16848445942683049933088922703283517215488215010742644691534896485563847076025084400778542318628103699423668424929033317e-33
-1.62109153732746948304292909552846483054495086224883839459480284123106244532121070916082376972498510636809421034760834676e-32
-2.12331251849874211744171173580613261837914490911109409302743128017276155697856679124822904875751352486983701358249044986e-32
-1.65989077876391578728903191632606185071671734887068662826475968682046161650418200487210209092777178384476003608400806615e-32
-8.79359794085616939235560051587668100247311353592558422447564137469698325274776966070511265467805735065848676502891315874e-33
-2.03538262599020388650579239006656142058871378969546783843613856663732035119845059936362852444589997555093138013634896668e-33
1.96420870408464088495469848371246832861718747367836558559894665811575878942788355485191524928609516278704275060583105328e-33
3.28354107942346300588932666869571405293987122197426302625625163152742041590931652435302200313790120603899207504806114580e-33
2.84864778246264690799749240225686830152489763223565066325305391362138288046064422332885953089371242225903836468213144568e-33
1.69367199446650473711117999459082897434614365027127966139536957012506900123855467494021709234636463977115971808995058612e-33
5.64314760258984871840726540036804420267331348582954861230389329644759922589197454581383355928054877390341709591648845263e-34
-1.80860345769445271283423708766362124354656660827657666349769999110363369934093866583881376713974776840427967454373259689e-34
-4.91349532592483600258310189283195204333949576924997755463452030388347683553151441402243273402771901687236784326321285901e-34
-4.84773211167097041751608505329987028256392990350354052479572949406182853986887249239052741539909193432288386561931094849e-34
-3.23061049369453576215103735995493862282127729086711408273292111233236592195121186638083394051400581913860113992978739023e-34
-1.37069431984792011135117787692244625083633436735344861305439870261234417014603593504830534656522511852082854403680911416e-34
3.99151470694373661088092389775188959523220202182455113955184831185828322888727694547940877675067887703333064022416162600e-37
6.89845914694308650736581255393034898911064839938730717049981584768687196017176900462478494562980051258295020918965106800e-35
8.09382217839350391178949816864835305719226055149990119645570548692807835948467661330054701535134214762853645521179093628e-35
6.07236390516753411956087553769745656831003819313062229497230411109772551553771982561978653930751819662074207235109348682e-35
3.09521465449895187165998165702604192377173753056860324110857082101246038638379007797094546923945330531901916223802590916e-35
6.00347496677998275188343089475186146698233460498651827355877948593442615884780061735436243421438654423410287223307030838e-36
-8.48612578342987232009760375146915827406197391558301516107290308316502383053847263048817429015571048432790230903028022119e-36
-1.30605700995669978864097970618869184692651323390782177256580591036665351735245879656076930870456391084782882435150765855e-35
-1.11783467346863372376605754540453364527448527303038148601164194102789182560519327603215535903070485495421698808644866688e-35
-6.64698890455645693118459248361570759995109566476991829037171414744479759296000735259479347999316220294406499236189206216e-36
-2.22919632055924113512552983106709445572384281963179629874363713112608601584484491788652423677733278700263730399025411970e-36
7.20291401695852841680889877523600239550557529215267584741949907752968313735562612882108875459213917107038828921972750542e-37
1.98688996391322597654800745224718445780118626658675824852570077734146944994294873481092953666248178673541869682850808418e-36
1.99822912962398868524656403873197998768554090237705355373261292338628443259256328534698531619844951785596700801881544593e-36
1.36954548830540458390875727941752929215552643619597000643984076073901474597680681044837762092369517257490804190423434581e-36
6.15359136970563281768101474131529447330222564591973165150705546569798923270450363649001347589482168102208991416862757894e-37
3.61811437242498179860798167410601622879842196558539167041622353739671330522914574513841001334804769448065919688075424575e-38
-2.70858151323452283083253503177794853856149485109810830526899300339118543182395365859115196059087599762300816933194472133e-37
-3.42342395070001047112934185039482926991079085633585818333171955364130635018429590323134619882555920023887464189581639375e-37
-2.71135699359648507272157265025155955688133295090475254664221022398570194988747572556119522258242824684571372874892558298e-37
-1.49440618814740121716202364409387232115123300292951340030168517503264303132015535902627090875282987923029302608794482898e-37
-4.01370651503686934707271363662734284482748164077010612277364230936697871790113173153313338589267656964853377814874509960e-38
2.85582950709271481226503456810792101827932768397596750752162937656690275045675019937095168963259946543696624586787088116e-38
5.49386339374039545955320021399784498351632121843154533341816187141375951928043444993870934591507514326468424631537036157e-38
5.13599192807617017684609503934520652389622667503968325724864094753399347507453522783405301996332719833481672972248234756e-38
3.35044154323977976563511564331640357765238309756745759180080158120319152625867951892086669260251814164428425511482894775e-38
1.38659613440292151378047743644634302762196144175232119619329308748647170283014726734378777679804929934113429573347194420e-38
-5.84141420843282452092638845265674530194180078905053662151465113958942524029175754660914760418398610146757890724249528890e-40
-7.87316041151504326958757488555393155844541471471828309735944286280269979833497554829960420319543795553442449090664998649e-39
-9.20661068569320743231612603912094453438562627403061888414819393666773231926706970083001198095508085221249138232783835831e-39
-7.04995223781025850602791421458201025331338717057050863399074116039859124405337380869493083029044221018565263547590034273e-39
-3.75423744068574737659534145650150702396729460629459349570434294608223355973757656728332868479112426919783829432720635631e-39
-8.85412845875800168876336751429637363132311310220354411129093922051209727681983662298357530435405062753843366898578899058e-40
8.78382852350383971029780312584382467353020139281322412681188402633237299031987803231334296295988152487552582812969128945e-40
1.52617948426947841798827770924770009108639416620331762054998539293092698350881809924906347253925780945695677228238654820e-39
1.39520832129439296957626743618318271494799907870095524102767697828768864081975276692900863753549412319890773042617656644e-39
8.99346249299605350664827727215548833192984502271134188347912659956066471813945335400228518387247014001678414156506692956e-40
3.65314040300849204063474457052042872618721779869239308077357502666924609661711388740205342842484184035219367765774868709e-40
-2.53548437804438802215662030972804419162809114539812643153205202167817471857889661900096752846134501086691937271137429808e-41
-2.21969768192853361531062023434356586056645637937796364572247060565498860667809781219976850047386076071757406110250820036e-40
-2.57301843241401151917229849076348287544798478348965816369286046162218384157461768105213589836835340065725855487279490904e-40
-1.97555512506625364106442355593612172280537260209971752372608156869070763599324454603153497030354375827229939049765954517e-40
-1.06204572222530524218897597522760992645564586935136959087317081690783809179850900125016257278946981974835969193873676331e-40
-2.60169107388389230227001643192043361086853876315267805568520701935177919223675013557387076916590938005739940418236758542e-41
2.40182096559975966023781332951334807361718536140978939944249608861146580409472231536740978858062779257804107372750716327e-41
4.30850103470063055512237428669380095439055419829154225871233261671113370987490520977334212927448501572045562920963213710e-41
4.01177289162589753590701298316074802724625291643509919884055653452704757831635229764667997804425302161435742272289379719e-41
2.64558536196954001815379471455916028124800325658684662527987707368081140434472457002740513953912225353411410604441663968e-41
1.12792106208113241902590966353675796056215107320577147573732619122316521884487008495584327857589112431340477608227136917e-41
-1.29796897819590577406271748159869878238492290134578146948513404971575721946923428648807430193817534244586452851961863286e-43
-6.12364750085974741286081125246604079293590730640985732034995883580161314905300485224893740526106105775839385229606108403e-42