0.103170846189606295213576974952034341696778303894810426060706652313254796899151092310169151251874083424853200286435184033
0.254660340862269386216913475277228297546370824213276625790850262901924394596257080991462728534984449250513603188956819771
0.283478522192651168346546714329347769488889657485316565281946289542156579099902777986520221226825806276157483522613910881
0.141017897352706181945749930901168355016534138156488937274206220316339934359016089400753558659729777210784212408953414198
-0.0529334413744381121593431547884129443719183808282904188631535454273522267572929813450005246900793267902670169383337218621
-0.157793877832163205256714432608942707018583154255948798159607373263264233243079417727072858657365656350063501839245031934
-0.135717378202739223879692513975961765945445341666614396950091849074344661809147705422489560112622811554284062522035470322
-0.0463786824069873408757837342223819980856490547983754444321576192252041191641864050362964416065064789796408858746336475814
0.0309608810601510952301874315907040137274192680264612806800250325613799679865304196874497259417394853845234305353359617231
0.0573019328418918308744396484279871979133673598108098999951602492632756866964777888305053137266823248772080855353853149399
0.0407713816447151120682185495739281814990210144639061506569128853942851701351736156719549200623736208583435465548822760255
0.0103196738623419418710637637348972989751294567598363118509015880784919341009870836454800288943035040825954470526387306524
-0.0109678116364337428647077816473360020675499999389876751508378314229438300051438519031041978165125064882447483158893343235
-0.0161858697870904897982590467555525668326491962527867345049334037255095331334041847542636544760079010112110267448198374099
-0.0105008594850072970673233080717526154402179452987115794962594890250700417871904264749317461784248499574066655415369694959
-0.00230084355155871379194783869656787157438899430360237506985313346103351817650754580262202230242228380858742901876460262844
0.00293694285251147242452986217580992137978986862034481827478127432898255000914120062172499426278641444647844610635302902758
0.00405510037009152787130356649920343512616526125383302957684016866825749754877049023314046279202930560326823378190795691324
0.00259566527189840671323064839604726274932472953570256898923192263432204973522805388286844894747611204434206805632726760699
0.000608526705426227930969701280767460808276906649888610526477536859730703539388824469873356976646261501817039001145530769196
-0.000654505228806947725891568653550274455088950313297408383545963465469827962169718860410898743327898775807204541879409007049
-0.000951077607243718257604963366717755690551717531190836862265795435420268399867023309006545592511602131136934718787224386914
-0.000639052480352878625762351285210758414518194454695397159839887235939535751392201622636838673846077434589051868298995952941
-0.000184752496876235605703854600993793402904444028154782874266104340237898820946467738631328916345278254713827164944430755978
0.000121327598089328082619331674788995105887943456992393269747473203584388326420739810082614616108291940469474455696078788362
0.000211859480478247982567871245704063560766339493499558144846981687730551740042775760719787790994984124062995439066170438842
0.000156921122475708975999479698298218947703648708896693585108037405184831899553393693309914768615023928714477731871079395442
5.80799633898254429030618121777551536207137323030249105276876222415233438782121778511002308509427930463290345606789894877e-5
-1.60419621852920786729404991595842544045062604853208647231869474279114073806220539865149704587207251557188585470591831346e-5
-4.43490014484440707095743440066910962000362730894063371683072900211343058063050594339364303798207251161762590063434353345e-5
-3.78834711867695165139782173435849715155925374584749099699325550924028717299035699074135336676006272162986281551810275823e-5
-1.77420191530368570535003705910964542160474237877260778713060956710562899380148215705741673725485309351000970395162315122e-5
-1.28570115672509655135972839731475857113074308943355639194304584641774148018809222270559445811993430395437880113217633206e-7
8.40290798145083586153355147074140574990333443585996058485269886941958640994088299344929782482629074989064477006584322855e-6
8.80020320244717416119430756342552439412323332440019650256256109566601978146626472171179130192683565996393222783104926071e-6
5.12841035777381388503300814323573927761518503276724033102865477076354748865111620443939524470424582996345181498433940398e-6
1.11907266557637032692126098624857567396164488882403084784383545623552929777508146397106485382824296327408855976290467504e-6
-1.30207408298674801143917015950848131186061221271851281055190717401386466633394384111984149379226484008947102976517277507e-6
-1.90985402487072872451003642108844193188449110875582063765206494258325482787856621515960031353086363762919704619798948984e-6
-1.38371542163468374535000572771257379390287779397954469668223984380942490377942807732001941491288697924310158231512198578e-6
-5.37817985942300656417745314618211188374237131829304017671569506935968490343980277645922857282871378999277171451508488566e-7
1.00888248129302578791379976897115471577245882756483734496280366851231260432400316996675952902017359026782442785757535572e-7
3.68288538057218176759628142904342961938269086466962655891107340188415524276050688349935973751158079124522429513104357732e-7
3.43302121699066700233979313075690462670285775335923203298986770605074146577953856214980540322709328137106649052018016701e-7
1.87396621887169140296640277436288691125180794758486421388874806553836841018346114054503421239994079034815306274303473121e-7
3.33280538758914220945724257197757064049915800949964533191943606564248949295430636620069745396175129507301203073879940743e-8
-5.56785105124997854894022844155206211665046795537721476248263770442739233950731286466834319453679534346111200171013546683e-8
-7.61852306083552952409118808213253076142188484325339360603791110878638118225853495375897103955906091275735893213224691430e-8
-5.49098768074590464106102025465596547607287376002456009304444762203736250098380655933693895549078966312502041248300947488e-8
-2.20192816904924871914222769574075947892310875053606973793791467637238635722816534353964294882555951967402677471167167479e-8
3.08922029421183561759326600915491031407158403876407330182557962685044271837291100365279969885664563840687942511154225548e-9
1.41743231215071568327916295101389572873695045627181262785783782923721719572890900315346613405241490266546123622182970402e-8
1.39048664634820201312913906329070362425499601309920941272134550554771083490575342103723358417823852523626562463209157088e-8
8.18016570996592958120366311160863769348682246322835350991393035892638785800766316303865450330906482370594105506023776784e-9
2.07895704335177443037110448567904790350995958974509645773311573539990225180823977644659802282007641621886034831390443546e-9
-1.76548244334808712312459182698887631879118881832641579076960014718638259259610589178983955555753622679453796353627745782e-9
-2.96676407100421999802918289145309875246216278357894433494877050000121668050023390223588801514788411212002289806927654792e-9
-2.38820684736444511129606425553277071650924015616713126455078884125528010898708853317871671472603509123411537999635994198e-9
-1.15973127071875043260757344599667939050733701137470689894630619658956800308990834145528672982002254302233299237575075082e-9
-9.37732522207955129229022386298172662970514619414991417098919035802807644786771843923937986468131849364897591263932589174e-11
4.73487745474525212964742570901338152339872151979177968380735559501828613337743355331433638752725973697331247711712735545e-10
5.71731701845091661195413279288855699288545555318911215143462356553525428025316406438930415145840116172877232455983624612e-10
3.98795644638131980426147643997594205687330067973259849590560665232268622216666027766030222189399047125336848655732791571e-10
1.58078699835913013218235453802584458136814805705972380426289647264916419960808230863447498241690559636724336514397100477e-10
-2.33517586115314692160153026039801888314708667889142424546727995097139564342090362589108452672896437344482088377088703059e-11
-1.05331546456927380778433080775674096885325334057431490350059513009195959009012064493081592341321263806463032762365223400e-10
-1.06169947057611527260191838101149773713948343216989260045850237132025135003153294412900445697824143003776563034165474676e-10
-6.60963313257195218219433540549604486811261147635570702636742505026257799385779360387303923570304665771251812836326631286e-11
-2.07995338209344782916360917038230201146608791971802084862259249269986395030542604460871038265605956824237284223259890252e-11
9.91334870093639754729159379251082023887431969424703942742676916918375225108885018335943852250592913087214979028281237212e-12
2.16734156653689689185669800287242535850087245993302088013945123505207108049638665409273713327654487559697711738301412476e-11
1.94613437960741299980960745474374355229015099748902068005092341886821860549374814527001947439669805072951467475682652089e-11
1.10416304983686101084393772014018378507893478761561835446946861798139676947241987965544469146004022253500708575742105668e-11
2.64576682725512617194200556566640693015966960062239202905817169560752401804063886146644342067325657015930201287449857798e-12
-2.60135456195244168841506501860932368752535896775360663198882996980748756252453360729742752781939777277141871823555044956e-12
-4.30137254967243054204227753671326041309336672808215671787122669369012916220219085776002119024054795881336732289539034204e-12
-3.57326687674363681093656914088429465648442889962293477787721573028282834011493218553570591579671590214447054022341352331e-12
-1.88283744813148923086536423360575639870848723678235206892738700357661484483212774860109692088560883883558214935861701644e-12
-3.27251624623330062341652338888467227460465556242253180344894172465604509780562570552975770795844199401894088634192433398e-13
5.87547240682461085881032515038218001748213331503864089695918611384808982123161378514872022893787436545372438281699108691e-13
8.40481851286615155408803232655344822274566737296670094738754576010095364732944436898797013235141423798436605770789544534e-13
6.63371115135803312273646581109963013905985181341819883828098799847829446488959049656359587796199990107873802044809525200e-13
3.31210158895063691913813086972245274293567145832821511510599000007114985332060158587593199470455318497976376412331096860e-13
4.05061686101757546495643943697584871905645370702181002617149659516804327377649973946521095237127174154706945290691822095e-14
-1.23602715876813263476589070995379244173979562202184231529684045147883837121090894814862072547984291147256315418102685012e-13
-1.63496239285162609745806667539849685005674852011486109592639867430189525082983294371317890617536698019462908369744492079e-13
-1.25248782450411729587485538329327485992933293221521653856107628646151140612478998086836831844857602305410134506228613593e-13
-6.05851041077666979334615465596240012595177452832587704998824771527927914860502535891858633667772897132862333124868859037e-14
-5.50338758642450509356929179729740509281863519369417245877626449200934822987917578518512028288131989992856099996965114389e-15
2.49530318076923953953464453247735089288806415448507803405852340984160458135457410351885163507573244489820116137925883167e-14
3.18485385591985186089523473147167162255219444366727735742393205652176104402913997539891091543337456642688479886741831198e-14
2.41225840140058742838322014140341614018899139104661603397678892647200233655555777550036360659623605498191946438051736089e-14
1.15743115584221883834195096811750900254697311986560546383781452804787267017474558497054608578000616374752760437245654111e-14
9.66625371743360842655128500107408168982949877273812609911302366644995464357841273316523965244134935486047090598243110723e-16
-4.89352640686881181805152244461529465840771745257451705821245910208433857434002583319639484933734022990927483729577749118e-15
-6.22791707794988091400287623281084481186283042932014295055999022287100146154675932813011456091819058995317439208340984604e-15
-4.74227093477021364780231175437828551567841786748275181312156034199784890344350434623515652982021711774554904523638665296e-15
-2.30949571994951081126741560095772051465078989532049927017497230944951938203365478445107584860113127238783606735890030219e-15
-2.32787318916062649398965209821503900507903056505129251241075157114388503931391998499860576880101788914391607491035722236e-16
9.34975380977965461088906837621046072282275108898483884256369492674619941118884215753230458984183978518300743640101788317e-16
1.22250796084885059729957807654950027140613043297905619913443043404639239776303198909271869816732791048293861271873899376e-15
9.50331111676243087977602908389224343105899541238407341823112095243997494288044327802498283434011422663515998044698558040e-16
4.79388110873189496769184075206123015152657524586411052529755574894246193792776960985360374758612235843166905602071600571e-16
6.67552453482417007803632844597777102057113411904514662517228553388229395771420412146943442163071339853846076392511689965e-17
-1.73317315312545696415805853385334146907159994048708334645526595936542914421557641972210567538988437283788096627484695277e-16
-2.40384685482375106595088682913400477820805892968524332320687382511576923395763356448884666585628602456797154050537218702e-16
-1.93555882210414348797106098172222030530093251296526154109399786510578440854893713167430333666929475416343390723317222529e-16
-1.02801339311650583901778524290360796119032624238973150684385578562354386657878482402569904413377758844420288333042440561e-16
-1.98483132467798063867158090743589173829064973274924762046334603118008862778007964784279180738390786772199242102771217762e-17
3.07770332600800632494033969640647041294506144882630504742831638324569823395491412208032804579668052898240189159126592325e-17
4.71585123264050710069052104434393285938610454265474321623980828104889036737365476468164210059464008593950881308016292403e-17
3.98987683762659752210134491395999341237676397512391687225320424458449462459016800303872657943055548394169545546228313091e-17
2.25864558149416401179756815771279662507625877718228861855429124720690191930225608458584437139120916765156309893141246411e-17
5.78714721135455025436372618341468830228820589537698861290683984681373134227951323534372599055572974942292126485095074785e-18
-5.08961509195357226544448917704675140546385821230708300489506592607912334031630992703567002169101711519018554663514214249e-18
-9.17328143151588008093754595763775955966545399987774555806443253675476770229665466370430751428613530955228175205821630439e-18
-8.28118473852448490663825872621012613765828548698204387612017103676629386817625637619499076890451059697540554275697748590e-18
-5.04170554368223508273935714395089163881496792537053890771248541834210663479267440260818228744378052539196402341110385992e-18
-1.63323933383097025535799799574885473958966381807751761682698422467705641089021071825767301433558371152798923105322135883e-18
7.30961822543326513796848322592033434366052547832783975894146241674671255709825051444065601315347150166234945390294529700e-19
1.75314906050772092926311856258063622885765583142607657466204057527204707018877875963487438707971238255889978856459558285e-18
1.72021219275764693375020505651870244818954805401494285832066023046580906727051533068940081641695128894768801247440408499e-18
1.13439431808048511097520635835625501296158104195002606115415041640173918153463863352285032303266272890349311658576160533e-18
4.46224421035543766217073808954093698483923294996103879411685260986993647263487041196923688098417959957554256186076188221e-19
-7.00680451578320741531232909341745079154361839219771758486567710131556465382585429979775099152400645408802469172839559535e-20
-3.24540470391542637361987075427436127081012535784630250892539436403424110416114407191341735659386215209265396793986733341e-19
-3.55095308173314946148324746303818498289259973727657147096241775666571952955677615639170735805989777800492747439863061969e-19
-2.55429039302352466591476999392272147665427418127860966690366818536017632046848013288004730942730199655884315403257592315e-19
-1.18352605674295613882211926247075815214143050170333998213629028172754229425760745213944294220893783837301207480434747249e-19
-5.85966666756867028857349761174315838204494141432248619902234082904717699469644444842324088469324237299456960924858170324e-21
5.67808941790814833585460440889958564900863769318475555750433119989361106574611265606304344942508799770074644169287872989e-20
7.22066651687514415470521714302922732526448758485752866699997293271796146408785376331171531979831944388395811447847394165e-20
5.71645132542930132643371516842269579757950872024874061278064688086285984980892233187988119756689436336380387432752736056e-20
3.05425101678713464643992389044009296813957589245288087290331190933961811930677408232823448745542227253395744611154259585e-20
6.26334577588225241554286154423549700615804922506243258853992557198722195887269387175997315402078842124999203728174338922e-21
-8.92038802137442259674168412491202133169953677391594930577971669110589794201833161918749977598637304222814960120067258596e-21
-1.42941455988118613792216789153194475873609420341269178663533873749965135955718770333274363021333796444128513690898493880e-20
-1.26268340188411209512094302780549493618387816313178209889649771399974324436411676150951941315421356450396698552486585702e-20
-7.67613224316337290637658017612123590622652566548669678790447085332701561416567367687783636216418336312637933541472520037e-21
-2.52802709023892318871937617242550540286513864563213578835748188990207904881016218164211743852835824171462201855421123554e-21
1.08254118423554112798336684700978223820716526595273837377969519026280224578154348068040058411204669482203085516020927825e-21
2.70575375071615299696366521379090991099382796566300517882619938009981707790451927636692074015084242909179423880562444507e-21
2.73086633661481937851174640956836517187828554690664230129734769037161558461554698975687556900214819062651127630567105070e-21
1.87770823737831479280319121494488616494555657846478022324376325421992592915097437040838005484693910278969937328360970816e-21
8.16502585282671488348011284061996330677341432515636452356782739608287671113237711460433900538767212642600313261883155908e-22
-2.21409350422735603933613255309921085733979971180607740414205379177216304933227184517328692919770945256418938254008988575e-23
-4.74167731173628168079704352967795066477610263819602787665976911877127024097326992101596104812606894187059460309564088295e-22
-5.72302463206039663389108777195122004086888288754604448781386920929705263833475472115824774292659142656500553501139050852e-22
-4.45998899067022628074065005954898644137284266117505369099269656300397737443351125596063551477266400984245538290045122541e-22
-2.36584925052442658242982236619305875417073083847725135353407495933589689492953458706294173586318448478164326241949335046e-22
-4.73966910782802404731807112648477956378659838781002148307079090834492699839397897543811922505757037556635323672740491848e-23
7.14067861279282481731689217730362890080255527940875493391414145163201590592070569750974355906633448521297784747454731985e-23
1.14422209723221389498140027122690401010687582832068252181636975501047798731686273257016208095025129336883899025195885035e-22
1.02389329533436735099495648695529969000234739106007517863503077218747504394947418158193643400907361763818974259672187139e-22
6.38614716801477906889005590519431770198202683336961266958440467809546804398184992980903412617032017805799907710876118443e-23
2.27598353203968285816430953770775416982233882004636000212448460073937498555953197532837941899729585675113240430938522914e-23
-6.98180811226310966440855281423972296877827366568357991991068888541976359350599962568998553387993560740160843534764624274e-24
-2.12366498910410265130784417175698147718645169629733898238527714762472693279819824114517517317476473901403290407640126622e-23
-2.25386402040325180895683577222153061460762991021993195161536768902000473577924696208150008676242959967908445775627127113e-23
-1.62930077449752945963013955188272262089648228075969520700970728904803064560760457739193332395666305481177362001445413020e-23
-7.80989592088877655723365823116780099110982510747419330667397824372047044923263633075318071569454304751741379737540020853e-24
-7.06599453754392144872455279275811218350009990646754306386206674463059834809785794361831645334728475731776271835880853380e-25
3.44690656025749700842896968494958445097747941615073997658819225282517783362807294848113130246358081830168526664156828109e-24
4.69161701593485722141737982007341223700886282834183109321223827996782205597125170145316597632884033910724633086681533513e-24
3.94376815886922797359441397518861462191669786722455684919399243863670131355262055754087889753897196381858060071132101867e-24
2.32104201383945479044684864265234811664397757025648414895865911629788885334883408422280104850777753145108555920516029386e-24
7.09708748315983051210435018585372436789567345079150981894205078840035517617642584571915644839687795550947029404622352834e-25
-4.03038071976517664611925579740663719921145021922551708934033920673690888318471312253720597110677948163163930057709369042e-25
-8.99492897732957169852590106243285746623741049669363750134063009086032524287749734280270580272783625707714312664453489678e-25
-9.02268486649710055184938478882722148248364168581848066506195060042603544116640944056927596001278683589337088574842276101e-25
-6.29667454804513979611953802626310767145020362473598874480441351086531680496051708371716990599604860751538144249452619857e-25
-2.86600103568953713585549036987845223483469306470938825403226018953580995018370470873441977107615153596716033410953146306e-25
-8.31204739634304524639414832209138320934890000851290644305600370381927010123698621941776367024204742947719147166754404659e-27
1.49621802416316118347128523789649733127194746030616525967690572272885807621089307666877965996574887252357715227697396963e-25
1.92692798712180212284549049460598781784919796940800628030447707280262706840112613916634518697398487021697589427012771415e-25
1.58662410391143071913369740324634745313591971923857834087282788105059822242932467412228218092555876999188406760845891451e-25
9.18334660135087907496343272102810316309968414050436429084387844701778503316923916975155171640257705701638393248614960103e-26
2.67910805673643253415127563413357988426194140301590058144487575168128801343891652971241360531097851225237944931608328036e-26
-1.77031031968818908826980686480508048121770339369034194042646024736019742881304592907162378844646150748983695894859194656e-26
-3.73448435678870942317378187188807470601972168547968527972314748882988731533751046906735675704954931167666797566034160423e-26
-3.71835174384171492783227875789336703715327556324099110527330957661048770703668496085442517388627531554746474333692422507e-26
-2.59740701170410667649681506495915715755015120542561312367346025343706195962630044234735541435314632232883581417796230236e-26
-1.19197976869510171010362258639094863390978358620381583148248876372864737451399979600547149305843494986311519073942141046e-26
-4.63616968272917247540244968997469479802440346533937731954057312379122421150730282346207389249732233721035817746872906878e-28
6.11970875950277588558060719322155301937259992693886098742444766238115692113743834955734684216551858532899123470756903917e-27
8.00612817015734168042657919667374160879035477901282981387324710686353022153256286070575338214104613719689632215550056737e-27
6.69136201655112240973978720848934458422942028394837183110268273514794601500668158039428780636981353695345542123686461229e-27
3.96595175215906113593563498897489828122664014716445432174274642544001328401284275779792285863052181870438073121479350091e-27
1.25421363556962910129515544465492169380614233145892472340002637020089998730354834088846110635895349943473073681455226741e-27
-6.47218521438595437299364737956690968258253004421662407457540037295819785008921239756813015777949096936571914307243363995e-28
-1.52991632842351682249880286092417225325369441812777425216134610876195179809486298068156587990899131299924462713961309625e-27
-1.57749846655241601975457885559177866057620998502611471837938569106850234283537655438126635908618806425760795550901752778e-27
-1.13975218827821014968088864568767248460954318375804030430190569107092094968561752587158564268933374908977906909839447114e-27
-5.56802342284099740203152477484310808803888743240261781080267082998389592420382588160462457565249133327672328372188529973e-28
-6.31877995689538928751151272739857371161076640504930993601286120145460995889630180133483570371128005781512373636440439238e-29
2.34986524509019877274255686754982769373567068775628578677857559062869277376951247951363184198620000466789472207657965670e-28
3.35156627872918435330042467067715148669585547131243516569369131400993309088372272290966748885868323729565304376813969358e-28
2.93900366140444166331938782303172695312421450197194718404345266924330145915503776976925227216884600099434145606208956910e-28
1.84597406524513862257143538363471873931210734342573326659133512063287592593883416561840095680359344933583169404935714321e-28
6.86501787025141995051933721214600970359295086025806920910878566141292099005341007899246569069869630117282958520555370950e-29
-1.72434269113527912504800720482926536142845900397570283553534108156470573711410844425239845592816251157899838362845135676e-29
-6.10588096124498556723789833329495341968123659371623662887669412510875923538025013928081580488612886301262889857223507906e-29
-6.82326159444448070944267995406111366270363299112259275070499038243917591195632924645637839903780106703619735378135277106e-29
-5.25032148583798815210801781391233994165194835271255026958704016498752832831417150959479546892230013035310031901684402129e-29
-2.83181418675490391804657180536087542396700111486018717968799108489850117996965671110963343108278096037118391432078019989e-29
-6.33321697334478201245515669569422467663143248213712547432643612401390715493844139284237658869692039800570194064671825518e-30
8.03505102012843715778711910792788297578750982778400111929993366461994489688110132648031604955214291052468788122226348092e-30
1.39113058133481535288932927697764140272476153553907140054908452709336162239246338330474798634989435610575619444153729698e-29
1.32515969104905432393880427862373694010975675007341140866898090402760580241917661568526234493831766778463060655156254925e-29
9.05555001910574662767575642060652359242883638384914178110931577379776374111544607445538274562478885363906813835975371827e-30
4.05073181586240410151539757544155938830042345212286282679576032333213625726537770710697994044257655961773501217398793053e-30
2.41548133507654357603504564711239844648553979972245233267904542287769901557415294767054286030619498662820615116023030133e-32
-2.28664909388489966924985945952758538908559728567510055187438916080063929819149491442869766601019379777321245098569905211e-30
-2.95372258821029993668627904297442297305207166005628247508526783559210337681566412827852244205044171594050991164098891062e-30
-2.48969610463200903115068716754292803112776712679115843143333386371120333849080015016276139890436982465594462061892223995e-30
-1.51140555765714998395652202480536076649541238541540422849115219488016388892287571452795062397455928552759794460688898104e-30
-5.18494114958500944841616365709201993428725167593073384754108225621271352388098497394292846358939790608399072895347097852e-31
1.99186282300638923954256793607609405228338607018391556797177453308492766879606157847269854020244138975809795999780651970e-31
5.54391906208662649439935056216502912651409742742404674972300392751240255157896512136162362953981816819219438590600427559e-31
6.00542054300353860692002574842877666678460760216207013717511924706193650548802978528848776153747056317376598571329262397e-31
4.56251639372911711776284062689893081003552317749356244016281190397364296880329514937607284707402741379165869322282754002e-31
2.43665465981374935132850943844497149693459658423221576349408754431521341668042293989945104841501083472442278310392687893e-31
5.22200794483318234360029804342620052182866039607698592239063822901782505214019297490491618554273472351081658558215445961e-32
-7.27784476185333287671193242438717476564765653590372697702447752297434146808538297462344302493483455002772523916237007795e-32
-1.24162085622833757541948403455616670694939460990325641035122180800161333365284485987038432776651287280825547298803957461e-31
-1.18658604238840576208047974338718337874234537255633555422195935649148703343306646591633102320500034927730990755043241646e-31
-8.19688667272057139318907152770018484461991125156278924387279320051073216920484289159643365174406102896863029213342367933e-32
-3.76785420704715267834466643763190496988089881008264274637107880359730129146854881337607027458472917182710968464970777467e-32
-1.49904010464593170293162532980241890130958876092941284020273233563194007246985803790088245973116347690765245919154769565e-33
1.98136326213191015953216845718606612075344289335915437655899820157270294599115532688000440633174869272263714044126992423e-32
2.65548945072411451656179972681975879617106142583830081991002321557645919128187116068539513542479346644184785639358796834e-32
2.29928075379668402473260404137485483338236437035393348170937228513260460013730168203794150129261115684888675554566319255e-32
1.44819136376445061202929567877386244943082193768631262606958046404961418519544281520941177068455986854522096941987617770e-32
5.49893708191833439375241229386526107140880578029111897093146484535502356948537009597544473977359004073597121501687119898e-33
-1.24062277114302336624880637346209443131530570958134129163142687485467585889337195656421676524753162028208015790840392813e-33
-4.79714824269487574030427218718938336057441141593024599437359645970852231242593094781742372756942033227384309932030461395e-33
-5.51808896672511936727113305837253593697137670550148189669602327112556797230159095168980741489073616661108352187494470409e-33
-4.39639327957138860169849989609429270362119568473695463408960600341156409331267887010116412102219807276695403163233244801e-33
-2.52039309556315742548856368536549223045219029536991720629282320493901402550171285843686879182468403723194021090788905824e-33
-7.29957438139308399207587791541554124150009114016945674767368974184876424825336247111274212567801334843620668546093917115e-34
5.12625383496358217734912891134257982614334103610316954169430674111696582867697332256391301069257891693856913572354413902e-34
1.09203453043565420691620276729739937207707357651190352897684058623660987634325712302699788448090248061836147630664195440e-33
1.12571861854734485123961958641357183665467201441072047937178715233985309897346969919603358361241801350501906569868163282e-33
8.33226260181444180558455918080880701302310362190140637159655945116559496875476074213438956466852247480477000396152049011e-34
4.32320353478062998944764585645817545219564519068000316693034615173871867013084903860344117184905363293188980699454900308e-34
7.93823809756286685675302923489449475008295128236352614014417365867087149600701642428619036663402297417470754431096110049e-35
-1.48075300444284979500159101079432107789787654112294950841063564840347796436388582429358578239655970421094418519379237417e-34
-2.39712636034659972348942081347751828300600244045019642828912237732487386573098001394823330187407363320918647244523703722e-34
-2.27019406722088763249170553158645200881043852444027477378671340531706269781366910056216113123458377787157829843758080657e-34
-1.57077282408132710177377704259085344655522016353189072907635649767432314055451668783742571822374028788012194213059668817e-34
-7.30443839982714955754499785162127257401586901691259323335709796349645324039347449954789774388638606053743088659687047847e-35
-3.91414797708455653908004670199365898817020345433441475108148593219874251329159459613665215383065417951453008057236130518e-36
3.75303676433101493416865827242337019335330682750915914507907101192975068029380974255459346753737390933556109213658587676e-35
5.14472458954851108676542938547862209018032359497445139907008536393947960893140148103144395556576530482714728602152022389e-35
4.54815642494728339094725007154154199028211912237486175578333224723052013153746601980951005566519096396771446630727095217e-35
2.95404908809092366463086165820458835127691224076717064522456666871300899315225993061824299193352627981776159985715610369e-35
1.21345072377426737211442312653548051126273372676542684438283065304712335452958529004563702993758394132586628319381092889e-35
-1.36902212492520613915249744502831061293030950304903274091155251716211917828168375546549182982366714209251594210270548702e-36
-8.90268356117345526305373937080076499741666119750898454257590513546456725206900439861676865094293804149807414986558287693e-36
-1.08885365476158752042504041036329806220401967818792000851231613672499518021343196723541016525134709422660503846229436568e-35
-9.08620976090392392009259013592660207621735419019913413711145522546196240835147980673309487401702418609145973889194626544e-36
-5.55657922868500111562913427945743222695374867544214806805802905191781952010691431693106932713029253847928914845089011501e-36
-1.97526516786500555643108927941373316977031917175746672122972173433928757179205705494253499966808952219292827780971792722e-36
6.63089092511337869321855744854974531750108675932686337809920509463394963398972323140620243779534997055155652581097259528e-37
2.03228350263255705195344982234550951935340805746397413283441447130117238317931625451745756453301733386484975051936638134e-36
2.28565745414696987430484452986154286317451320685195776418788297552848211714324605322250715271451711266108918631302944856e-36
1.81556905351555549675715594491731957040709248401798633113396852187111429093960163070952601602723298718379610275648905995e-36
1.04798571258922327462942229254675502672440232519902931053546948462750363557770019694481250121868801816552510876032737169e-36
3.13244655556299051044065495200378993363563789761011978005812913751800598994123489403801628668780903559240713635763483168e-37
-2.03692457545519432500829833747714392978517768499410030065765320139523967966564384626627640763573776916016272380116211285e-37
-4.53061380847723554455857901626615877996451116231944146135140917699906744579295102745048799299320008525363642102807009647e-37
-4.77822232381037294358056830910144931409921825314762457472230678841874027731662884430760065226277115574202980385253521352e-37
-3.63756011950599924756574475250587577151604710951090766434387070464524959750363736078837465307693563822103843927672326481e-37
-1.98669635281236564598179812731675631991553732692103159366047890759984844564948412273420243730120123080611648219638908386e-37
-4.79262277031063958131247264711834876591305249125216819582718530154699366036402883127669872589478071937182587685891412874e-38
5.38733881545917009959984124578184551145832830728544006215766268968143402134963620089071517395541368589684845973844553263e-38
9.95052192485047915425657857031370226616882781410195538778883359219108242431017815812366165907308788865191522763374902899e-38
9.97827673522401018980710140280600797256699029857491827627186976956115717770006060786562729762557240981582416754641955395e-38
7.32313935647150178589378722930915189205930809272571253544295768855407212510447951033122944669582363358936333416723690622e-38
3.79525837304496433566547138369716579065348041776796905010527027384371772593797978994296761647641853777464509473714170904e-38
6.95364094913326406568755058243967611534011836879674138520627072939522401669381424085799289162182911528145896712845137436e-39
-1.32368649492745011683454075864598128826743894654443966610352121894039833586619145393900861588985028293747494253041386635e-38
-2.16523585279101932601412768652431813659918921163777915764551040604944811537340016517000121365220982185632174600323148285e-38
-2.08633502408249312114450521066332877603782380947966590133051373340365936478632458168967684878992994748750209840602226596e-38
-1.48411324961290457972242289435276329085158288513889748545192705060309295295543226181867872638181846099302113769802046565e-38
-7.32557946266044742268256956964674305551529233590566463193672001470531641207434444404142341392189811896853333248276469852e-39
-9.24561128466656880641898797737695801349815286025891781599197204205149478929366686339070104481150800238820851054013758477e-40
3.11603179446456444368213494083844353139691471145261915614448942399792708598467726675874786565240087433192061554922697199e-39
4.68596335928824393792164173532631537241153895326571693655856141198963630403793170504027477307422754325986496956890934475e-39
4.37547881239829118078427173754810197791956941721321491304820877433532798896265565384733531116433610758380978143881165043e-39
3.03247975679230857338735959043141757949314726025253308860309358777450025704190937055681023754853822284876887930208758200e-39
1.43262328142712164767111014594743373683811385485991791541881810236228531194898621963519960467120860255999701989231480320e-39
1.03483408829797628617611207506683136809823999810192725746244665989250846401488882154831456058306397765677659628773498202e-40
-7.13768842975630919734876938890045550623339207198675479519677628121568580548110798168513358416073957033729227807183455149e-40
-1.01131536686241304071700497214318224014129452153476463946556665914640483286274337475969204468896342091303310482247134215e-39
-9.21663184516495848459267103887757635659724203353066462989024489153596840455695351849231910707817872364854427402462678271e-40
-6.25542668133178220033263709531405451442587927443951944564730554500257550139102392868126036360440248188590011705193594736e-40
-2.84648593110467337591051061689833893173845214220299838566391814039559185513581843784397516230828956402448607587467376920e-40
-6.80686271154509753091316154674057484912819545178732388145349668749567634566412839755808308642119257238008907656976057747e-42
1.60492495043205173014663276021105077883368987732359216154595002386837786388818595689258390857351734048695304051467494980e-40
2.18063077008130662212171536108427612008602418818070474448845466960148956412038748873355453354331578023177109538847993073e-40