0.668929991668406098390595359386492306932615843214305802855096699791539223714355550704136963930333797965868176714502291552
0.289964450176145611387054651490217085575676833033459728293116811335430874250525872110975795623305186356147944105986091022
0.0383981665433745437237815016492811367811993199033669056760015620394349638385608389511613192253007961628401566318478641116
0.00259380369578392157791183979519669125314141564314051023438499972790998221100760492589031479418347314366055627866316611387
0.000110211458343388587819417118940321352572862271041621289811550890827199770094433405544111032953464321743298961984765105442
3.30031714644502721352412871316731222993373570771029316360269808319545729838529783811451278815595070348944236122942944565e-6
7.47753577166363924287806898651590809860476383125076880271647213924614303204651372656557548632539174789903019690619428507e-8
1.34529064174188428689588189093430030080016700734484995041071623886056387574236122583325376438490798052335890371579130478e-9
1.99004551404353845637294795133550669498067863096792272214350819508662365477710929642071601397414032571768548117701924011e-11
2.48479658026938273883159107368358128633303539835793253577595482969073996943870030763009794269140869350772929034262148532e-13
2.67274424700865663452009661055069790371083825648642181385596311367282811083364720079358634236327897500541075005951924250e-15
2.51726891816708991148291700001324669726437138737353983067380503771292967722745543221503532667078519575178664681072990023e-17
2.10360696749907027838790411840108957776529763167386880184012006474614027338741112925108140553114682029381634217560540807e-19
1.57700998692218303308456464571052351927704779047643784818748079895156189725660173571865772434117544251248893053287034540e-21
1.07041694228814394632411459158992907188965626438553179507662080616282754283345209598428876205520606836253277693873239802e-23
6.63038527235800003667249321523716967099809386233376474032122381241287820184432098800682984330244686640067595292569120136e-26
3.77341978202654613325850396725156426343193997264010464420553118794444267497762194184551920481509046011121912985967402965e-28
1.98472477328482346052557685150333792637868139689816899495668858211234507074325970148460028699703748873958693895585943133e-30
9.69787314445186637753690798662880223266158116468375784196760353136554646578773271612286743201019882168279876285854357313e-33
4.42225374331629533346695828638140807681097564047835442772122338741300377880970142166012115503560295115098270083020335131e-35
1.88956449805870277595969350678400994422044390260900671621029523450917787753973718883221122646700545972594510064394215098e-37
7.59284463402341251596727273375637171127813777200473140540433903481843058695040503982301131744161633541178570127529311876e-40
2.87863811955144988300567179827684883410761610542592345854808585624149288153823102521092298865465392324106448951807720592e-42
1.03273274959705314882938760678876366907452807903273087420801341174215296844633995499155661524718937926355078960832279071e-44
3.51534206822386958582850586584447337088123261689840225980730738989814952781901852105142051392118948674694057832060461158e-47
1.13810833731080386452149905629828566423841159935773062339681381010886829277191802944986041036040731836998195055847284958e-49
3.51239652540383475944793205415469162785490073731424681426027131723892805674045496683990384569610808347707076946054507603e-52
1.03541788768734595947900003799528048157637793055187056699010427162244544815539870268592897692437230984905345041796834256e-54
2.92104412862158411447513747258465580669472871042154358798131215874749938779265616250767760434216279786142038813172030231e-57
7.89999331106340729524767020960270672076224435704520783290614262045612935656365138198887437537807934642942360580608498695e-60
2.05154805214185081416814496758666121401396235626439000477735956278196146304114938187728768966300915301615833310644095290e-62
5.12334293548412109580241115631952087959000064696314550003513630901096155052326482406503904029857246742157557851920891737e-65
1.23210446995800152614095839404178442185564663493468130502164799061306712976868023893627947969250888265241110488292866771e-67
2.85712483447662527298850143149540499629131805033290229523970546029882726150435885922675924711282089812355744148621440663e-70
6.39627470377751174520608911636088698735155624038703587651809529967499891949941777907430652258438875327017158963514503686e-73
1.38400174583253344457892564606295846611660881184428650328570636522365914519422791297911165385083832876236179568798269206e-75
2.89749712359142085332941671587320471729031022890433749538851561640260529243811691267314183167528165876474829836565742994e-78
5.87521613193748168378320239862607155607853320086061882090178357722715231797644565575517106064870814760135854492806982661e-81
1.15491893794382024565842604886975868800845700054406751382360716875421379412767148264738820349239168651198674035786089517e-83
2.20290199554629446291861117242042177315410386291162082321563863724679294980328802618408148188925451222131442987876795320e-86
4.08058816874278285760135082789639332763954479679527696373934720607088252376649911775536775871862488558543804477894181620e-89
7.34653484529377908680378109794686258100600247894780732937495738391953987882971951575594076414959768196947440093246170092e-92
1.28648478708814887935141212470214582168613002883055898729747377719588825397011406457863224929646270764828450658906533692e-94
2.19281747737883489722397913193735765630809419548074154926488288202853148894673644443299327344400450958130719816369953817e-97
3.64060759201466232088597395233580243185979328735453953642449194922094023344412931392034501422638301396829413721943299648e-100
5.89117907148269176729355972020819963019371356969866713810768830415718366095106457681229694513426186822441187928270141930e-103
9.29731471052537497308596460242934722028168551250543584313531126710681234785083950933319840371862460091311676446471155153e-106
1.43184918373972275035783427963387259653338849974925094366312644328903061254273484327206943277961433040665482464092341822e-108
2.15311521855887799412271072427170458389949445233713887286213231469664244338374994402471691533772303392843828612573044697e-111
3.16302354239582399983789096887300051142084152869575247478225937341258147446818370296433457635299135369802666490038610125e-114
4.54179410761447695679637994926070382674631370698821835389567691285865001368539124174195048719316573273570940988947089206e-117
6.37760279528923803470325374905490513430345057156345288502665360790851800047600383653166123750135722239948690702705174248e-120
8.76190758249787563991762078392740732902465323876784638130450353720173601503059387477771077188977425178064738132587277427e-123
1.17828075209274175136558231907444950720950005440013798441884119737672210803179685204819762836124418292375013271036741451e-125
1.55166377461962100975340087184194531604466313820764466131015131720617525387889108877421316536620144823780904415125811128e-128
2.00183151027325456920707318512450845935408856431459573895200249109307913272893266005269535556248593338143374023211662856e-131
2.53112609120654518903385674959996366283244003816040977107607179397449676158733401990888782786238785923768155681983650978e-134
3.13779849740401298134351937965258916209259511739191543717025157954322099378128692062054276446422638146032904084136292593e-137
3.81525615912417185401633676694523514568896319753383214575829104163231638232585030510671307893378510801558650483318941283e-140
4.55162176902006885044489478621538079889531314485722786644288242798948941254609731833734901184512536223968980374340148378e-143
5.32970595642473578514363981640998266818922953955857133966190835451665931139554159612193856730687686452582576371017953562e-146
6.12745924128170624997222444382681017145682342287982871972927985507671296793324370884179470207131610711412649519360150063e-149
6.91891722475791338362570027507081317633522498336009697683275434021030856650876046644423469362315976451468746207625277738e-152
7.67559384930528220242094539759497164201058172853187716245535725106026784657630007578828102035992395227980363262120496017e-155
8.36821926194949395287191591145356763794345408914645834188424289667833853962253593579938628838579281337563148343371479811e-158
8.96867031286997653185150407422333916700348989416313404244808156338690772282888117206719999770147105985407277708827525184e-161
9.45191084974200560380162827517400250962718423400110324552316349093225070865587709858439380990572318952293145546136049504e-164
9.79775096092422170687966374736456981338375791307140415345327463529979113077219762726482740225611378286785532347722411220e-167
9.99225082594635205019871587362145593594458982577706880930449120581608153049790326053718338831093252785198575892879782963e-170
1.00286336057814872891219696952102139353823163128664380385357217907114757877047627731357824885133651653043090470957263901e-172
9.90762713938627688145424966623566935587900225633467558206526285495507531087106142786706612861154186428724705348171191617e-176
9.63721799222149635080124366459082287848183997167057651950985603124359126217917932272638380442241751615982096570717189500e-179
9.23186456047868010931851623988980330276802433636721403557781345971246698995660015090897912031280195520501005121891905412e-182
8.71126999874095835775680600269462764504248230548461402720819331237204682883578287519832419371123176740300305505767184446e-185
8.09885416337460896453527774957231540963012453488505356757089221131999021097149431099482023470226670015285247220681188248e-188
7.42008281845318998924885210341984346264758039396338762636998406805783604111784906511414499622189071900756122334093877560e-191
6.70081143805326994201328139355402386259885775406498807800714727615236313297079130104186460670838633030546856660347841988e-194
5.96578234675615713146062299868389808566412989710600486358028978262538689423860066440335784680394474970075177444659667965e-197
5.23738214337914106574501990868736524833865595065892564242249714226637061106292769556666455244453849473348682044802309331e-200
4.53472704399699393888595505057385763040297577073804435503117397826699963238550491764461501783078526021174329803186624407e-203
3.87310284474304521486461150376150822065859007601241852910227546680289623851229765097094971829244681468586703117764486933e-206
3.26374882491662745828215487449128316793924395691257212850439862286547516843847429975128646998468973546680196985445068889e-209
2.71394493075392723167680266981759662378863388604889108565699228900639352034811539065051360380779490812383740453098369351e-212
2.22734119371174647646084425292220437390210551770945319516642183237027761980117147029415490969258600663144694667071010979e-215
1.80445808931117466963662361614896022953302294254376188707238651373590249639001255751511884131727896074561914332199766538e-218
1.44328558222118101491488054725862752007541873874240226050475736210827641815416596328812028775801677668056532848694472899e-221
1.13991509258280202089670468448093388342140797870881964692326149359313640764666953758605542454410797786768228828266508608e-224
8.89150200034527090080556052969192455514425472982622106242352176059995725601510899423237170836041799038496387792651344461e-228
6.85056134422441903913520462441564624583820272457828874834588819853221982413735365439228301351626681486675744756655276952e-231
5.21422805686725953356155033603060343137187883600191339281781303129617764604337846169910823244605201152846016992445627606e-234
3.92129602770780536614073531536660409308401079183848150947460451619292682670922591813135401368800212413976496332522969122e-237
2.91411325078955669552319555830054567034280704722879391359506936579806287316134567305609085271107966481724828026929927604e-240
2.14032852019394720304302760349558667607988764107285559708571277971957187120336022208481152999115522929648765904125026353e-243
1.55385441875602469538219671448478227965861784551286710068666054921122077391355243316572663369942014653611860652249373628e-246
1.11520171330821471387426242730224399653814431614944605811440152466975787490920889956290852465321195063854778298604325373e-249
7.91344883863340618989964014081419026238386681789424741790576861966584169618980478246497451625525595124894502706344703518e-253
5.55267508384224796725554093101624265542714500616412301308148601775784281500087121130820289096007429386851309262916498145e-256
3.85315464996761405833371082778487009391107075051676491386161477526115440553533535273909402284418181303411649054485065662e-259
2.64460492524577443774783461758492129893208357724119364498798496439565174529504995748800827233902750889531560834820653784e-262
1.79550531118819620183661270925464537069862511299495071236573728231310323659582650225314390991595294861303088298648471971e-265
1.20599185769566643957308369214506623128237329726623725599077267309239512151303497234647386893464782270512228466822059718e-268
8.01462220962502035612583333164954071054154249275356147374360215044712246893965391139252726868293459448268815447675481863e-272
5.27048914306716423079966947472988873424922104312067952962100363657113160983655084960457213296273521456939832761195445932e-275
3.43000836495719175868913916921733983279460806166606531521627015137587767882414843502815774584606589067755258840859544123e-278
2.20933751373252560487513684696460220561646229820298278417101933623979316852066169122948493763012748917897831495313413588e-281
1.40862988864536441306789906549339335292699909760797435474896632861603107224327070310711843739561779614757940455028132227e-284
8.89086646657448813095777532152936546374748811484486363602024670448127044856647201258542945425829854941149541023605925762e-288
5.55580722255669751032555544400126700705649203635514307506156475172250160955896938618435150931278228541617607477893141984e-291
3.43754843848456090870487393250414945412937982179827417052609748235441713347640895619910731284931166823837976575517881641e-294
2.10615788190609620091689357108736927827716633150932608558588228396327016862027347595438530515591343107939316945124311145e-297
1.27795193013718444603327137028655886274328594354369528742818878952757189697741393682509043946520791527718956359079694985e-300
7.67997647805946178444075326330437471900003255872173840689737134031201554272664845295263140545778902640884438403415845642e-304
4.57158249407763171943229761807853867318803393125727563478327589542431907085498312777509932423186920678893861385746181016e-307
2.69571091899017885408712044353086760282076334919689285575807216136804328531201759765657709053076737688181294602027634999e-310
1.57477398011311543584868808559466514812260294560669067461744535934544233278900164793435885737615746433562147316158897471e-313
9.11462221562774157059809454932165989045709943956752226000255018311593898690004965470492516604672401406153987024411873478e-317
5.22722676570859618740390373675514719145294338554425588542197428768561257974152627867488807005003559389579423071471270442e-320
2.97065537300022301796350157365677950122237659460450749647111098000014333589208455420426468478725795657042054666880047800e-323
1.67308059084617964501651786935781254028615555620839953247639244164662314134935716921515227831613099003224961018087581417e-326
9.33898930555781561415132742463185171607168293590020969905279753649512961497432125042847389786689337727697978739973251720e-330
5.16696458189732993579105458134288097493368751841575243020745754243426972328302167825369382973704182429802491454229845234e-333
2.83372204800936176628531394788683032229068081805927628126802363682922188722769467682674234059955749420366060212415437888e-336
1.54062933548842962238843852541337739235277761536509669362637106909815212239198289130526060291823236568253975982510816092e-339
8.30406336239879474726761260742753746312791164661412983628192578723780178355586491139597850115259663410881247244674541550e-343
4.43778851967984591757702706709500583586876676226026819419615087293558703598560336013350003644471654843197763594872244068e-346
2.35156697128538170693947163261305281062794410419137491479416780212766107991919875904422925206828364809778533995677162690e-349
1.23564502627767506916751514411551943808128485890220495871953654315798773263310106042288126389059598056872188676265950597e-352
6.43881633966243157895459360258514569644895119568478295178975681375708005886380823379244409040883940312749395720749527648e-356
3.32754629067174777750484201731906346006371901870401818249093088801062593513437071599851243502192036284210074854244229522e-359
1.70560030060640779467263899156794325293574421467224569148654167682169865726953217270747712243135685234443324556204942640e-362
8.67150287844020981700003113495031460898945634158598237175700406874018774737987988667285521851019953874115526803730669290e-366
4.37324523328326245763596210619219506730638005287059030615854717347562949207128041481526253502067124419281145501750647128e-369
2.18793083809302872137550180334482757755175803434420613768870817027423700379014334611324952184342129802849771992419426339e-372
1.08595331697387329085247215749158805902395544804282694942754457674923649733265985945666804316321152540783756324622041341e-375
5.34765782860337242715235393039365983930530228254590461011303233283753836465134779575332860960960964407830048860330565903e-379
2.61286886688114624031906436006290473065776291543775442135418430203035885249496041306726519427596550839036675441508501030e-382
1.26677480092789786301817315334317703872079820207550940448615469516456034915951307041553202526777381579613059565770713559e-385
6.09445486424801311369775112710013724890423417110810574895306873688676057879604051474978037893925416505726605678439410785e-389
2.90970807978032400007837877124781642626238444123640219089568035944481370704973485131403220516585430710975107413155707751e-392
1.37869485800845821638778213808650691160098424541518529292366432474432382186510682754327532498355797309671122579704244183e-395
6.48359342766226870609118450756699995260098021364322498176984603124432043081608869192780499393067351090375591366013617183e-399
3.02633226071354022908051445198637255093701511281529962332358401718425305976311036075607716991534150210224415972537090928e-402
1.40215051287876477347419816684421134393972777263023773545771836181835680641458541111540204007680830531282756259611564798e-405
6.44871944950486604213553996410728615352106791663546155349066322920095497730011196473259435810654462039696460410144226705e-409
2.94426188379603055878410188278597508810995463501514968032766126756781961053171857827955299884140984375528407169718353903e-412
1.33452417077302403836299017894755511181898606673784182086321501677339789692155072250040109528040343307398379102338099192e-415
6.00545790361972665936497151717969284387194468543254087387379846433444640231885525585566423396714902253286425017112669327e-419
2.68322928847730083339280693078629308545091084027180265941330724988250600689113694170533108375129272272416117755194768652e-422
1.19037392815124604008876253778840172837334056860721796331915713806685493158111638518163661576637739334117207005306082289e-425
5.24378246408551122881214122151202568036990951341249533348090767550450173150555888715835907590118591516148927202595440744e-429
2.29383906454514617509354919147826333755350576198796478991971837219346000580211239752111373849731209897925162878281238440e-432
9.96458741384647399932912090977923638282571675432710120051934498883828694025967641373386902914879609926244703555349691532e-436
4.29887275196659960351394945966902604112024811253449080640831817559012048031843287194102784570564185696359107901828208317e-439
1.84191362507402444081191508438749364898632879031486713158945839629469709956720616347501446951414041248387389746659849092e-442
7.83833038445923650130685614861342946878870283459986266290965122574036147016424213737774901368832840517028710417610754049e-446
3.31312227247840782206554420427313153166769120390695196092058576665647706696773998139204351220909682128918996844258654136e-449
1.39101127985886063058073320813631060581670277994447298667348028214601533821282498079595109985261095560960994262341197187e-452
5.80126308556555200651420807595049780412366553264923600784335000606409450275572245903342923483766489303187147315290663100e-456
2.40343493123827668732922582254968500860391618355749663673087360221595545444011480270619029729494606012463751428896298087e-459
9.89188368901321371239136658029818173107505608916287380153995868206135640704188574795754036396326360933107707614725842871e-463
4.04465178396406935456745819262492919999082784148607089512552140446789830557152980498892207143225908213314521093748561987e-466
1.64307435552009855313089578429825199830272948629605510889280741987830730562113107962865657921071125870307334774037550476e-469
6.63170870246950513959405515669266915812548028759571299986433859986083190375309917099456394156123770313435944552540280244e-473
2.65952318078297618701108561337400754428088843115943329893023205293643744151551143654677650419672913560193120606211077666e-476
1.05976598152391375253060327537536036394987699490240811846783928659191306985371174791580821845376530673895358623741418266e-479
4.19625182770558808754009714652189259080457232483663700652958510624368484393501027751800871027100217176779697124998743453e-483
1.65110915554531162038995730227271225476746399245947665576337248656302291989011330460619570049973436641528611736542036261e-486
6.45609310561288219501450692626487055819410356785762677229605196717739262804443529961313119821595823853240350151731039460e-490
2.50876749279024728408108693003558633961857829454375689222583320667227903289982608231286558379043929250141933622753707534e-493
9.68867386549505814690195805127346377626450676369577952968653993998833639227127931545535862003891266730239372678723842569e-497
3.71875885213623032671248362282783654077614055815812692082476299795158069638136661278166964606637985692958455453322553702e-500
1.41865800963404137249310718060211168557078863186073721626287478877054232868871370129464338804857293927605567696698403695e-503
5.37922233666576482106530821912556629885697041101478138343904787195217348731266428839135572168461089624386365408041144255e-507
2.02739901743328429088550568199984198431588393581246528213154956171734292495863630946196333264078472018391222145005264449e-510
7.59543422805045550720752753800797816402630915896271228766998800877442005433148605554657094428658883413004021122496883700e-514
2.82862333300299444193002203711172548219420055896968289617387141758227302833779356703689499190645331170968573981320272611e-517
1.04718179325007096747776671618597786688223150435373588283895392103691956673888910539604878646312917591600830865631679318e-520
3.85397268602954294310069295532202366847636416313214343251534220150735443193147446646238842370507733968033630046642197913e-524
1.41009939798487967553151084378333120455383682022643859959745664532654317991138751187670725868703650697387011493344477628e-527
5.12932423662262366060714708629300605799552045335677341022490886213011643890494265990291662311849332651747344385786914610e-531
1.85504532022386876460745024793605274578573704800514065194227001946160042681855150304672811243005025415968464252223096629e-534
6.67032953044403731243526911872717081685724509975139465807990791819297575302970673364080493396999276462170731912115600935e-538
2.38480422411942572731184804580846985341801299455527142556547519699928877785693097657873272208932601259949791201754070473e-541
8.47783527086438333705168082755181519310212947174534556060752421655455447616571036348761725126569146786405507959119143585e-545
2.99680149428278202748978856862571948389947454092829534782055923161562862415796045058511609128091377724915309725904716695e-548
1.05338116109095822324632683969854571852679235341654339077528282597786569047395886585907422637760881680239868608446050891e-551
3.68197925835943740672257087797612783384218977362509816945999907214606974158401433371475105494310796067579448534398074470e-555
1.27984934248370113953429242486638326854590482558610876645499548825531471986300107663973830286115348843224441517552539342e-558
4.42416622181308099843628804731233157646784153660607854775383289928643202574222966649297512935363773335316121414772267743e-562
1.52094077071030427124789370365799577894642513798854856184539317244006870814967441718459392414772331943841867137710485924e-565
5.20013371076533078146925792378873871740330189613161443648295792607485697534930354582579389449037514529456866290884753274e-569
1.76827978964817777301989974376995051147879620880305653255696252943192383103074384617782309990192362311863251422024472093e-572
5.98045877282336455712603732286509315864974037157209769588500556441480298919310187025054921840852548223251720290521872515e-576
2.01176713091571617488082711907411287642149496387978849957117736813518020305433869482454164668478085253566894109338810556e-579
6.73120961381122442059325997900248582698868615457615911439007684806910224528776322144023920263798057222866959784580291991e-583
2.24023252437814114831478408245974629137174994510044202171838918603680281673337409638186200151530038896269472242436191223e-586
7.41634465375057184679660674584438012210227586669122089871392020306231767621562378182972591342969428821739269588157072693e-590
2.44228111325422673036362085541794077604598593199760126340378647926181601048840868201783847171760019402642288928883272902e-593
8.00059579720232558033548244494278454054614905479255926431291626136294703230775337461716369727591490710531222042845169191e-597
2.60724478330261227008611222228701182310202909430617793383358596323695066072335213422082536795208517419337704405931361415e-600
8.45251261120539524436938950324939680807390677992830858391473053346533904739417404364163376595789114151221428873720794533e-604
2.72612655812989125802357093979831991544287189231708144063316673693598618315992231014270157250835245695721217065880266656e-607
8.74729695921929121605564799212468444456423624796227427614136243402084062143281690482103335469193073980458135107103651957e-611
2.79242029037270469602735758745799258976177483564390321405601232755724022862902011652327776557461253627117022265450623574e-614
8.86906891029607947820554909929490187518988363088083880880320083778113953312887183325554342241921303274446728475195537202e-618
2.80270095539805025110802814961043244010211876048274170355188808945380867461747528202928590350103324416842758107569118005e-621
8.81227473498494406450511461449090044411334187881117742512737429553204565785462124681987080810122750073885197449836394000e-625
2.75691112631315672611061690574188527032093346633993590302654981580965004538465586994748251041751208843037131194303146018e-628
8.58206505535927086186620166176328418144748540544248080272084160028042419758506017620635911986018203531872393152088427034e-632
2.65831142492572767952732825263432973057016970944315408190569395156252273898033357328685296950738259250634341641133158965e-635
8.19361489255651986723556467439932538259691121876927923792240591931457305854354993251643886442739468920493253662324472816e-639
2.51310933864519789679821251966246655737806305151414675483828347095424595442472352560914391170646722208456409229935014526e-642
7.67050178528610523622148696220746361940706160766417688839223803868538514800607077074005281550650861922685302098826812427e-646
2.32982354680155408813227247998789325364512818623306704707112101559844843398626734640794531699954599049786754559590259358e-649
7.04237841177220138390798464057900970078959812198344373417360669244740197579973997994680379574389974405929512675187157163e-653
2.11847268248605934981920566715578367379803582806984369914364439556306631095830270870485553386869004676147194479422246893e-656
6.34225320439157187640099517179267971772874361358197033494905318808861290271026554852769509621865444720722057111862114577e-660
1.88969364179989063105389671279999070513928261120710579811230856344526630754112215340678063132577781254668019948274014601e-663
5.60371667669419607681139246826040020066915335589871127796075563428825732571556006667146212656449613221658646609369678247e-667
1.65389377194186485569733107178173537522999000866616942950240536479143650640197295803254935601712336005060435475136849435e-670
4.85842352344582425265252421845060418183519365250093376784364885277720207304060565906297573636861342475068378517963105072e-674
1.42052538232358376754924549866749687478201893486304428857448657276957896797495535415026028746250230429600512217424419857e-677
4.13407124411880516222577654764292404686261772175894564585429810091720474654775471379615693723813136028324028353455235254e-681
1.19754439351518653423978481331764060950186443279418788079905961557342595210402831000640871100414841158339295389754420416e-684
3.45302150324768627168343257502512157542503609785640305347910621942009564483187840589203652233298204661644468597840728914e-688
9.91083267124352647841814639995577564679028555863961909570571252438255381925448854205516880796492645008378550435195532385e-692
2.83160926673497494481001796405536976960118331971187510338461327792577755881191326684286412471882007493830609846059262770e-695
8.05337391382192197381387985251771856899601809240880049398290070532912156336040773394474279877681515342315048003689501669e-699
2.28009381040862956401936458423064806787030027872852534788733448039721573383320035205681865315372360848078293031401487678e-702
6.42638523591451846575580899740306484769570925089783463455927228898769744181049773768320996171562151635843861800357509773e-706
1.80313723212925008927607252947334185335605824096841160006729560834419496230728029740400772977201309498441975400823228022e-709
5.03671650961589965869938947295464621489664503086235747213791681638326413937102825351105297550853811549780724771750349840e-713
1.40065628779492394661590341645174038264682342303798859410020728731966768243333323201663750973628506425003955299858992758e-716
3.87783698252353063432714011871637784304404975725053986807788921489712174113032118097415392154816608917610376274007906561e-720
1.06888237099749425419387776969492784370712643679937994198237941110655434320239978689780989771757328568160750500103012379e-723
2.93333110619016542103037338904328267214277363450645269549433519156637519885629043331968063184330164054786692825426092792e-727
8.01477636259610751886704288897912626915241011978779945662555455829601597060718294787774273560706310344977468242333396990e-731
2.18036471585516228306656044827269178948789982244641441746785976894235488542290495741674523384331068390012412513256927805e-734
5.90585111480254171105031757194400445620515775305106853917938575018875563940018453690161503182292450427834935923802551698e-738
1.59279389153268047567562477082081115458007026613377603242374083385483044965218189072476128747252186471996213238250323416e-741
4.27728770343942088157720053995954806396950061103725415859471939229667013895540352244029699025654777897988838147160018168e-745
1.14371318308248388896669601208123294205094272995476868579347971558663168226191745768580868293390366199386557701997224434e-748
3.04518367329284107670097093847705881866746048920570735034007961222839706930347505741652244380527023597219651760914981275e-752
8.07356623657877706957280248240232164616919931700252068670887109261574742765126710275104721497658807025400449803284932884e-756
2.13147711138306794233337126592889506506676545198821917352524450194620834031748111443217282935122907210462025621008292010e-759
5.60359831447310874426359932333079865012918452096001687865118217858060527645919094357036687888392781305785544847000375706e-763
1.46700649600231112953451534214671477174285742131505978840284458341260281107130280628396298889764814985450448290834859646e-766
3.82457682426167708031824955460883653103474766076850739265813239519467183162106608081916533959274991571296222026213049901e-770
9.92952748027580692820641569663484408248314726006240006596628684627146377278758681495194462927279223012110175851048206120e-774
2.56729091387115442369894510454991308767752303885502722327406362526693902158691048749424180168061477192934656043563119543e-777
6.61043897500003307824526886875509655443954022937735921149556601671487128039205945695382821742367623527280323148068022841e-781
1.69512440857045769725334060858541382372485522658170684695905086033572218995272210839689499690577213590927572468453656267e-784
4.32908587387140749594920250603679689760002278680762104561426512719038363355040858027794265642588050661931443051204602586e-788
1.10108639581777137275090193019825255878154156367690151606672178810626886447666547037818915913031195352478440499501091108e-791
2.78923003909147073320601619558019672884758852451524732148709845179174500819700326892507991249799085405904146054512792384e-795
7.03707406213639286181246997554983255947034212956444313623901570085532790335633249801630687508815718131204249989525961656e-799
1.76828317319443810865769261260652547465778886249289639789325596570231754749972880874016472343185699379702167068903778712e-802
4.42558216199731832616369762651324541934085462064136455576555861127585639632507611639038120892720405819584183247479703515e-806
1.10320150100750624199567322339435349412253467939536250537990473645313103680077639963488422687426746913370389049443081776e-809
2.73912599023415388616645383019760513980772447060489840154823855659249744368658605000728093578468384185209647807556144094e-813
6.77405523788402126444839203144114204777672220928463392654391503989437557728046281965293065950757511189106403003083793972e-817
1.66867514411434797753996613499275768346475308618698624809528503096109099371339404203944809505624688658762845299312432240e-820
4.09437788945611153725078696602464310198179389482747433942104932354499155287678704209637679666181723325875869471676306156e-824
1.00069973569346052558659543269996495103102339032041070315121955701590712919254656830720575450839350569529446175423256220e-827
2.43627328425412614039379669410851235617219930834011129164018966845641104873767364942390993189400728286594909394868641384e-831
5.90828104617265051648222450942675605991970224286500475355954914230839491502724341956817777931613778312221184669706358548e-835
1.42730153297234406136738307796069458308077224060908573825289590377702984740886903745260211789040954818296897013692680303e-838
3.43475868822664688892977292861047581477292866638485887481527628325012733222749058321598582894187489977067788543221069906e-842
8.23396582478534952020180766581624584532283348793519156340024620324652893889074524640500009885774390873899005127793598098e-846
1.96634894818769126614917202880711600898039497274694934537412689994928612307247432351336310253541565041459463130828884293e-849
4.67796687812393997461635063704282938009801423348071211239939282298461429143483635419509920734001655102233285139167671442e-853
1.10867687903430421973731977841649529730759898416492260806130537625674808348807273020737790998363159325904712919443656711e-856
2.61764266604143746636847419332785923480314194226234381542503597389330482544274198149362780408604746624391086699996498604e-860
6.15714572705383943770335701637888679308230239198543328989592108341753305266032316606742409930136077779200842356239561095e-864
1.44284054943517072113762509457579332760905354840095422864097072786778204779037485909329185674174973147021572091965711242e-867
3.36847375615828241566166614411072091831054003371931062019892284010708359491421957629506223987276823312727225795579046965e-871
7.83483692753895841485211158721367173048818683399767104530476525867083742471615229199303944814660243971459784516980859876e-875
1.81557718716306602488492141278995026559874545344913006344580955254304763892147812771601526348540386613915897511045153853e-878
4.19173084201769782150472071616502033139189713533071730164405213968057934304929111638984106459454814794465262083703410849e-882
9.64210560818751267746241637452958534295612766618937332263952700377492661052218975274101809972544029482367671791892120335e-886
2.20981578193235233950246438088412106229598437675611368411814791084319220596524187156480372640278082522588711984322678406e-889
5.04605258967218049585038888812966168104914662044750033044209940459999119408652467129422239813540554860784119772577363170e-893
1.14806048596655611715100946520587276406853667596126320863492879669744052282328594087560542985725381394607267935044944992e-896
2.60256030656619015007104604916789313722022827317586280364151825283202354629667285107111609091216424423700251015708310220e-900
5.87848706187658845301786572950760098628867244352668471887779806271294221186521203450982213934764481222305959187413584656e-904
1.32301485697060642466862313211523183799258924322595632655457925437561600448744943734212955911109043886121731451440318374e-907
2.96690664710847015997256536854202963623286983198991946347735246543327817823327249138334645314340784900087269211417308981e-911
6.62961981787356658488375194978252380479401926114808653255322103963837005959897488209301129411491376656071945265407430989e-915
1.47612958710298333932437127483794622749264097992804806473170273541979643153377821141399890288192205340234062400306838941e-918
3.27504266622832294571656282507554706291629981987235863109120248074732512316617635657917343950921350460795729417595433800e-922
7.24054927732014508646636029022090238946740793262659724528883611432001537278803580133846029594808105078440044217862746896e-926
1.59512073067782674891455456333138035703325751486843184847015720194858596349700688077996220488317912192301738067798562770e-929
3.50177696319521577181167961761661876300136693018497589355505211680081212789254528509963019137460128947675504023615796658e-933
7.66057950221800186920130312580004869743097102993306026928627235133836374660416390055589362281765602855779868674350164596e-937
1.67000701194051484825269617727585106062803418246086204806899513360870535096879541627007479305090713183945744946636518304e-940
3.62797063590669727029169951072719723124011969618637902832731549294916166960629914851006515355171567484511788777625338777e-944
7.85422365335526083026113570560452734726873788133438583735007509612574495562265460235480597649121940316049392002403559745e-948
1.69450164238900806460139729572695338514924916761886187311145355433721821493073661574135644676790919700134340976909152108e-951
3.64321763936529199876003959165624287916078035622252146030410036097662233141592860494033099366070931077108207997187633546e-955
7.80616552896740523910515209675825950252084735350747806176178456390438480933962688065873413213970922561980918496375108989e-959
1.66688257416721279608811283742569805988593550268547681612582440065424854934797965100450275215092365091333978259996010723e-962