0.3562063466649708312955014591386302117717696527481414455048252519585437084981680269632036115448030233386669404566340906548486135475244838437361290793345879623723857127319659969174455494872562702021027367087792170858522352302798398190861357187977637663524985583484162232149395453327254748881778913895731432103610219020145850547403814837897030203845941606129360540014331715115814686683484705417464803362253519056465264853072190556366569336914633334046994
0
7.078808690743824117489428601554193965134862305006512735731476126162891442945588196084301185770934648686619082498650000145695463258394468139163811949916343728897510895159602835038352309853421457076865704705937669871326870599012306201864006440608584301681305772723069000292757426826779819033509081277201249159478035643082178162136928898225383442819133611807449639421356847955159081429717036030069980419091853765993111252080429985848435609202513310809658
0
71.10363176777791404335849440565451149548109310998528124744077762571386051269720239543673550204336667074799792552692414827319168580689184128402014820671786493700941806545737107219937950413716873433094227280541614328615209227857504755478592881292624260574492441674764090672589918348106514686052629383065419209761001460480546958398937788032921123235056884739089403743178105445973225748487351585153081898088276215576663431497953647883140938571897620272400
0
482.0807400980908935004281188098487950100033625754093849913261395841160811502464170059050442956630798053975421239449554704703836338823236200765202073416136204083614583598049706035848320805075263712487357672031605142643124471504469653750625246647662230698863319884142740840795818972274126393257296809751581708904656669081055079901274586617114458734341194507932813415451280853038883854979920145513404332027409274626932972091459056701732006071815268799486
0
2484.829628328778655491835336714099362910659445947575689941348120024547306327941729909064769396524237355641888713048714090229884969657788515881585747945401699857519366604192516330047194793441229107825319299011242917509770189258079357215883197950991618184109381518112778478862629202649772575360079609064074754362847696895339123606728323821323966241633752354448951340359671999587587130176775978797817794347943336523933858742937705726210769911693763983751
0
10394.92006397102841247923244857167753751505399665346601884377539802416647634101798629188405791473549724192933538501978314662091004832482550778932521268222433656376583869039242666680980342376718433156529907183294166707166879677489821593293642781516178210633859874484576975990031734113457777623591577347393158247211197343077596663072789032883528202887554923761308903197388710276796846746126317543928270213497016244153535765981728240337595699233951271768
0
36787.30343305470762937142728927230234578709919869905011758534129339380407633775653990582769588396694070493649151002405837540658556312602247139248576048097672878571506244313577263978388427503125914728247449780434261122121529619246930217787124566297951762411619303833509551442760662196849120809108870870570129419425443242222371709336259025358528124937709665932325111130506407326608679790468914269840534428988824176073540884211713630831663624301522468086
0
113335.7241010888818055761823870240075428317144021721980902049014105729132855806747769145104389630108442506120611373098502352584181477637166503900593052939157584494458925840416089483632981420648386800216992115670164362838447231085126425642818882669395055067793263341465383923902009633536384337345859054667865818320080407051370692399082601584924666044081481247985306216526232691940747509220873525856492408148265905249922215109713688046654450971083712827
0
310408.9278031788340890841954605586121767225538279825312802482830830680383279910624401712519455968055959995875186559669556045891883834495711559614089159119974200000388598948089097496616583172576590660386768711155644259224666389283014074277083279591280431087897895034361604095605021904981440177178523662467372804864432095675744700923543368078037563013074890841462259326789591499788868388091277832436564155796397927475420942514200117929151068923399620205
0
767979.0764289457000658958554042724836246959572060979742310375972713564017556675216061731608840006408100472450993693845015919121704066120507348185941881081678448799662728591353223723637491359923206143933968323079723890107856876543878629534395120288257315820064749239123325961565564774342802573843191232240984023556675752371962859290305387154553510782661670955116760843678249757512917082711513251496994168821619982541612382260988365904458472936601657216
0
1.738138647265417633301265919503206588023005204797338135604782988499421032545588147248224965435396185769061395224988049851752240960190837269415631351520052245858438699397850462193487935250897375335782741829910733916513638331284141099710347596276545885258106289551515823962251218657897993672184690741528982378875440760240290042748045909749939142746677958446090485358450396861606070489318697969766765666736200871376962468011548125181797259293588612154029e6
0
3.635422817262501239385223624047666313096592148614206058395128382992897380722549726234919220039643203815550830023867355606425295632642711863806847426313881690723587172584197135694422735115402318319835553934365257589027710189328092976153177994077620268079849711900519037298665700350018637542748021977221024559897999175462964046517545922521761184078052841432650952387046507511403663669472941123933731095072531813392654230226008940930310878843209348297486e6
0
7.085897142514146780603639766475794907602843510117254443406950244965800791897595680032761671617474831077979043097843532677638358393594570921988077513552753112344948714765436072869434371239740551362818773337275847741810808547599398252116421884312441253710296490609298232693817856303160497143887343560723235210818898870343393003986696555868868824258691994982546616221701308622602528239407877032356928222941978143065328827507065000208991042499000126806622e6
0
1.296114506216305609697609410407140290583164452236902602303766695108766970633274734800949750098203539166650049748972519157902779360649726475446478971812474124014327157750270345079138530297598436787458684548223505650666756155909320681406796984924001655009810326935500951742493474143956533002382102114019505621410472200350565613546573928459181801996480158112882600227918864560893677997734659751319970685695403611141203529766443905016061868949763636181446e7
0
2.238086200993020364475493775936856691852425197856236087695001134293469092787432543364829945186200681523692989853973193883633444852835088080813116231708802783401545645386896873647379022384246005905055030770953564704276115273779682199813078167981166993738530451701272162992066301302308757219946852462812938822842856712626139156466103879641233786778864611025402540630130187945768349202913341938951344572749577163546322317437589911763274224443031129498497e7
0
3.666942841639464116514750164111924102331161602274437635158804373994386364470730846424043407540635010863060514210038241189713899629813640545429350324374513464401968768128714471378661057460912485875172789542156107510923983952742531284505309235190076243840839999132309498711913269308633006562379218197279492423827297292382785497730826802321829156780851106637937058679661815872797096354473402233633466656767874758875333005223537726631646523881599969960850e7
0
5.725824976456683305049539424260052742796971954527365261294828224939955512285083122933014448729416339375361937684534383879709506032747302700449197425903957842233303671646167450976771681514598686836115733812167119998605107288358293465901371857068336866900783564096421096709405359667094739647429602170994654241869313998572136954909853221027364741881633813952959416583402675942289300662436841001342167148947032422888342730869295373122432105408658231048425e7
0
8.553599764861830559704676711662736705247340003479636842514996753091945861264175984955070006655438860178066716364708050125492910062048958407893912394521849083080745794482991615915345373475053324277792086513599690109597757845799393002390988488749574354876504320028038145678022666079405517686790048820081635944104846878556332213747240458021266128113326823972841129869724233215865148816560227403564141114580992976793689370478856685509782394926896669145075e7
0
1.226609466027480777821613024832692268273149762278219657898715410581963393893297402970359777839872371926952339057734682102487809377026431000744197679829133512601141268552277256399648730081005504478640096261523181712865442052593061230837566100522727180047403629729602961334606145018476184526358908803031215112941427754760492124886009590106678822943801252731777474274542886092115011336090752105419907475107965260204665811854369792539289994968993648203780e8
0
1.693603672628819231313712140279674969607073249087329289705352714760817481368130455372114964623249577213756555816929515931732447206741764661118394092799581129909578462425003203815802804828766466833701377281087378004114694145377862594588593945358922821874926972215608661893710010746181238851422551122370356412530750499141973860625425603635542110779843200745067909348297466713336913253424843589227247964329885608383594648363657639584746332605423021339141e8
0
2.257485011019122956883984148245987333327674698212538591565258040595488835334063263013068969058581025182888303548325971288953954447724501178424231531595839017647626180754417124722715027401633361807239432450602842708297861724639901044473291876500356484365007863999883324677208114795091776427610992460695596632303285080260932941083138758281227957478868068668458408512162806886451432575165418425270808476258756886316423730830738968600252950285436187495691e8
0
2.911950778722659376848686799897859775978031455111830800402603269630550369516954024878837647053610836291229157156722653280575208303491687224230502550042929418089625728399371251976407826696959649789360956044268079508393484955072955787165102204081813091929988636556198607491692489757751358833421752154618787106486569826886693069528120044437731608630112711331510570624754309137703722400874219522176781420015424503076200125006092412670832898644981979420269e8
0
3.642702486125983986348593889755375102803886591447880866041696858051675709789360139724768995183066394781541924542523772183339174256966963598967465471033219824487047423125351099915446085651048981755869204172551852078760101005248947541797038623517650431519623155253995100620339272639611538167698047587690223021508138268774946567418190210665679089641560616456373690015742404543965800385756634466003563496451037276350252089178840277196253825794689245921657e8
0
4.427804057779816780394784756356507957597115893581155098685942845482582649561403718784929799961967394514354641352526534096217011904277946843152109725039050149845576085016910175700154117936626740515610572949186661158233956989359011312685241031791535654928495145956102062324244887693966461871193329071574158357939474441501005320371762297129765350219869486939256607694478885743942679800259007952293445618161123270833696917202208121592045446144895454260054e8
0
5.238950780914061896859845151110843834284791107319452303133605092904661487713225113917887118838614335790567700059391952768819945905142380939180966592487040124433056841965053009299916235674680304788373635384342521146221216069135722477877170350094647270809916022365083081286593622847061861809721648154899553705682392746184685240624796248313143873376631356172261084003088221959136184612730674914894278590739887205698442469529930532540981333541707706405965e8
0
6.043508850907045981327486449212685303917358557807205457874664818165586977903011450177648316030884690761725804988067703326424031652110927302494942663437928099816544032217503188835083245568828903489931886126750397278645365549672548825868461935107764633508378845681545996173200512985870487084408789990900064067532467703784611554540011744032649705243990434485744838409038975514405356383710326035214262561799522089787038648101356977846401100887908083447948e8
0
6.807071603297024636584319959114031325867155752858711978077478438725376806639871038148391275664630993849163580288029417747157823188410287459283862380100193077785837801617501241577317070318514250813765216241433399125216154666681277764760607514667410137344725812878966598990302979331891887101641230209625920459586743676384423200426546859941755416595249312449780694534202674989130116277464684291695075508971530464181667026964625518161212192036700150583744e8
0
7.496212243620702454195581014419731941480400810778735295339880450666331553608546614369669957918913391682253800640321122567779302687695412855076019898319953522076802458098460292286788777239564108131242484054187346974560458994971734982923041018749273601152445580547606791048309028085623179568900531639394091491733347368969862393849557309539506493876677556708523225257427647114017689470104338955303754727793027849107811107220855723920567041596832764334624e8
0
8.081101845172472591768941153183412190463791569187313099360734076892699147440471743956740947040170037980668646219643660887308559202087293491705426199956912916991623830328944244425692751192917899297756092622780004425231594254274400334817798163038647266186854115958873985033518950636106616405313060603644815082066754879204730028157103072936435624614483794260664488235682599849693922043691003867979150385197549598507007357997675690587852311608816659149796e8
0
8.537701805877225010582429872833690168022262372206157856378744939345446154172036160259375786177299846322855059452178645879692319214582175756306805899537096609486651985677081458254970010025810202780653547028785339769608063718476401171607754421276133644331329247044533711311335570824074557764518529697093094018409404397781353300844160030315929646462420330608343133578076420684394992186830347927544287445062509528916206275870385007602855022175879555986559e8
0
8.849319052534531444295008643553764013015748765163432473640623859131667522576447978198102540279138571214837344237489338878964524487368679764234396740767797830248723190338491474328005563638551670033703625448801789323203977262124245513321526128606152531265687843383415557851085491039597343690181367412291222945727921716664081943084553515398471457508394749775114690282969330584918096392357572560358121643675898292443606738194273879794215146341085698437430e8
0
9.007412261911972378056286798802134714849289418909063987273961606854953370025295942482158234273536876206180829916544362602689643211859514649358120073429626156352324522890845307987289752873858589419342470346335810215581584937004191360077456820809768862886665477152052185294463663854234052896123385528312804374155337200970033648232643278583566269986740601155485228394985378769363055556043069358842233613861239109134941275280268864047552860714839996107679e8
0
9.011639711885457373690111884931663682037080462397536493519444685778135663624186917981034667357499387501429193773887676779536147238265115835161509914837645290336802811599337754988231513829894781769982142696107291496543681219414716452882087356052558803832983829127624055636837891055333575327891705807580187955345705209150488669554831315900461747781601691305357747056892622297717131038698337584684007017165976423439341657322532765685282659867243492015884e8
0
8.869228379994729766246598126503676343144498292156220021258084443765090316145876782492513295852282951842540102165159945441109139457568029707714865622675407199766446524321775740849778267520292004575233718872425627607642197270174319738654010147485174057453270753313125333581279792202766235988153641534599194527619074617249636157923865056722778510723255489363001274413020677360283893342133745645279431457088836302125942085084785634405275851809717434498444e8
0
8.593808926121651913013796465275000066175294845420946432888340512918954271810606609833954592679170629795325796657036902993300182848722298483978154630503361382680431218431941421797744012368527988062940229880163484116795805684003898076099760628154682969194943947785235296141974735576586983002616032726751746875062952354151260321405166774159368978687085277743492933958311596042519980791290975045877929577262927089365864649586114920824384935687752164496201e8
0
8.203897420660603019090036738335609307946778780877783318285893408433023757480596391915722869567758339309306491983773310590484250896517291876794699044051510076035986511682567789136349175053257961466168196663966346925073374336388440072748463297493072928839062104257405024408392184564923803797880536364632873352806752486247898224575642302044115251899061505227874865605995590999612151582827354512425936264266615011274325591898344033107550685916784063561740e8
0
7.721212661431802488198704559694748369994431664950221054802401968571689524448933357655607264169392414838022433798356701999548321148770911504947516363407757043267797704304585702167893932536083431731215633932116058882355151191402091172497540436190388839443927716542088200447239809987127409572422494714505242614254466881979722299582423548454908520186769521966131406184049713687325893714511154880980242835569971707454760617513243532392125961153132821229359e8
0
7.169002261572954432580522360696024093604332865674302112951159882881407969814391019859786757129548089706866594037721399787142233143744180669202583191543671289078396195198731760287348106035333829048653353136446636856568824673333545299242263454816826679472677057774095699561234078542455198737071528331448995887035785740665552921167440370364986370278882267388075564430556576838215386949976116331376989331147563211818992798060487709513818286408932608264994e8
0
6.570518349322871177418233624252370848677411218870797340889894905009037650990269676830378350702325200161292038804665621484907025310478080160401024151574025719938619074900543309475491622525292271266003424905693557772181095272559962572847714025399898127868151388387913899319408487397899488079919407131300169552951405071253207951097817670708677373636322096790493445082735099880529066495194382320050005682773036146051592171122398028951261011549928158896917e8
0
5.947742376166895470987528494363929471110932989096768659792887339625978958880371816573822410397799731033525519330035951765435078708902744574925564007217139492932279299377368719061453083862940679943947478156853980870249376667471355776957892686961097877342928370547808356334115643722805077934473170380383691620343528838157566190276127978828007468504891025505619771251203030799582359011184592104622368461160898286128341409379775660413606851177388511022962e8
0
5.320415245750291453016291998333597784860196773291896493370129428468119828560874456821133571272488602210391885174009601054165140299764767812073584656954756792808384174027842919453360550619898059427497457669222020826652923130729761139719807384931096985620715619388925014026658612953735423740558473595237867009765967239302525166664182620470659705767885924818955500363985336587513210951125678660087285114810745406248667558242814992099084406163169209815078e8
0
4.705389332569177422290791409466561857352614246111404612822615650432688940117769571395140459530079589533697826587563535395556876582350945780724271449438741402941163455697724836804468789699644619379024141096311286111457673541847133307854874134572336736833727368442292722366093135869695433454145258836887098314949405096764156338822350393533819097098819815828829198837920943610696478711900913261701926748760395478582634820066480862936876258395470523383024e8
0
4.116286656288450566964350089153634771297138218571669611161191251270387399037032646085924435125021942385390193910135166900718128604014719118879856552114655978276197166767391657889359724675854237497743615020717303652742318742438322715708100976055766539991080753740132087053946509991472279918893846396390007212151563735632360365022425418481305157155778952259611423454310244170072663635527232509923735369996788593079935298400291782503617449361653682042662e8
0
3.563424333409567439841427877575989102114202128859367845264286342766147060196611916260852504448497476318341415726292480700608318582498843214309156630515397822860001368936677959781019415921835805073343858024230388420561876902650188088110009502717440368980503268402019892531805986737035135583009968065794033143837815991884774320816054145459697362422443850772348629913295144007546084458332023749844040185128932493580676440903644548831326864027987845771543e8
0
3.053954658363444605604267225412010945036961847873571011000710442828213389793750916213441986211070748288386375347641051242915666795878726976354669412807688572372656764346267410841956287068591672303871891222761421107539170312278411714691137644505958591900131655704656097012507181561332727006832388754969639551052253849986934028450170750344479306377091688389032007896782685675587575859272482508006089417546924848382550397995139639443716961154498818203360e8
0
2.592161809333541275117669289290289592981254058251160704912574721448148188663632268473029707942410929830849810236323772408593921959619787545443000428073350271693764594084922525469660724132432848099485627655417340767132680562558001796814996597116762418511631071031213627865731412063806142295627369675847011266147320882146442650269462274931825964096435679439367673931791973806314233832444312946647798653558498221704376388660957282738997145949576330373444e8
0
2.179858555217187127114537158930449219265472857713207647182960547888107143339807138284422793604794349253535438773584012714549862451096779572164203991098453923849616443940282254233201458295609825312943765714441994170631726035166100320986679423362977590889161373776300031419658028670709960767079950621443632369387137730273747752522579268940736341794732627880012445003021656069347573634591280579435869658536923162938381941813035662778077197027149994146088e8
0
1.816832490710506843066325915109583867600846391725503362614746389936999991259953658899981281710205221470727285694969484567880575402546262815753203727625427513985022285745637894786051317839437925547369197119174960432989855927249805678386409906847345249204317822712777118147618417408844321780018403226176836386196230081795189539534578683016369358188478456292498600128901995956080924578700248665462303766083406681433080658546113111463498915938963074384014e8
0
1.501300313924362152748672760273686499729279248437011404106332895109778257097803339879857938421992437031928440587788013815075074329743507333801157183695891131430808317420428443058356699659257111807549422702059477564569603094475035570280089596633987032650307315266862617081187884909988496181787800059112729976362673831035115183459379366150029444608553938034967991334694735642689225329609888795874612022300343280335206567768278002168320283162410295454611e8
0
1.230338809312083250826736687297943683082639197400044021628454533594037939625011321993788061618873791655547545938939069050220585752115054294171223964224514640687242672974444557586748304174426110217537705776093417022683165839760867506906986406507617298030308630621603741901570201030466441683739048024803594470375340742808177158541460921607628719648543277470707587867340610723240174575829017234198656212761067400557885847410798261332363744765600079951191e8
0
1.000271206461050694003459507485838004331084260605014909566132198388362810231751162895374121331930349564634505231090785316362052472794615970347459966960167565885421459749643770482212486672715658516686116847817190081698218514150200530296298713425781643159934132379439295046933496021344894465316541058953098320855591871946049270505267037518528841493671039229546815892179034570057329639668506320942629741536835952476125770796585461486211607164923720865528e8
0
8.069965578968723573620278453367654420502460331342683137132435797641536135907160963469377988088520316477895447914198776095587895356567785852427105883364653355720961009387492828411694415125209611908536765003677338024264320386600664428637863424988017891219441906284617163249718666623087730617953750391043162628623519968836215429828331074030688279632682016215916201734227636834837046424105925306662932497100120713385966392773427295895593038505252175591145e7
0
6.462572008191957915412548552815339457251432351522176048342574334320228178898451220717797177915593973782439380688685454588474948671842428536698396634948579238691092139125111708696432121470254977305550177419070424164398442624854088883830079779104802488971604274831038690788744836921966357947553394129296433809273798158594582156176447624856978251077769537290126656106699673374918250024715074922668375510785361998679124392259040597490009405647827835623155e7
0
5.138450374708622438219851847635614872694909381645978530080485635117310622433310871904149621023159389536117666874379958271952332028632051177567093470625079963753895054188470748919976734220992434507830484602373064076346519165090624378750892509137053770177669647626932297594349438324245822271765012479202941437794052105836665865155061494780406173696801513288373994452757377072393779931567115059030461917196355820296560025869791398739459763536148267643775e7
0
4.057513199230858335598697708238704603529414608921963595177231786715001703283241928876139504964387321149415846849724685907016281291468644526390033564816585290671335272356705981732945310318898746130368308843701824750357677194400236526832137763384737355478959959352168169249241256417023549542073269798989830401699778338987502028325379368542462247116053357663096631757235360994706691954510198104291521438895703765412545723491123234266281777810429496756510e7
0
3.182670449849385583398828044103243818584155250045628960357895430790349296060426404996148953167173329545103013399443563143573182277324622337385770064097017382385284462386784991813512470301595198386228824899801663879806737592846470936954619095207051132591500444965354324078936450969814567029443412113438132670778065837047710992355878185533392277421275405087211383916069572609952831583367450878409896431548161988895168086535011109314944880638666770937201e7
0
2.480422251175609984272356918107585051905571933533015535848951767924967363348051495896646401818051838845088226319329326364348525564991680253450651287754022725618222206602463404675779521461157578100022776604987064783833804778805056440322619842795913401936758803613764848917766447189565967004391597880536218032490216131187698945897499032427232874830378929116521270770112429696172717768743065895680321115520212509417950575970074254048695894843577200356490e7
0
1.921125013400980952621970058219315934886665968878972537132503980791844348553547203157234200369000469566476236266690535679197407098378110092381563349793149221969933883998289116706344392754276904926563772134120688294835003528260498732178454006703887837339907091623332408355535848701966900610064658485648867356705195841655397263658129466573675809065347492024013308262315648292141255379810379698330128676715829266181611851814295373757154579360396413204847e7
0
1.479010927052845405409349807233226341894359168474101678751861750543127482848074646876257136031599674342977293056443830530369440505895741413009786050889938639368718208398667237191403164086527680980046509941258468603495955323924624006936000611993516881296064802362600517274882575386581967784400133740254163277866466788601120346798763151536002712294009123898946174005467158135705514562358804663508660818505283952057874989993875109912680344346688710780314e7
0
1.132031869330190370187797323789226553338325250219481427658338161049616972441502394823679132146081239866350774662752551837517499977459615992504237683091247409342528619408912747128095119023772833875011952952436176985899006211182886047034733608850611010066154699975237714477228900416370178834661586298466648947837292278827903112962552622868289003153728187222445202237310088420977116703063467852901520861306785960688017321364068521036324888901855885612101e7
0
8.615877341335407170422109354937881484063929242085922716367575485351881060996081988612005383624938899529185166672920263476492076621909480968359187472199219664543698865122644861656124726870639810613152576506787614889679863810862564301997130676832816828393039725868661862984963067315262065770776559522038340148589884168080536815359151348804127934725158503190471466958740487921958361871404846489867333773048646786485285872040793322096201740860193994035376e6
0
6.521875757410533284465990313054481083710121661467674758768067987087014323396186910938753224546790600819705796775759640703295589745514948579153267340998334044169234642387044476999691262706707771317795013328105619568206882286537783802358992087880607851543091379207959910412470443795919784005122298341938690252022361456372085062104125630471661733361558408692913531730517484229362583518905843217483655447160854363154259073173891540232439824419429714662721e6
0
4.910808172445533365429621267746965937092968652799298604892898498283406819839951163437587638111221938278886593954304578500062263975165364957846889193379193923727785368241301105424370406017181037340824038836107973233403248023704458706832918581233494492657945035227830790710072972977838151831475842882276179169740674231325861338058848982187938777093869211512764044495979464424777971650203957476968927152788605365567262124554556298833528959159398501472157e6
0
3.678857854707299182483970260962693512705199022894716016092436358453451151776388613535602077355545578584362781520787387256472424501553484142357750084211416123794309435657880273831575897419134054208610037681390579642703760742595713839392080717374659731760314168544624496563603499107499987321198987417750001099615438559072719953385735955582386066310574015607320050180527923335796427283183561048038385592290534923021605307072627197371869682664323662946214e6
0
2.742343379863930517181810734361920019553925431852321572133639722541204015397194616052704486050965835765169486604268666690614238750863032884992121918981014946367393066911251246507825938243589094293621491013645174398486988058546271593922253795988272355830383344055830488007749473340985549169536307792010609011366883686050622330561430264852483820884392882918571196360623551912243380548123014171121264861181630670091039951031053532691291757585959814310501e6
0
2.034444504775956732302869595813960574610448465753282589342272884373961703578414877972143068074131949810351922930633679877516532397938579007747165907603762042017867090842157915062670598149199139299160847290135330261014870803472593301333420779728661942504672732518320280142187349516192275051997013371568214240094062690778727722199737734121865560234522303184982114711816321345063917204057140329731156990987197761992737711209859647399283262090709161717871e6
0
1.502272774976754810675194653010896806697113105606306431545446554335868962009138373292220285995002384462926147757544020852651634403754063175796233546124885874490949374181346459503582042487506277091209750411783511588642852307542063513913514734661227365963779668845072080262448325377013021449016525923298269435857454359395585903698574620125197211963651142376069564286784352515141111935350503786560941343752115667010968387336225845351706454159429841292752e6
0
1.104312302702111164450968954501509336899042443038742103548295368210419761626669017917564988410151985816720915157969109590978843859485285604832862065171385984495049072670020455208848881113672880553227243523710297870590299049709799657414593835479228501913328751241087379654062498047376421326692882510955355100772815722786590337836037603410285503378973482147151219724632698854834230541204891114130277004699396906150893946218087839154077477965714449550698e6
0
808228.2555971008388743776106692909026746021075110887639497767453816586110179310779362327105973140233879358094637446710942533156923919757447310574600470886892106950428820945062319510513989600121081761162389331843751276089447681620538323704887316396780090288781524182756427155052726956912095138334870561896150343333716596473127285395171155475912363962607953166933459058345255848878899741422588602523131459298650198503275739957263711800217189994038404591
0
589022.2820148115009691031293900661603820336904077884451504201149505417885647969552099234647323212247702669448855732003179747179305083264916062139007003245347013106743586508589938160593451325824906532298021467151046013437482297355091782070487179074920728483743776642234609336493337912148173272546114894113665930468423373522987139501871666740974896583549414568319502848844640465571343262243785272302866778133046311051153416006642379102829998715470782133
0
427503.2375254076560642647100861886203421616674140911625236113022664105343856376209197517909363625298304919606487179323617997426519054795339035937937064631485937345584549359060683222101505149623588237826422268483111610773340098702449069782488206613341415144120003140431410849161363100962937386559171970211546903103532903770544013005536161237802085936141077503619646994737928296064579679381998292095937642856455256991402314480054689180022851352985539151
0
309036.2628273229371518401889592235654152729960168315632986350995348193392947376013658081619416789025515753680278459321499015701312797435327469808620288790098520017234614833536645979169733949690634102144341893956825678041992419206267872523501140012593847984741096662209169375843136952318217700461839727610432577431836303609336323234664628926892904763764720076581243088710950139181543731966916622940928817643218580942091330570378584214418670302079440008
0
222531.8808371417168193198347163399507456113067719523014387358423180554834757131785729755746860582373945652452534164383649974136734203113112031790370046261374806354237235801428490228179867748097008601085575547737571761793375381925247102774259440521957642844800693418344549932354929203404232529682356960335650976311145078667087428370625015811868537055988108179709724279643593865655527732292240317515003593256320883268946858655849376329662789294726033159
0
159638.0240561148029216150569687675794158699871516822776073844884731242478803861842810694959767982793029090621452403407214889845604915427467464570310373052026291751636640848455086192933894339767481133857555674502141352004928362951653262892296244014723529975602795700441377027231269585666252365241208616008298886794700205936854242999225755079388171403709153066713984926858125789253760933492639655192511977686110159725230806733357198333381430322980074804
0
114100.7597052803585486899454721909441308681195562540349372065241646138052244628195578582743351758188586019730328083631807045648187507246551748242943519567399376251821459515243398382232250346915278710165356435582158272323876311973055019847463115856562727411334621730411000753597327894599966215666044650117768217511816978144579484034082352549198260560252990314469299153249916638327809373505556949971955982892144548566514425932850923726327918400809716173
0
81263.19711361168795546021700959973383407090606028711050036917511189985704859922650411569350650333346716399075433982572734130888653590846960953077565566110694838125648750331032476249268315428074519914418740726703905608410075671657233457749331434486421284766475522576400005639498967773495990681786182797051972648098049713704673578893890086117238267221977171692143785322965220931952392963165634349931375299339411502523749498940776709990787722357078329887
0
57676.10541629779236889154952595374710649870432173786312671957583831084980064042520701645815753793160502352831947994298205251505122552500582734491331538308145255977324292097296156275381608240793139317863336165617691019804996150416264508252673380814649848314886570863619248510915297521754151024712022659608920570406541386542951592221406728043866747400145955421971402313834116970730711750143621068850918919147385144263446936960811804750318636005553344144
0
40797.78103792379306282951292767363795751633430363637215055707324595061958430055123642316896375912331568166244648578884086057624731822414838886223346730275188326318503998127656786199428190858060787121764067201930342645805656878237367695802885367675224327383767324335144298456732737234522822651804174947473775916058486445578389935696965770869685731662550380325995384452226127003090990793374498026033808957101650192259476893529485819756085171496624092631
0
28764.45989070681477690980419983020283349210937073540098008343816764924850419065258705461193118039221050876567441890620290995261388898461863342518625405792218587202587014579015915659523759564223318938991873447352853318705826369184039527809460788295995331570600284739373699598838766196341426724671050109723699446896149054340164446847260907292873842139864062583870148798087673531316443855840432763691072377969140028716557695721028448103211628705861434722
0
20215.94458878324822102976546166596901075793023933975489175590441578802734249730587352981329304591089730159982705261661274163249880976844482187790248006513550626789267349851178342299224123775218137824170389502129595612546143544858241169068655648586566108779410159951611013339131999156232092986064639890380626845252432292472644165348323349692851317594279403119790657093420244368872483231173271662067162428714508183973275723330395240565942395150500180395
0
14164.05860999920869362693576270575974794428694299087393819721091886882060508835864399420011312969175481250152311589546913661683300626164951287440502878315397186589805997876396998263680052274126467747299811462808047904525851710696456172639025432874236867607156906670612047807638522272385882613572011390440732958717948173099562437581998101003428247464380732377158020712275272972796407243284350990313315541184628900787657272136971834433172029672309716799
0
9894.040854633144281970432324199572349799584439401111084834863434271220777935938764642158477370022303517991226850238991384652464611778446321420228051929101713155542969656441144807442833669329868147108820341782086361513546819325501351025404244488871023429231634171920131423988577494029564660035308736362621494124628508679917034354281566508676779212947031855658585936588839645632350372127690989585487626358775381463882021431170824240551311467883017655328
0
6891.078700360367363828184386098036308825429896744501619456095287332874838085588065531430078152778949385932086304571870798601203776708218363090624098050352467336654465177975126124331725550582791535113229209784334126195389482353109200495663914281549876519171101484258378140509231456053648176491055595508513817194171785180292429754749466417626678201727354251162057517494096532767829690566396360382997523595533819825641656132572166730778919396331331636431
0
4785.885358699063547489363796800034950283853808501505962091805269032513599706015113227469312487482282509908091284004558527627063944348122799754685965296199507005423666271469428983486862945993916216676496764879633468066415118631597665744576218967993296067093863345580771872876944354417315761110067697010921441755279876915552378358352880937084525719123128300743954961704062052275607739877433326394893774578606014724749463695835240523146212511317499502348
0
3314.605629419363081180756116259583972135314196185161814388900897037512714542263131214754574209864829242465418215703863736079003070356041472686361060828898012435828074832158623204108388314931521619504541988503575816119615617966303649444734102940364108008432265807770532062199179876086920644420493688519471490859556470777686413126255583655347150170857531242773552612110510399958091918871731174206868438021750182317230301369431201775787321798718591262773
0
2289.432108526952988455270804686974829003854492834587488455630797383348350843025826695271728372423205009146751503094234513554016796798353474008221543051479990015351268265980155505373913381552935767657741694238962629935237002317166967775525976520705731165457471922619179323149656436554734991093477037962846433311779123385061622783834670278846812076301658613050700236944901340799521083653814061854453638317632237530480179614956017186550562887177206540397
0
1577.178391918275038344125470284107997390918888444210232081937362514349629443687766297627714065062878564744393957069883024246925511395577967234332499922109250847220360434936335376053384043471192501016042790105651093997707085019543919417212292541993606222280052798934441785405225014366343879178348268049354069253446059531775113765312974705657460450011148668855468200285676734924046301547589997947133354657897698690212735585026107373957854196472196766803
0
1083.729337816759142788952720471715569146003861896359755233691402624718685895772366667390940619075644747624182514996143127526390460945324812298169355400101907794404846684644291372453283985243547355869418692084632767647643564241461630425558012914787309196908847934554457437807312948254765021792750560491218978090602154639415403798772186740468227162110846001234927388080649588941491858814702209941743286632155747336292912592935091657323470408013422512224
0
742.8081755326641248962740770581699815685777298274390409708711061022442937211664484723472441611297610193433583994433426892566809194815683244085248895917881433728276199098778021802946445631870768277195909887050685835688484369855158276214517255381700594883507492208751859404813207560382774688700048310612706521870629928591934731782079232574437563678334572156353103257562803750957836343836046559341481700604427882833439601460412906964044861223080466266049
0
507.8977753204133927432927745060050541322060394218402655808036364462043016511010106233462203116688224828917572779787888659765719438130717807162319132706100329935594900236939428914149353769118724737899249797708904593379732743956775581329824240194696673345062224197188319402137088584238203007013913917935731925409577930585427750195811872352025224315544866100214614178464612319852380151930945217733688554454015014434268743409297339454270654845963609456107
0
346.4549892047424266451389125302114272499028114048685444584274625402058853179862174220897831961823662823006759620739734006462541547347874863877652572203421000755250972203682153304685587700717300430274156736942684045722763341505486029769168268428515950346863967995042162843058595217873205702797842881005045758081782153196906002854391475851881599081110573992694916079372433079547564520187823083260845449647435265117157154392497314982420067366230805282472
0
235.7840620996660847701556847075530168046321402699908055945561587878610584591777074050122202628668371022690380972412138745176258245260889034095342649270216554855560967338732335265865215243481141166959734387428494068838583925876536498522419283375749419719906331426768469620253311381054163773116040509766524665187491633680405882420608405634139157637424661585648100529326733742262309153859505115102046230907526949850377966347613584481201860979982404912885
0
160.1048994712302421455583641918962398572128421916295683908441439202256869168337424377751254237786094924213476191380498252838896488863064801682924109840213856600923418555112465208595986891138952068225702166250090040856632793778054750807676233525215216389899368711507771597682356907625862611635707513013329936482636018564131370708702973259829200174050957895347209511788612082380070396817539112760357061755676806541723941445815180471272289161434890191616
0
108.4780847579754426306629639454267604661595578206257308203725381606036494304585989500304876959958497019011501510030788965717590050332360606224485138866433918944459018834218926367576727076776008875968351789806815711585304974375832559340587769070195664788379384603762901425299076573275921911558758860386079628302785287050938942960478474293239045763745622702792247082623826139128489279902100327492607624347022536448658409932090211607602621805719329772844
0
73.34162323713166840547759819666959215733238605993736526001070194755350532856637030349907158066589004572540041882872677249194031178818518049451777017790133324911512618434739632472963071801335361777705644933035087365569510224543821470937874493321853180945377228863626544257898501435860471952649635061508313609560093238900247596074580471571612579509159133547548336213751039789939353953704691306279546922268979471919685996804128261666124161338786395370157
0
49.48269485603476998421857291869296268445304082192214900045266282525233897338746319469779769317221321990116500985273700161400881586509844358971192696034430854222424875543679143816730774264145793131306858963984011185564361885698014436360548267778280293934685660250633625587125043475863783929334861844685672282983424934447545927860741050465744925327704313231070430864557462089894219911102042064968122263202317599796770745820437883799898072884950369304964
0
33.31754477715040305979321772035911111727276599642461382710125218939324874512367789638636552400996378253113804763572974783674296144043960376033143630498340696248056793557273518658131416912907431160054599674709770554778635467238356917679185813374827530206752745237994215796361734411136012308213578590277442675548385459621640447137886002947770633382563968219510876204847525082646115103672173040179047787896404774454429994161923149875428928227160039773820
0
22.38882473254928146142976827606483187763853998912833958432953216340329000175492182344607265524041009808671309346392081191973938504074476916852887057477662795448174025536087544961754681974450003032087859123808865122898127774762843686327600263796399518024383678190227873030985872484091282364343381716793869914789533309900493605252582828746917602829625077334755713575588088747102839102420214043890059009204753861697626692465654552038651747873449287617461
0
15.01583412392100911774534401242811684839182971971718470228443572109624238573831070478376700341893899472778891321428023274351459667013425041731702810237125478058405285800185455852957351826758953103186632928272019623465943988581750535948539425051032374527068308159472253242755532452231944440625993967939068305926917585856328120451281935074132590022575037588095168736248841569650367558115561460315298326830407865153277542595360964177759585217356240671657
0
10.05189791623569359328721458714579185422711900129813452579907459625354450825427115730689485278749175926685774073133030755843173806475103810912285865081300447859171540296240470234114392128865719858954657820932813337466245323274278691435717814395523644618017215406106496611510502826243912665542215808971676720609448106713766542075542160791488255228171525898682306742073655336871573342478403251253067695412685785685197894284285103460222601620711748697788
0
6.716563223724501012757364886907589504391417794312428044912746289277617978728877864288071628865658320022759124759417881247017518788190005638843942731193586900583651086935441647621773576502784357536942977945201310041012450636437629461427189956392942408562097474208236495102348529181077149506281846144536118178535054454389427040283585120248677094959407398278802128872676665027679492510511848392994743535588832002550991363234091719195161990396496781871040
0
4.479875985433375742828425060025926564214757084198852058176993794924418590208255273174074092860766281325617587131306783805410712297165823080211432777671747519548320628196595537472730049589471043338574950010098837577224406941616527443666721481655627422092853815193730424649213040664568142044109704668439627428208483167565493231325431915428902918869578338492527000309640982971070006589846365002443507022905943280260776325858266059210686546974865736423731
0
2.982796245238178918403714899546922839343203907482585320838298666037524777028243235593123285996352969545669972771047428521618468236987210890074115741868226273098484068234742351880756381022738756992064007493400739317123725786787957225500303414634857394027548289359177256546156824399080225440195435447421217791344807847568269214084993436726881125163347648654884807908559962442424819174909029180678145180587573405237487146521134235982529789332649166069661
0
1.982614268605750425400353501994260417105997314167805925377596403399657339309577694608429187982673506370851585277558141223639830743390836430383860513944088751424544493490370855548935827401064711489033310584129574592247112529868158262315566506591895784002782976882813434366430103269500922472807187343421892590362457664383929098536463024373554215040404304631337282557564513808468319559629991863137742830837604517985823211167939834012416292549273726897864
0
1.315611708391536826792301795790305207601228280056898990801689819959689447925227877551105811357415677420319746927213560309088650965101566520924817110232232780834047459213829832106627868469061688712415783032631770726731182357270789069900828971984043672410126907624139612613796642487499803068164932471751147302221423023773275218045559066823191983925724425064570699371430466619877550307597373208266611139134427173635481819300047092182518646083037700471486
0
0.8715843405016819899834840644663940637815910344732123862308476613349479767163006430852952846251709856184716350851946336362325895919039597225422492236688953148494799013930239010212962709234231522209239795843730582460176385015717290941743533535274111434458873639753757541782024662068753778847121347199316255716869527538618467601236978407715713850490772352650946963996382516953790054820014698714495737944161262098220222615205601497349396712185978832538347
0
0.5765010994113681352881378774308058331188520394731465410474319775130719390143723545884357668559740565237433602788405585794380600877419630215797747729900816004689808279817294846228045493707772797778799419474268380790340588348170621084873483057445135124911852750468766234860947764020063245785797665866871970835990444907847629563570226959954644179335411235308041765827787951319652518924760426844929447221447185360898647764311974782179973332407227714873808
0
0.3807292795712766905714113799103514602508135649348123612210170054166571625289604196721790643489260525294697192083434335043638384890257888639123585933526747081089956020015300349361307274964204687223339733845109415416561096006733296127499611284599347601280787926424718415970555189594433551833289536217117375950761763124476630640047522695366532780958701868029644588339753085182543266462282305640390663559516064252889853281459457240620849983201013834080849
0
0.2510578288122715567377528720517916473464049483582041913313740986058587781248612701055328572947344639936579021250951297671786963897469268159756613079202063864400418077309790178723819967186316521713479746851779710528146580599189352603388111801010508082381744584113792227976081084196897529061858445982025029448525687863428192886296521625849486133780360592418009610044419207140263742943114519824339858707759168839342698943540944543080498432520827143303228
0
0.1653058116612351789931570358637621292691476704123147388664819352963010360528404430309712431622069137276826928883038861716600848879083490238385210289254475995194654241741843129498067724546984896192492269824903810897136961781329611773972548653938357968246358393202586592836233923775714697562670722045218281278784443115844062714980995385261393250079484108419026736166139429896054471707322984790565052480073293598240392675610588735605590437461619410003807
0
0.1086862062305637867752810204289757301440658785680035023695141626017012000195320313962870401993290280043259816955018712323123562162314322319204473780399677875770877938608647938775919089895099300986259828269156362939939572514511998510888109727126044904296538020858658568444243593757261814393176617323532106964428218818851643839214926575232869316001507691868324356728989973599914350107186877002093975386660385196172980633412654807785019493786681764564598
0
0.07135877401562275568238291479380649970699231281015091060609111310947752720530782510967026401907128933716615613835869337350347532230606575695106084559548440395932683735558421442156559799339402596355461004645590546117614603681968273445322532284651094273015771886743631262556467186047216709897752678451401065741224746147603528100874686641330331355271576894860779141383065943262355448674940956577657533017842514976875048509639002597706703839189665769631389
0
0.04678657715923734951211112023979401159503640687477775828532279817443308128188936210929819829285462318937258062811580767255545478572256174376148213343204061720347084158227153926177908603317489074403707716060286711316883067700615266353672603121376777399991371949179087090033142165654600018389252060096036019948021824956820980970416858505862584524669528885625317761442294841314024510809476812335105403003217515508726261411862380835784223813389211021400301
0
0.03063444637569749883261626670006886975121943787026663297377127838712431840180482933940199531748839846789732101105183612875641967094645097893457778247639609666760474559137049380469257004800006043550609365261429432086209514035952360282001342092452004979884890990216797683665611562306992501814006794357515807423980756062365173304647900681370751134119710571691050084450919451013688819138369024576050122866081441531855292396581431274679930879909792059219738
0
0.02003213450510160172831395415992565230304003720914538812296215105832628252670534854424771422316396625868328803229319369167215165758119266376840676475585270543790044489527634659816037938746204575405505418915660346140144216970742313845770482927552792512978707810249360355138601843809782203789705742230911171697333892789810390396692433195629617537782225581870352915817664998347585977413622966944644454376704317588595812815159917519363856270470258919566315
0
0.01308235883820886612880622544435023823976515939551870256840192470585512396940021240738616990623339425798830687086864201321780820529086064880238567607789208741641743593774292003962708999121504885432947558329764862146689567047511834926585727943903775572619511501805986466820977240227732681737378525261735167605532896538355028311142150955458240820081974024993142511509990444893098150607031925226942532031982540287651270355430896631195501070781067675949511
0
0.008532953793128734525724464804906299411649586050699974422491159909268954956536692705058998691096597670388022208345970260181193845866335629474612075961304320064294890587511403013563913430014821071794732870649047392522219982595234249028504263470974961628045019065525800330376326586312968521144444240367121324113467095237748846864848253704176615031970110521858557618148140734634672344898169169902296698652437483749233501257308304627330125647964268638856239
0
0.005558783712990348258957609547809179634966464817735851434447758260911097659344852127445247623646856843613218318609357279708202287568764432372959811111866183355968758943670968263778024989658922912224375007735630981251467705169337412953024990723819869775857277051315049337698896548851189108712146038510690500252716041257227023142450703451081869020009179534134569068322550782451665871421506116483291996886879649945250254754205410764779061007008619942789568
0
0.003616924344420368717171897318455747438297261093640713025139259659270980355994945816870779589517199845046056250844872821541615361084798541536261310323803460682710032446550228761854196122385159791769974995137650399681999078473511989454549764885524631329475739828314811669170243634948915751344185069203973147042793775217750273654251502061000210123777985452844702565758182247305238315187204467621908604748448802941901138509281186501891823688816545287017870
0
0.002350662340531987625178603445630627249763505421907073121773707574678282802397160524061377343713058692104517047927858396838625386553337999536714629440986260853064439109426033517071586791017048159122104989153036214216390222509787332088085891821961924447061040631388338688826202867489560211006535597054571671603960529375856516447645686395121019632969680428513591255566688932983350479794784856084393523914425973332471941027269535374306751057263260289863728
0
0.001525962505921757967199803076791851104881888143024628620355887078894411539177156631734674645489084687361546680495670471263121160334462551875312706588579822284780447571891924082594599170389797351232417103406999439019898340304344264528306653322829873100951694855292798327277436294394829194627686766619525123084135359299634309197693553391246672722644863288254326349797865096190537463609982172507623365365331486169691846530150948356720391449336181965322098
0
0.0009894904014076731600835494930471280785512225358500560413131772903962209066933213581171683683064822096117473422350914268624338768427691547638500206574342189355386936033500584893446551335377996813149748280248885081627227971685049027192769154542006295352783451151811426497826983771359798122742481976130552972299543070433082611942967331944414261363069954676526261847134978702485676708777165900585639963486649663003254904468972711520440703476338260845587023
0
0.0006409209366803213273174395143556709009780695322872893065106220481537094360652037270891483130927957829934600046941096250824069529258026844260409993351201818378868878258910439735665765815505888949201788604201326725143597870462164450760272393247974564860949648230856029473512896064858229746019021094596152203110713174381110161232572007829862250035842496720709110311700488192463690243226283268844015006037750058749541521043910537859212902510744294070587733
0
0.0004146992500734063912738658026466397446288809448991619339638280839142371731743451931360494888918111615035564437745465847501075392344263181194404791340931881492916819050387905388627777806643070639305479921395027859765259344787549079193338444955276127130834274012884097114077002432230354348042263429879519478854615246707506246340606998861585027758441179285297196278339858919416619332552081925606208106965286456577252193285218381975567625667749311775792311
0
0.0002680454647386642694201667386940958097284815863066869618121213192026286451071752733094322900311781882927035499175138043557641675333639201681740476930969735109374040595124966149739239570615836161033276880609005965723506899349891180598968588102659990061520853533694786502491741944251848151787447072858838018468448136089001366468989711363052988869891967757909150962616329831316459935423211758583031119139714380230465416646667881074024064494540419245725367
0
0.0001730773938069273652225577928654671145872910984618103190572886719772909580659725393270995512493695149444426888480595157345080740905606389676307816146994506298442237214410466052593503585238064815312731276313565188228075382818799459485902406236832844610087066017575911250934112247180560552150414773929625448764952035955903547528534669947969358452460388864829061699838085887058561601764721720723955652199088887074203642964320551761876355326611455530556923
0
0.0001116449028204303772314625133689171561129239210275224782492304888843333122897107901098460115086033139415293580977583320580634880936431253929370687819363954560613304365645514394325553124215670045115998469660409571475095359094175279678783395429698826163467787614439304647311268861588425344427198683520767379729915764007640641726116566503906863986744991296171743271636190404730650147332108601285435208937856764355423154768709958401174103202435434281974200
0
0.00007194719737057636692651754566757209437220738049297057047469827595062768506108353685425004942344011149333547671071251168315795203666369088051760992287338878060954903308468595785523705449809174439525978407200498400760374844080604231132370222272387866617298091432332558320934040588976067741308597408038700964088413643541700582914136926140334046710531680820749832330090657252519302473626893429028760123613370395629354771186546915948322736129889248955948308
0
0.00004632066812214356861719909350538186297114070540806093299741444167944739067958394575381061739018614600782987768048477437446633183324045397495823971772686289682530317392788289133043360637071476468723159263608393934997834734375969822609574936974247531110674559496792338039420903519128978114152191361150446134370467328562809761805169838673281710224733487809402829789917017054040841426624749290289313948002064599285918289723346357881958098279813620382806023
0
0.00002979414996684884035103691000172699985966758942556661229129389876882031267419157394857796845680134535478713039105662085061869077473625923683614109523693010111047217930839536831715791037546359013141093333566579394448078141719743191014769474058109628094179648775170956925576357053229605380142561373389786607330654716600600658579824811413791672898554884746704863202095615823851219476027613881878023933766195810467788355223655519647156251826855254354182015
0
0.00001914659328842362937574656147155764106355921322926673919144919692240402163854220240312805099173635952398433416058123209865497628270039072658460483369290667581925766574499389098846078687329635408198639698125728749193969980500695012742017359852418826877322744131203536356710567751797552449565420857913318323440345426834541239558483657081726792383509561270646139344359621919584247958539484566401559804426632981824085636211204128667335711480190854853106376
0
0.00001229320762870799606907822578737677846354428818015570002281459264856304376280852249270356222536801578817373510175558375933482136040574591361498469025810573553191432848153775807435894853428040601872730280808223843397778264196745321148473764902939295654966370931940259870368600995815156759004434024242085747780831405362430075056130676884429360597359978699042232703852026091986303185418840989207468657558387851873999176655180699821044959858255809726328250
0
7.886072576871670134933516809156784072513532177954364887572037047694967957840346967300107414114778290845761411446044268246477891402010149060246081434576444210830560852176325103108615209820119552773637264953265326057167719386482071216732577804273120118263127124157840495456928285358494529629375441922400663949935185468040764724710642512149739430622462816743783578929708945864069567811282792500809704762204399798946449419260656818118376908854207967965630e-6
0
5.054598046473440190221385019195707563001502545079973664504083807007751185371985955275209490579638034336259852214145102869902164114661193416517106483622403804403698453222541647868371969670805120681624408999786056227804985679054196353397060324755957901977184021480638732651335166674705680703006915838064897297881374025785763257947821610235864939176470193165001060300134525419873677554509519584285409035715093411232480734761544626027558081812225213853055e-6
0
3.237062182279881824555605928335322782619751158211561770920689897463039302039004896435238947836998580231591169047180596660580252198629377274923847654642316890107942928396848349389614082676443940018280713959163030454138592125483859724830226946652171683189899743714557368257294504988112696475615485602380615773017283395962565777312303319340353434172926547412043516758626646462020327168232475950581758926616095049985443456698321478006905613214011106832327e-6
0
2.071391017402405596283446719830167879887113083944599568551654586377816724710437328739664898718297166523063341715409575541242768386521981872750108198545895471344914327364621009822040963855270788025234401696618078201849253670788316659320647852732104034976136616076893790597891777694939018145433294901802802913925702048350132888321337594007922036394666372113058765321452435599003319096792738014698329171702905369492614017242520173145402125700630522677297e-6
0
1.324425848578113913178446807458043348896089075486982094942994267099228887965068635362655140051826555939506512758009586047938680571830123753671289244747752367232962150443450249359097956590548340851536508692813785514468809014211312126932133573548397131115541746449426884684245432921905077828208321095867171514095838216341102998989714530915448043668715949917636213987522202622960803059782360515420440083090233099696923516942637716001041307113879126837068e-6
0
8.461657149747954745715587943635847651922995500525001878054422979865009401177110012040149608704464580693048879008963604398207310197803170743474198312095711665288069953268895976846903915329127966963573543160817662432622794639638000315817172805938346137306861317063693321463193494678708591394010819188869365931238549479878771071831920231485983717101294311199310721862136784507627027204613603551456662342700162769944865104203221397491613417521324337090277e-7
0
5.401979684894956400462167940235905409589645654787336001356596204310150597736094115867214713667789143243386116359805586705734919106671622040521134542722286532275577929075426462310716849652673408868862344196978271811399685923150645832866842512947444212416948132887149628627442725032174849283183405730906722379803932005117143947979148234075268296164716225936798211579829359345056698115113239228348416837204968438040126010124973817928858648905712359799683e-7
0
3.446097600815146606997473494823356346384942339410805811694903008868145578698870778883623935448224088068752975839088432427780979288644405882925333473203466532629309212260070009908818288651327216425463703206884402738091115163923785571828709316720593541970405061265655621068276649522437229438145336338186355455315343166412384215653434790335704523832397032398531130316942459974030306633601611487181987963798064679010560583499849795407682968260242737798352e-7
0
2.196779660682115482055213015432518720784946960021146964623368037332052732831069031323267647446558635993876168528696204405925961601496476987303774708446135936710951132962400481721962629327123579389241435994962954987146635108547578631795530440487875762624670558540531620877752148734811847215564857125358430131410357264222791946383569813074002944322123012031269829387994844855937941038194014881885674830605413526766373822027522970166341794883381913623934e-7
0
1.399383523884528753402388615992142444501135496735880170061070726958072690039380984931892057348792449803217855230441213955859652789393800924185523406041658198104860533408443379179076901131270334729612276597759207021050986307133483094617016024259883660217779395010026285533534882438316117423476718502242219765524669567630738738025250913096176357016908532923598198847404469781684022974504103819172189145435546556906526491952998662017669569661654795162245e-7
0
8.908102848620916313952432729884077572348930615519698446260944300252180809102131843196338763893772965342511849101233956388572056398017505860658568853252118701095317327179807083064611519977407883216428010132202258496229750089605254542811894323041422098197930668769003542036772382842093516776680887750231808450905374238164403613326432858674656519336432831039768882195031869610153629389427585308605541900359468807451136256010564829652742730900548180012728e-8
0
5.666809621243306782181947550783545602336408605150684616915770007879117776338543268587408623544335319588971891965063045732639557696228860082694127279130688542650078313784757388428682736099833733281550286564823171076211777193321132016419511619980193152371683004763616939878917454421309120689874638787199692536500617270557874313376794278198358348966949843707931591444227871279924965160339925538833572951730284804064625732308036599706646057688034884875404e-8
0
3.602496216839094392473249267851766429622254577093636545283294189721316206057610252165449444080824744099637628097091159851941823337461627219040716384476516768242126046387068474275541863864969929567976317840892542714858187256475908608298306557734693433674357956360829071557378439205540494345818419521704468561917555744465002265702177238313328566871950300114743174096991740438255252174542081562976195813726298164391246551498633795091837174283546463843383e-8
0
2.288686922236110883598664817463870945800090936791698177494168869382111278152998080028801563512206921585348134077312134228540334671039079046153309302104463528854951685532172180168971408784932102154840366925110350720935681686809751844388392560325011528522270777648765250223420968044388284916020791378279992020079324384578289658715259509403869327581118529298634724397922290109005305245804081633915494692551171784831496384686704307518335508381520435700647e-8
0
1.453093229684776708360830927248161947883699297923848692007329707264769468940744348526863166942989745203761190661182952513112019985631315724493500663993991567025613173365960270769978390572345101855577272904897376424827126999919899287915756583610653145364808709931488590125026988246548658716247245575028353623968923477713429528695845806650423082408726139663532193983970427687563494436809573011211974239130726925631059479553557979715992420977256649741967e-8
0
9.220000904576392570293986595633304054281278781760554989647041806846900076277798764322816252687211749490152610406257878418437804809272346996394103213853214195703413770308898142169731066246388334767283071990213583360561590505707116064755259644480711954779863199786372899721753379657958630802429098140556476099528457233762553288841159443565031656276614884962707913447884549748425784113303311574952874758900610415810417526789709363171809649187242293531306e-9
0
5.846619957939906518599395941144834194432259538499173378365554011249261674327571033001476512947000520626069327815354705160956581293362856257213629655468817658954740559201343436870130555888696120715569457630463415257550796215683217802475025854981016739723744833914257361136676646036787876266027805140533733375141952168889421525398798873778151901217880825631580755847811605915122120497158571611187314611560239961920930351731992585145061885365945540993162e-9
0
3.705280379940579258863909590786088878107127632576059229867265460825137396996330703562007623952347108686617776161991695887755010056208205130304171134733104407786776657209333968337643266850839015459077253038269951434813043046069184946169633531178047424883982268068192165175733375610051309626923393382124386290753398800365335984056911157641723213806406955823380147660915788773567040751961946936901187493480410711494830247604054466970117586549590683720839e-9
0
