0.491497825548075694090999997423862974390500825244581420400502199662290497534543860859408612916863488663254027928024954490
0
0.0163486472520520083384367383254948323109318035985719461698996095343937489857798496606549745796496924571156267232719378123
0
0.000825901612555024818768697250510259238201894659978623655662734641351447875934487376439284734085791821255619171657546456584
0
5.39989395476133408820135590685082815398636379894357723505800316574364871531271832342711883647072733676114764313804554955e-5
0
4.23910906398942412871563286921946471095885413915625709326508751688763023173734380488822698643611992792752289343228563114e-6
0
3.82733642975007394277896997644039766478063344136828279754129085598738242487604946671030403614557353988809957602554880585e-7
0
3.86563501107742226741968459027435556871109944330571108718024184939090992738234279957904631305982361641932860174600846499e-8
0
4.28461170095416191477355084373625791767042998297480918546330748350472205164348322689316688347678240639978962320518456020e-9
0
5.13904405422769818596730539549080445670046281013514431451947457996880051659034984398033017286918598282707979419344594891e-10
0
6.59952731896136922913074196646512223355356999189566412582530924021571084264335367896737536499032494134215909556716490386e-11
0
8.99885159714633242247816049257988238034572086533864546106475675492859043099163434971896705531674614987426005466670299342e-12
0
1.29421444158400281155006956012207744590838249567095260683140126396753537774723266899783720230742769149609652281164751174e-12
0
1.95253917632786143413503438674900952670788426176783312687672699055808574225559703326691896947011169743528336253970426003e-13
0
3.07607487161025804825673418435233052072465650142066159651831660251073450526234453340401273216820252098833215973745319585e-14
0
5.04122713900030448333011355244461761720069004323780013463280318664080313677349129663080575694371125018755383890714797780e-15
0
8.56643878899310697007063670779638592971843865086387458414309782281333901453332285027335329052110335935090407019524208575e-16
0
1.50510556974878120256564114567847728106979400145032128397897233067844427195911579932577652144174777620448656154678100302e-16
0
2.72755157603134258867257033689433543194263618064943542144995457873995919102364884491465619096809704080905423313279093419e-17
0
5.08728235774769423603647940944767679650948255007087095160331977942397552706948057038572611420121926636711331083470327265e-18
0
9.74724456426405164581807456918244284969080490717541366262742000704857237600664028910743742344827985114299358235069380695e-19
0
1.91526438434370876943161908939115945547357778664905411461675264077017398420169563798311016225100318122157885391255871049e-19
0
3.85364452851517460052112910286987010157765491059417655458149161004423181597333380186754859588342267609132045200738553920e-20
0
7.92906621662079235371900703458073426042890158541015363800705686774291066740641648600217181120234560435021980340893265167e-21
0
1.66628137917065049241443645693887039137037101486940377628504054199992475133516476700787389908519287422669885460025547052e-21
0
3.57246809756722601514915085105132699889728286789572771946424083640264851382670104128840982766717547427446453012251091360e-22
0
7.80625922724384662583634691628688509174037054586946556371670149516138421206374068832371937685053637518602106521672802923e-23
0
1.73688384453745255794778895481545600062242789294720335781974128898970754014358896385628253775291305351875112026401288027e-23
0
3.93172947402976590122479685016334393369550921540649180868694769091140595640395969501387110080742830483278018995355711131e-24
0
9.04779605749282352740394605692193950206526094674032216304123793420322657908611540767751622298132123648570703091566990715e-25
0
2.11512353365119599582782213935237300248087504675232600693545779573874828290789071706275606718717650152606139561030254500e-25
0
5.01964754629177172305402865509066316007312066408124972291185579153093687946666378921285694548295753361969595985011615851e-26
0
1.20861222602009040052892148562331150954418906763767125871585916618259948319863964070173965659983040679377856419847139786e-26
0
2.95071696030546611720187617848891772485224231311026091926746221545501112972731574505417306845697912857149175785624884515e-27
0
7.30066553988176467585705768679061283542424348256474087823984983915394547617843939133170879158199006846939636732458541152e-28
0
1.82967759791810392990999527899965474108485268801321943733630559847963359458363715462685026543328080582489089081589532828e-28
0
4.64259442242028586277128338239396202285947340069320276228351592554529287460668255030832949206915075131347174531418898784e-29
0
1.19214893386681483578985741161831795552825055980576412089343098865939147089650407018108787573225422180913280215643819869e-29
0
3.09674187821480109001140794608270334805663049214652405711156913356720626241009190350820498207852668681478628051999439486e-30
0
8.13422076699667816994390177433438791706768414220688877889751952545999597204024909268322954348018538979281945951084860243e-31
0
2.15975662865595680868767991933040058480287583524831473110183305765746435414072897077002381559034791483680358532405232987e-31
0
5.79458027102512262469801292947045522396732130924700652109253287497053282584652955320922117770084244554972612626674573068e-32
0
1.57045713138122222658415481210997881603040627151566293468430934993519149662060174698132097479730164507023715513477851697e-32
0
4.29816762128933789182692026344644627795151678002207695047334724711321992812670602088274772156484997513441905691977778080e-33
0
1.18759133516305753226002510434900881476142557501687378534976501251541800583221441886308978454656824128733054361152029987e-33
0
3.31174477645529740145829023512211994163735640416687233869497483276803292572100150805494210083482018550888460571463423179e-34
0
9.31834239662426402686606936082887386962236642923316969720138118009731215863674609973949289899770711248596411122558506349e-35
0
2.64486703238174968004595003213553676081823534604675676943783497433509459638527929808900930976977658314807713921227029639e-35
0
7.57092654978925857113286779479094331800588845106394443166427840520620119588183489801234045935904571756606287944468941207e-36
0
2.18512226094169608449006885348352227345875945254130189812845124613885081769824302420841920006440464835054418536775140726e-36
0
6.35755355299641801593215131048580460478315487256377676581404496545427564150201814945798991506898701380920297761592680180e-37
0
1.86424163229621832564141517026452672863801694106236907117755525122849471619931894839098027995194721994921759760770548898e-37
0
5.50841386769915663753630341381758462311466099020340887256619363413373636082562641949273875964807167472369567708853229094e-38
0
1.63976321273351100245079103616613033362219972090343191796971895803315100914336157326150555610111829057427827581095207157e-38
0
4.91685573837889247229843733122915027074537180005240000356467898831720969471421378883533625512510762078198372565026638186e-39
0
1.48480825919237421987081221485964400159039448555605575880000373613776866504295634990989086326022551632225750897187693820e-39
0
4.51500041081662327949349654354046153668702316525337341614849596838168714361425960428563045135236118644649743714204354392e-40
0
1.38223082621901544265485768471105595501020730652110518758342271938800932825580120504431444962263583668124265067397301232e-40
0
4.25963432016511021272646328326090580788704406119682160475974758926960353395437983736989886233895289814855903032456281279e-41
0
1.32120200774506709904194602665985872242443580451761182153470458054945980440669625550789075051428284850113161161763929020e-41
0
4.12391735314111467601264821235373522324069884555765577461083911654108660416930544777707201334861175489543386960056480936e-42
0
1.29519595715285569710156764971172088100030846189433696400647372294475809054016644799379819857593979612221390296496894813e-42
0
4.09250277601787003828288319436382164989439659768343563057333461579627243353273455183510519986075464879845100034085513660e-43
0
1.30081554976232497628841938352970012173599075082756948760764567911742079327174093706363389494087395047935637363306891012e-43
0
4.15875106847341475571857145978779766739523586724202616161799379504185691893588282763271535297664520924869428292417510489e-44
0
1.33714870519790340083495872395262360937113598257428604427162764572455068279137539089818311937521092824178441901865110321e-44
0
4.32331576545639494028866466510869548045735344749786015278531234420506294753880667063445707567894357706774682912779128983e-45
0
1.40548835670835783641143825775068390322373817695039194700144121101214424062188448464156864518826137426306587233388410832e-45
0
4.59372281482378130998995481204246805603280837189502684203683027103632757268632487111319967625765296234531807540141592151e-46
0
1.50933375001276702534851106540163549056851126820896822613689912253668543535987418823796894871789287620911415386604831360e-46
0
4.98477922329286321238253951862215769709797741053522451325524014848205573307692549826023452733585156226090504011133403089e-47
0
1.65464677727766199756235001597390732178436558482136157487696270017772729319263655009773812146066264321937336009594270774e-47
0
5.51979943960183272506311962079150328941867347135119768259815899427900793949335808067702772306078026144167162959511336949e-48
0
1.85038075451972977599178950064414007710053535326191007863496762297786288768261209105971661655094025677707224705570566263e-48
0
6.23276994778977314254773310086312133106628165992998166174760084891202141159467336234699259084519679156336279728052898945e-49
0
2.10934115025948780471099228493292841395396623502909992344513167263617178705181540372081068897234392587308299883742759469e-49
0
7.17171359506593696026643936145078825988983117590895518303940911775987903172739479917476143867932389276508529915147038583e-50
0
2.44948703734284357894213778393457215586762120769828669495873411699564812568151285312684071257213069326573972384827645001e-50
0
8.40369294052674767905240935874871589697176311684122312073687184025293190150616194168405645898947203149065639489944206473e-51
0
2.89584775958978473182090108516296039973833007338453284026196311613065872493337724880009014290779773427049131509480927777e-51
0
1.00221391796838686303678045476655803407679319133736557965654903176723417760154990690947130842884556250308720555292410667e-51
0
3.48332350769822962890486532271678935560000357791779007510303927136193271929199827486655238810259167510133352976369889998e-52
0
1.21575552968469213818403399706329204837886624943210239092781833230749870892422769445342861766502921310397605124285253253e-52
0
4.26077858344016175219299660219599499690438423057850891835658828843218577360565314035782315232890560554100605209143905232e-53
0
1.49931866616764584381479219266554895784407848220913008598071290210425742696106466673785304924416984141954861170290600302e-53
0
5.29704861818019414554981777522766099216892439325819118123703725780991791189128004314525869385210928616228778858878233011e-54
0
1.87880839221536639730938143132469191639791971466383222429346734617852378583863536993942308181541967058583897735089939684e-54
0
6.68980933795170221843122950270407724667622465108281194218140859583684582783330989558643513979177942719262912638318864534e-55
0
2.39112664357987740547164556911841359620319543670883943990490061015665944336995270853576595144330314480988479310335526985e-55
0
8.57876025525452774891307649542660086837930383277514285450006761163545688361225068218902555031433808328201325302694080235e-56
0
3.08926917053037006025257668447808083693164431395611017381584334426388798237248011528615229390066567412473025463058991975e-56
0
1.11653667964588263485302622978640081535662882684787008224786811285991726284976678255152883341241916423046251411045578017e-56
0
4.04998678250796573227253464395984958683169699137264642693645237681108880075533141838065062116525397553907677426041409783e-57
0
1.47426477193819354942878823139458615273885406585881988091602551732649542854609342242448032173863406200558625534076819878e-57
0
5.38538912062341430213993725392625193091325786987132167639620457475965794053589185492624974082866243537729085196837979937e-58
0
1.97404650241423033743835962834870339166165502756023603482016571999636464332816874608834573295384902788192855390139270468e-58
0
7.26065559397580127933376914187722512216472807214617732290100309361916380692250934591221129464963215491635848293431835854e-59
0
2.67949177042796861118577546064239975862036089371646452068645274356543669850764452452973310471088511111889022213216512489e-59
0
9.92127733662702873824364954136297286263651448298624752312860123245033375472455960083735629225820021121935051551403055041e-60
0
3.68554924721349534665947230289183203726450406648854922690408003424687316176180659739032911059316220528383688258534123653e-60
0
1.37352842009943536603995171511548568909293556439714166687621308310313418971852830010536848117902872880758286393769106646e-60
0
5.13517971005024368499361805047146105967337083811836649050619794350536321672497621647441530172995085703097562425068915094e-61
0
1.92592062896289107014802450016367444702145714107652223162177358061347664418751261440266717161517495634595481799800570138e-61
0
7.24550133388293269907751673488355174666960242704390438364707533935290257840000191490267924063398975724435017937752018346e-62
0
2.73419054286467052675139744588477416102591915995135394502551790768017289226653438192156786019534786444417143712574243555e-62
0
1.03491035176719289454919017222862734636436213204124343800657243086825281330826034182419494747094555289870406657235810559e-62
0
3.92892740466823462061537880409210095956416613244791368144292459902123600580064113370526513018163373605669303085342546736e-63
0
1.49598297039142940939940412217442213356706834622541051538761755356663605390250459509348033348610539916767749907389018291e-63
0
5.71274792491748932267332833910737183667736032395195872222581458187640251884602130367702605402893236756457365010717826077e-64
0
2.18783196751970404710238237518115989742768364812392849436594845504601752165651359947340774026279165407387288554752371735e-64
0
8.40269119140989531299676083953627962444070162668525068741831035725629507267339257335525065892293504366750264820631076589e-65
0
3.23626246429315593818206539773208033779907588582872391552777185918496488617591337969322204358290368943418926353569130600e-65
0
1.24990101915708318386413730451025575186214981801728079256600613633820874801268556196002507141342335912849166701942481041e-65
0
4.84060910813965324833150532748660268624397732646162304635174856467738025786939650973288463807903684923648953524351506059e-66
0
1.87976321929603467329949369697155465276146931089453139311676263156530036624480012973463882295568201089805779272418681361e-66
0
7.31933353400203994700320053795737870743781419871213039887247612190216405544112978892798569455270338320001005110175615205e-67
0
2.85753768708087445932039776460482094605931974193397329422198701249951807202373629248275257307336587686209073367089450361e-67
0
1.11853989294702424610345588340523191785242988265357229623176693523963283574813823232163375425848043951990595963949573875e-67
0
4.38972554693795582167947862366044966350064908062524218656164235642038750895049367769596431378600144587257998681804360353e-68
0
1.72717833535784984478458773192029510690289639504943497715772470586805825220686761589951445455810389579603764763708291838e-68
0
6.81300491797937789396735070934192048652823161377718984225967091101317608193956899674475232553670190606223006387737228528e-69
0
2.69420071575667065300818711602747348153479006315960936269419744805633200990572123319798082413769769397003872094767605441e-69
0
1.06806863126890058364548776850384527481986544355987083769299047363455804877014035769621917486840920821308905130894166190e-69
0
4.24458081287453956995569587211675406754727052528342708521576681442287023442976290843575220857305981837975338541206876472e-70
0
1.69092975452109339450303538211836590411977244202519376979492061706315253365305018184825842979917372807391656990547509411e-70
0
6.75243370099301346263965929785825312120601925957455291377766553933428738113019459363545862763005960139010535002622329633e-71
0
2.70288885246450446395878314319643467038355856500667926776878981665973876919819927494718231256228959333475994888143973827e-71