0.957368119511706236574272793515858766517253168460549010213276706601047905225840892979138540106477907181555505502859468616
0.0578820763667974120064821401681460792030475574815185282502081586368120431017437509479672057478179074744369528682715759285
-0.00885855052602110057111631450597988755063810645025252084670920243244412256296155474190102453133473533898255983143960814645
-0.00550649784471192350814628321607301130238597962759033896041315881771416848476165932797258978842546654672515954481271459696
-0.00114103532567898386161304285731176916693438910604606426688311899740565667670643045994259058676850673902248849417109728077
7.39670176404968913040627861463360735379641270974092632692208219769069128795489017906005660990192978522989575638080938438e-5
0.000138618187289733022918940665589439659723213856431285569569643747390623830410612250382686860732389281943320812499007668032
4.63937036640002946591300786114442075527412252716178908505210819047985461862533050737769740103287892072075735942829355309e-5
3.24839741231728607822447155310850572186609049350812456012978138526027409182472371721451969856131319494492767205189632671e-6
-4.06382696737118611513183023587483870366628638620559423595105768732923865647466487792242928901724292894853578797846574289e-6
-2.09935603469382077816072311578405661998873128861794233594591525527019091792363014970553530054531562420687417973715644961e-6
-3.90806094064849951747417789128816739246800377243062515774257328389012245414825955680691287344805963829683183506157319749e-7
9.82129735000357395373606923247132046489690413189445435762414877360107737931102358193753073127076714855785759890341489359e-8
9.35920341905724343735026438867292255635385747833499560747090804335505017586312542845992361694494743133778596781056070503e-8
2.82602185087792513473751951394028561673804962876314887361541328129613234504655737939814438568005409692435978970811760557e-8
4.02793619356429033305443185455491334370849418501830336427323365827419902396369379783968903486580710579542816138003161617e-12
-3.83470896619435267762160168762904388569452758782935634549386304298568356757545595779618235286364466305582032113226588682e-9
-1.72481524141965410726400250188105980710865251861567944438024551603917640756793696274343954794373764457671114216924792666e-9
-2.47735992334844929121231246424788237168917836642131584684394314200841719101213743371921032167385840034688341953959133759e-10
1.28921725528750461525852692597982094280600816060495596497305753519875057401725196447286592404093576100750250712990600761e-10
9.37620428520181696305504863440137643565775318184746067311308738003138701376838015489502220120134349918984357967958832169e-11
2.46005991137910336183513983104474258198118274549865264933077733439232221495439217222656357124845058155619245444425258041e-11
-2.11646115118359290340159161602731814325468501435748477449643368906967575732092515204475403067697945842947274751778365243e-12
-4.51771395593663774518542095735859935571787079818660184109315381657218247281187028590696103690059224599904930678462670268e-12
-1.78174184122468845239283681181596441494232469267370418160949841426510401488211565528537251187687870027922598320459186469e-12
-1.68242950591574047953907751848960167730556854521867391343679560383550454305018261321130594730273690366400353304636334614e-13
1.82380951223355180652135908544420144964639788446480014939774327842280960046063989756232398823562298854933450229911039993e-13
1.09633595586691712300808569504730904982626504604922904577031366961220697290774170558899812442005233791882699170446448697e-13
2.42611692729019027698107734899800458039557122678306509641242750575533192712516049109093441288362647868219450920726888182e-14
-4.88601225611521563234321111476822017365641313875248683641106324963184038277191048032313845216741232516045681881364322996e-15
-5.89245530057135720576888423440496584480119406287154469984573969912695553624957376624524967788556853571984585132423291514e-15
-2.03634903780746236531833286402391324082373666740680402452628269211414783410071359430125152118506003708544911904867920014e-15
-7.59888631711811029728756133094522082100368668861231123731735015551578528168622999358674977261869950938118737816283013317e-17
2.69555468997512892827024852891922172281390042151181583968625294133317776173559863555816822706990131042960548677625113689e-16
1.38458915176669500542605517538412439965925952415770118177848343353729979974296984999127065686256927447518482323660166667e-16
2.47083172248156493941924693576364133286666581169990374560236955827171062804058488930743755275122633750017304943337104069e-17
-9.24620400970482096261879080032126594629887202851084880536204679977060571072319134477621644284668281430670842225588575874e-18
-8.11569685502579437915247593415040183833392020827834629139497911581295291227597163649976867634002269307800853130992338988e-18
-2.44001273990944129862167713022655347578503632450943891648121336183044274450930739194599254189712906951365271896298598682e-18
7.75400933200502848497140401371714432532674658505609250541795099028140508634398543573449394470300701991361251751337125404e-20
4.08608866669469153817599769354911383684681541564986750235290700307986580931787775023626481718227043638231072817437818978e-19
1.82248465359274497947051384576977057624637097046192929871805849719931156471766791828634141860009159765754471577426154472e-19
2.41542373609849778249589882422379406101588377414813188898015816897655568868830201121552125759615109046844214099959399818e-20
-1.64259479665593043932963581100423966587960678905244584976475037272736030777749445314355073017246368339119542708052706416e-20
-1.15286817651264632415604617269953759249410667957153938348607769622765990032946620398683589511265600361237805538230449794e-20
-2.97027115663304511397207687050432026048953100137471542516294029988025278467025945289817514370272156790975256464846551933e-21
3.57606019112463876185368279808544926403722440886018585182972498834928680291372256111435355821905805616127705370025745829e-22
6.28462501175771059069326514513164075266505011095192510788849267560154767175824503093930457932365878437632521025697458813e-22
2.44982991563085033060956117086640355961078949657791511921931681093769543823682259981538960753932425843714330619580888333e-22
1.99733739618048404626058616709395059340197426638197279324416389118268756411649998310444536802246721948570229422330940266e-23
-2.83514012806704154325286010001789686733388949400151014546447098109984550690446631011673776674575732469143500678976281492e-23
-1.66611393668267979223878998353215053516986742564758476359705180648245353748540540350857039201567549464601658635433277536e-23
-3.58084819318513094700216545223746122764899235997455752092808966282607330118236183273331444985941959592129548710252700407e-24
8.71152509372025757253633282808016641899583930717639902288765473173935866801618477696703282562727072843921084217759337076e-25
9.74108202936109022911046840904556361370095799426806726644249797466108412133132865617065870490312737617802966178374184198e-25
3.31645577947369029186054380328118952960009035382460555101278373694192414842538603682450293592181283536722242332533887904e-25
7.43725468625192340893120394320845051810649275419406590694440364541373129055285629231275909690228360173338521571989371359e-27
-4.81259057298402355033613643495355245753546141024818988325654524863836524008693409432264497984838831991598878036233170829e-26
-2.42748186534143496494751001491144546538094677161031462300377148238268521561618534467914703954480753392649868664534857092e-26
-4.14891210769486388293318852551040420825870110900343561051400590411339404245626291383838229612437753014299537046491050576e-27
1.79954633441619565712749655083977676746053088828053936228712373841149128336659275298222219380787187165743054002087272037e-27
1.51442399863177132383557000748055577442404330195731115779583417999578448778501391088675089688988130727645694772539089881e-27
4.46896718513784080532359597999585843908418513953512211939326043143711545217943796593229761071379677232718645884780815102e-28
-2.21714315471949637562034472891298007919534945955254462075332804543544343522655048391191828582005665654697818113774884353e-29
-8.07434737375803891078340758451810158721542945784634266189076812612430195183702160687928988301242826099639811474976104437e-29
-3.54127825721642565226844358032218048872538222225523647345601525392186015663508808540650056270086699803682855364975825045e-29
-4.38550550653139784199984785486763496091736235266218357752191006504672764288584143216510675020088740122717191544052350443e-30
3.45024684441349671278902792050363682236144340006923043727501753113908193511107495922604792063062787170145716657885608929e-30
2.35312358605637957896891148924214927157146783159608420889172521553751173132063548724631798238845423157584099582339786831e-30
5.92162135025206655008648390759437768235440236156975185000240761634810903705764765664033826026290450697208845337866675982e-31
-8.47348801098903151676093945830032365248625468465758127122424933062983823236327550529216508844082452937896327842640194998e-32
-1.34174308452812163872446659962252581913234291699514038153872137772679788039466746788041747549782609180966583411702114562e-31
-5.14207350899490939282926472255561957291076258408023561012907143093142764865261796017001125702964938016567745791368248084e-32
-3.67187442727697169484705912644610771594770004533973729489410967322052208150711932282104978630585868072915521484678838197e-33
6.34019832214200361042855245584629488911417226099615757843069075831086119391554999502344173676826882691868856920048631460e-33
3.64323098569686681465649482285132193627762063317841153940659334270370430906911816714725212987602245845420551842703214128e-33
7.59315110639877247730664499127074774440297279523813623501373981723805211988952170919153786913101707783558128029121248092e-34
-2.08711930762593040298648106983516700548954889003777158960619448345319343645859893358818193781062312987423486635222169124e-34
-2.20994113628654668999929676954182784962457907368732913226664802447121254168604832375172256658198209601366017519684475371e-34
-7.38734836260529841446202164597210356906044286920114091946311082045895690507036878286290917728884237444309028563544437304e-35
-7.61641062565799527290000626267859155185290400502687796002558755575973587411679823016515930132251061630646547817983041555e-37
1.13295458769691243053206137544546609257256929596535351974932265733948253842259656766778169769119108664511202372531030265e-35
5.60453354151560442729277574516319950127189685540932055615970358260391073087979030453840301310393377666962444463954380573e-36
9.17699682250227745203456105876623136254960388142846615372836030674438644884627094183089841927321545640400468198042533688e-37
-4.44287668857558686004699258606675534341524627888629487468945004129193036809950735227157900306020868106042439132069572140e-37
-3.60768048270589652942190902024463156457905537045912961004692080542760467858843363609105961440332251282103140540178907402e-37
-1.04267810296044375899202507122003939725452849045667068859750972327838329087445203520754999353245467002468259837554711087e-37
6.75298859054969082184500714614443435328786539253935783716035419090263260018641472111577275968812926880664236554696977418e-39
1.98331163141042336590706033733504608645147538743238514884266150518646742149862842324419083094227569838271779592307202765e-38
8.54102428030565027761435429601569568506763168356274847353830794076517344733064082001645951809083489004106079736697958926e-39
9.88606804301596799284514616818402692931225085274128165935610484800456082063316852360316084286551405097170820968882555199e-40
-8.78659701030005801919825288044075633911947473863934631345901515389444031941176159956574272318962001149167915577993201303e-40
-5.83413170251126988958401532905459108273910434832946760786709935722935792243415218337792619517765887794749771572473301843e-40
-1.43204157658504389931600959715548886373394407750222685413523257835222432529011958005476805167244439295446608164602117419e-40
2.33829758719989658773549942201779924964041157981180490457624123702221208577414558148567426982619955629678912885437441490e-41
3.41490310801010094875904592466709530770070967919412526513517562469013918921511606577413902556312756193212152112831088807e-41
1.28498315829575749871933381870433361680620665461623697766807084472820031031996436185775760069058885339215384686760594480e-41
7.96684299045578576490913348944080708027460002091086191750653828906697756154714940967060505763540804306280227112669282297e-43
-1.66123735684129340606733265203278224695856455118960861415412764609551477610499303314189092699256643528218959239649653264e-42
-9.33688861725938522561730720440980515020934694569565606652054361167198002422317176006933479555233019395221161363325877647e-43
-1.88520270963263407280579798990936851582816060864786032131112172146124587582040492881561840897530314672342764591106248967e-43
5.73791493355937803504480086479815581217091153739663086362221568650976830849894598365591352803156495529446573209921883709e-44
5.79582157218004786675144277643077615202881882359509251749237942386702443534042786432517685658884509877199747839055093921e-44
1.90015834556942763550520500608670115900601771302484554213937523863832175439227128960716537917401393768651138183633238855e-44
-2.02268683455961201177734225510968517837746888579763436241675391220528228099617354194520729836941535196432987755131886380e-47
-3.04457489669681450043740929397528292771504123709170024082311410486246246337854653841873520997827891032587498445489968518e-45
-1.47667402727874221606044038944997170063762638895520641840539629581280507233167207152101408438785899772579502444392880336e-45
-2.31366639719010135026929513601932001318107337205453162092551766752393871004206846293710768272387731083678696882946044586e-46
1.23535688590745360503376484876983546064511040150721325934819979098172958201934527748169028697305001140686177017223359563e-46
9.70625402329635654163281555934970567122907193851193575846833917508430198398464059722062896340011228540715458087110162551e-47
2.74490830609759722103093898401742239962770997749684560000010929713943043784375123960500487567532305612246640802855470131e-47
-2.17490209198941514315323085831272489077908748812914555303243507383712243782003335008798216578036757637766493121210736598e-48
-5.44977180919530476441090627408407820057460661801275462351234673668987845943314443888847192961997936999386038448414079624e-48
-2.30332095488965794152390371891096777122124971045352349110328210329108514202783483963216128170654121019156745941851150175e-48
-2.48365437830301866147867070898087534205558507764197105012643624666089464801042968607411678125899877662875279985417208307e-49
2.47923332522805193753751155304820136556779719994333800660374119112425305630404835482567117884289711089939625596280149241e-49
1.60434650903861556777776460156628044178055427716460381761257917707758726439847001781211892311733833190013781372887286628e-49
3.83766487227344278994381698580599838920317302476347218072547147737316510687550397242905397822345723305860287542492848558e-50
-7.02294030611421814297711038685272841686885192917704584642085538664858329779907837571092074596334163086527624460233724439e-51
-9.56897724101136635977638379130532956002059696872990238139185198261075964449578857884413863473491573143695045782987166096e-51
-3.53341598251067123362485720718132034286841021717948363675729536277192608367718229410013286895426939733541072643448953890e-51
-1.86500039365840523975313632837272073715967836003841092590644484203636364359215834446716242200067236635001013106718052874e-52
4.75762688760862247493205925964807260396321415702526578050529746322826955225365006619691471862395907043017328449769752508e-52
2.61629738305866775396160358211827199756335086936751964438180159399182339215063212312811899967266028383433283345874728559e-52
5.11188122411824250572155526321680471979800475804887291918370710229432562188328093456362933604945301722487500701284557985e-53
-1.70754251063697481032353567348303931205730501669178435167402923970829149198498195484619280915271280060610390412546873223e-53
-1.65223651526671177346713562919615863294174426204339674044516728203018397300948045548890598976815976103161331807632948814e-53
-5.30955123985876680574887985648690878152923893812618624097694651955751975808453666304534627966513274577440211135516442783e-54
6.52102305027547625872643552288658962652149272990079529219333427034259197725198396194049993615708088234019749265253379323e-56
8.84314913010596659666188844234654764912467393265514529648492210800736384327374365677100777325973497431245251158792899975e-55
4.20516266682423690773335325339346612938418259641569737895215577123336519770571581515210704375764642354984138905154315492e-55
6.29233055994691686392931039908510805498432598740247667598983894535636156585079300395857307430075688397902004715650460384e-56
-3.68843566921017811278273548357529656601445974238275235730350892673024542487804608633475135329849771675820606971822593045e-56
-2.80915633811600805985579118463078733549797757132142555799636024116929974244022474559742615019097439032708484300920924786e-56
-7.76820743461406781903373861763982765220274056213302017598086016504325056025467267697840081705479380829062153531819903440e-57
7.27622251502129586999566113865461390840767592964229571841758627794736946561896015160605397331343726285518220214066736982e-58
1.60362055222692205808511319525413859734327350347782154343568238316625741286463094883957804679863127039000509542860699050e-57
6.65032475400711629215994760402781744866118399681451681655566690438134861022933944911300748108344641434617857766565306323e-58
6.64560217223056719604124831168040653723087554999377182844914301752759219689905085869739938423394288002021349802120698275e-59
-7.45485153288688546868419986380262689494223560898663720635385690658561187074880331072220242424827849746490810776317712988e-59
-4.70533080762692438676806258385196323319863620018175412254589050913811949928344259715231079243439506195927830401602923620e-59
-1.09594645144931308899331335826856713858616375317851077877862762169354267690213655403196362996144665327161466839116885784e-59
2.22477966307168641746425448622033071230010680423740809208353556173677852977644726181176711637653811993916675403079602494e-60
2.84919965483812405133935273254704871399666844276017819149435103259879630333565673577930458518354927214879130691211363025e-60
1.03209766031997103912293698513120830361309242142075613166962273075130071388441106003909203195668365345267122713646970571e-60
4.49543822275912257056872039278713270597130729193020289568295247721705274564791063566142262459973015357769237421096963592e-62
-1.44234555550625737395429408960060326773175593022489504887064469436032818129913438442190908958377707707056200015461333433e-61
-7.76295542818171522179040660546315469367705363684253984163313254485110171245262212964960882890973222160342083534950790093e-62
-1.46592924840441980522757301923475193593845824048504703685233680186644296108988149021609441764259410851067785104753859270e-62
5.34872529309702317512483151075179079541997389549937483979287490919318441446314152784325836092695770048921680583984420789e-63
4.97238154851766875230366447381664616534003072022723462352971291907109092138903281997184747464336491085387123654027145555e-63
1.56557565542425608185024339462353227266407516060719276292970385968852745887714310651101860805708477617317643732872294216e-63
-3.69206864833274812710573961876898986678025451822330765485367312077046635756411292386811563094491790513516035398573607977e-65
-2.70328152938940719324362339414931471425040942732784889115266788440291863121340069683799912405356273446794585509068703596e-64
-1.26039230186132309843847349189252615823325014756243185167131680532106798709060057111783750551441493317691840850304855887e-64
-1.79674493896809222200365055351734916557294967966769534121145036975617384880253775429093229608126631516901841917896641951e-65
1.15458536821725088170336811864338179937235814968180183007176991507970286189014584348562095139292450397924834778784276340e-65
8.53544389958184995038799478251941859997104733157878003075083622061400884865759315566016707319102663510955740389037063044e-66
2.30669374853327033327796533051564350808461368832142416995382226471863782475708087830518076046680674811745555883107878459e-66
-2.49952379909194830390688676406809514536092414650087679232539221241906730534854430369613210320118084964004696219752140878e-67
-4.94145313127217553871685856791698676873261882149626003582302066489014428412030956221346798853757829364834381494194677857e-67
-2.01053096421330078314687839325442187915882642662725608611273621396854465386458302155689563560461246130972364673728104709e-67
-1.84917744828337823199829125040949187318778482555002636642887741735248379766867027592092563727032604372763473504416688210e-68
2.34064866741811572983889688214028798807217791505919550132893267725556896280437793089885240802696222406107868755645292837e-68
1.44192865976771309833149284323418707530803803808176906125329752440145546070173106377502008834464698446374551709295892762e-68
3.26745099543542180306004776481567729102515478646857580248073241062825343939224429919392178652157871230982127999070526656e-69
-7.30850089172859306290896786569457581303851660615193436285745066511217686896649264519383346203170462162207611940866373677e-70
-8.84558179142255363829710990609286898748712971878923741711350204126205264099280804262595998048789056852310328817778541752e-70
-3.14259258158824392747140474282772180770663450310149246373859810614472972161913510182594596887299961024538480338879510206e-70
-1.07556991187004131825539252009214432298862452236945373898776910389689573172853478001171894276304810961955597200639399411e-71
4.54883431388780879718943583215718960295780827421011959003007523361329994102172497732082292382048321369750289533856298467e-71
2.39688147647449373699979086764255603251838016462319027679183450597467374364727123978509457512124708101484981851201296846e-71
4.36834512676703726167141614406425971772123930981224747649727136550361758061687908327465578689720851772537903198752212154e-72
-1.73636308673369501476311115503168908131672965396415534767889604450853004984049254415370627863834210307756139850906444741e-72
-1.55443122106833174852129586629785841327256374761679248421854810318902821961434105491601342973310582422547655681993110235e-72
-4.79341391143479161640357867969460591335343478040827366482491979657691646622334323299259108267510991426213009803416364998e-73
1.68291330615164107370746376421793154303434696539534985617778240073995690863315374629143277312931965550458857406755301171e-74
8.56877129714311309296110933566741944811657925058604790721549060593630273060902649159604492292225848019963993424336760265e-74
3.91728928113244413468660518585353135155306170049017687368927719142592440818995608652038917594909984273508955612992130728e-74
5.30128213251763388984142208363084821007153081755066198005365981763437175716077573266467547180895750060067404927148922396e-75
-3.74101635544566414407204723084960975544349104949807899887426233592989855312052070096517136683705951575189720881739026167e-75
-2.68575805274730449831429910216355231551099525679178653779120847696140028014885038746866232538919547356142612900349379988e-75
-7.07533391121661525841114616287368052616678516814758326247027288233393569812830491157031030317850698228596880351154855359e-76
8.86784475944331348053246328936942668243845033932845544070394393684735602135026766028181321565053958330244932397180451153e-77
1.57570776379303384766343675495507563983373277702130170753153796186028340459084386418291400561288245183850950567938868276e-76
6.23668128971240145129267221304266691975868777136361890385993572340889604163262401264906517993534820456542959473791576927e-77
4.87798450883785223578884902060078650191244169260726616046154538196124837909969789527754089099201116262180858871162988351e-78
-7.62273650411865703715730098584957068066592046149092682524716813620741874459153472449768589827407715563513264718867655502e-78
-4.39377519974654468928657176435181339184858612567531919320816586529483751386846744629706724191248602665561497931355580965e-78
-8.69409242685146251493547715692890539547574404485415855672122408040907714826102562885987171165802805673740357832111023487e-79
2.56975312187620726948685107966421742391033784179020601463149283858325887548104243005559400887282716508451007029827404336e-79
2.23426729044881049674009548682098964036465998415983230564032005173393557312191368338986446443181394969482607966430885944e-79
5.16382573431759530401333077484837416204619096845738626667306602652126172393623164546975571769253265971812771930746000961e-80
-1.08799143172112157196077284723109072977072353755215542124482414482550615580643794479722427915755256555579653616153991206e-81
6.00165681434279489890268735294850848710534365238638933442329918161000542584365705363176014947983837491243970799995776116e-81
8.91850392933322858239571182423498614514625389177605639278076716846412775814830614193794918250645319451638871428028232479e-81
2.23747813783237896049144447449489740928861722634059775853486350712778756359060167719581718870379442752487927547942324267e-82
-6.48516104068559475643936965316172934255506452721029360071449680561310378001947842138000138550595082914845925515621905433e-81
-5.38892176873238271404185639466808206077096862301511424727429742161618350146230226944881264008036920479327124449460952970e-81
-6.39018151866021213777097621788887102327896946396615803475354964193235947885259340894377064075163690399429935067369112647e-82
2.33035970878566237249446101422403904690956859997225237576497861494770586398275929830577192745719648806580507956432857218e-81
2.08296375129454677997168332867967360681800911406426821138871068402820175017378057610968482351282220692044333441060757813e-81
3.91268331879561909059853288290139000101906324659736586806933412876447642654812607561453863991832333071680434349070548256e-82
-7.46576220809924769359314076233344297522818921726455554503576168036915288654978389621931379459930634511274915286936080777e-82
-7.55161286675958173746486273042349477979482719103392876896100205058347809962026675149785024662270958243963344915687309202e-82
-1.98112740792694561541660358708797309958340556513038505644005523790581599635810166591696914584073974017680992626869414986e-82
2.24618264528871113064792921138049969870908976169691037517605283891714267996676622339081373686319096499563613645613522641e-82
2.68555658102985767986533725151794847839926388974720434797076492369643661209740846004482449859151879828508736988137139567e-82
9.33813693248522147823101568106660541025287498113201262899911924486738456135471864779201926115838963567404245270604769701e-83
-6.15137565411158989446792681370323197853167451927495298159362637729657637784364477528999016660308967666939134411101003731e-83
-9.35184523950640704654944453985303102972424866281147570815822064464550669517949909452166754349372308410502977845290984773e-83
-4.17492011725186831520411270486659418786833521249654095911853778402807877135234606504040535735498617265018209010065481694e-83
1.39232458765634321138740019813232772492598175904774805636712053497724439521337341762446256518080791396728740997873563337e-83
3.15135593889185465008580662630836165999121173427750252918444607488872607610936628513220705540947813403661754590717036940e-83
1.77581946635984877107083297692913901139264379428060433025711578632102016544713961646953507324259380438180394733525140600e-83
-1.65099125277244980641784492379442285453524650621970098668603207420126732337356076889965801309075407178973866797668949889e-84
-1.00940045583139755352513195052445129038178487738694554987616475907944956724900433230913057698299824196373145955184419541e-83
-7.17881271497575901394246415458134379194890062189540973690833672397448254724120998451554638922614864045584019121086394624e-84
-7.12955666927680726560666423294287583228432200843760839497226188883919314642380738737866158109393353744518649129358045359e-85
2.98460579726008821564230191310100700442772240003330668262098565091953075346555365911314371806049307341435796846662566457e-84
2.74613072902908055120379543914473439785303971034912259342018626631131642520508624250125074762453987801995545692493608381e-84
7.33058369448854926933033789487337792637470183047005426592156120116643983931070434635966327898867065979070682418646721946e-85
-7.67109620688333151509998360775423158620221869396966971835739852689445332998782182896666895830373559446072236948402773777e-85
-9.85230235047462676661392369085686384952577552881883061878395065024609245281702254719501217014870261808154878971758963850e-85
-4.22528670178838645781570312591489922703676258440206242824657665416969668205298414875879105972380612569235637880666324514e-85
1.42390672887112116508256805246233306013511997793387977703512678726525486067834555148278175871402768027157106655083574787e-85
3.26000429682192438917742151748670717004127995630268227736849937670663319876145509250164871551666037931156074121921246498e-85
1.97938199697146459575269108012797115627393886422555283292337230147235378720524881746992789297557624158500832110537966205e-85
2.17863871153228462641085276166017127202898630616981020670719495829474808983807798470500791314163042687809038324104064549e-87
-9.61875198487987712341977656144209985393299653763251875446499069732575784573647890862618449831093039491984635524349520110e-86
-8.11311245443397838491868765548652696528381572571604639337242989309385725488712610935976420771860364267293774247932335988e-86
-2.01364225827874160975697933205269870321485091939946329537412226855369118095287745215782555948604331654100628030988574226e-86
2.32916716505639057876499302889021086330226494768225618602673440282954207229537791298597961491528754023396744194293867701e-86
2.95545577564468169801439637255246922962772717467411156122790611966939199055627961263382230178206139143289057380271021767e-86
1.34037165058451766297459954014281086357021824708443841022455833157513758846028380488309996617235855132371563568826730933e-86
-3.28592041323357040387904633679582300731464842567347022632382315189648843580488120131286301554576114256014124354270604181e-87
-9.42671336646295825793928718271581132026752295356687653294395669787440816779079137691673850160917545423374891124213358587e-87
-6.40496979503426353433299516201292347284908193994840903905598336937965832720015961445216934981276681571549887189820438528e-87
-8.07545475305940772172623361943020370369754761503439845469432902234241183903951677254288958303387120485196870929261093632e-88
2.47866704940336009507420177461680617935276473190718965939606173210897429482697342694455218292809248560761387840540218263e-87
2.53184198421649260897611675415990715890770759927574239024389371797221101208006279092712755759469069851993121144617355360e-87
9.57293208919539327165260284807172354053293541236888177414823161796742039780961517473746423031298929378496945109629659020e-88
-4.25054543836413901060881256598086056170931730235515538637576649498249483397938576874722163054899049557333460817303547196e-88
-8.42948969942950170133653386731568864034081495889948033218408996265803113802402174760208337893693905413122774147264528361e-88
-5.23476188471732184518144689892478774272198033047097138195773597559849134873563632661134099498425099405657849997829821361e-88
-3.97583095247902142982943329163318051629714577476618687081788147424080605788787253698587767802356711225275180698411115431e-89
2.24367925561397369495758177736168122330729386267064620777629369142687884437328702246441725652151619446395719892138208288e-88
2.16756114071797361338911568996661207169841312782490143575300978189476427343465344720650695172865915828376225171588239481e-88
7.98366053719987426864426274097780654237495077852238077175851473154083651324636596870103881132937787989415636650897243910e-89
-3.68020399480573694843116939655604607159520229600107953524778899184909410300696460614863791213057846513873383513236814236e-89
-7.21309380191463324735534500840572089233948246695805500707224919357849071470388847876677573526057924540667487968360936573e-89
-4.58494539974114524416964663631557423972580519150201711167497005406917361022867592417134860319016086691314142074595415802e-89
-5.12233738413157429556520016945565910888268988066793288378435826724299378844559626967163921318437121568960634399824806823e-90
1.81281025698940907145832405386811137644611143272817386832228872769629991124622960502886214757594810103138827970947739311e-89
1.87705852349596843372330800412033530494315747794031705215754086799234541518537378791122017344860261495699278443045476707e-89
7.87758222548137734624871418811449412716288192841474657446996679348098467839313405828713535470680316108867688920287294869e-90
-2.20293691900239718063856250219268188816638371389278950908677417660536266265906524664245823085786266632413159624442004870e-90
-5.88925721556564760521547621119441123890175109150756743703343991293239533814837083918832835716710617268620270161875961056e-90
-4.23848154114076546118243492340918485002486554273339487489521944251884139925495705472430669176175102235220897272826392866e-90
-9.28945040222452575148868341050394366494366340529423329104762425410706816274209819501469264900216658340216475121757804272e-91
1.25402057494470067010570821821194183175175526496208272190744446018013819737164019189177785599639104141816095067136788087e-90
1.60343246276328024237908718639942709021343167115220928979706606342481714873494697574170073081282568978763384263415357146e-90
8.44599828209664826366693840352896543391632676363513569234994399608396191620494342708258613826700686327810240502492654060e-91
-2.01657329116235825678886737677286002296116330407450459624679726152763048348644843642387626784686451011009276087229372354e-92
-4.36794261574358378693668889201364723953004102849749785655355904217337329247308541707077016123606807560648993911484351304e-91
-3.92172210726044013200726026121030643630230238216029023950079831594716383868789237292599439844966214813262624474053598874e-91
-1.45612690603381061107681600501958579727057199012923890175851941118666985900130570819325299374367622968437124828766526812e-91
5.95230611167905377311467513722502038197625121192400944648467689554652275242951295907751440473804224654099851603542256061e-92
1.27306621093505507683848350256931712760838070202201278631422707002535954769330199136390672831415710477713376514104979903e-91
8.88331360352763093784658544642640805537046784954616012633999850879144585519986359843632659700697044440004356602277318785e-92
1.96944019858927299943538974675576788641253092806894699366485183415504313325510687209922372814316833085217290434632734019e-92
-2.56109283209978545911689784188008111814216522090809262108780067215404276903117058722900216651782000947070712391846398616e-92
-3.37178302645745907787875684984905120839936115252215591431935853401782663723430523521952990647673326839158323840145517505e-92
-1.89338817937921203070406498003526941272756820837880515491186831528661460396314475539997413875266180580222730466346262947e-92
-1.09371564736028602991761962775634792635839288150125608187165730162561655117940470621541467211320247252307091106312473254e-93
8.34801352644874424925200352436837614812014708442360219985785118912748829029549349160781019541797651253847942755609818965e-93
8.42130065726234400918804429119433422653761458964810854870657120057634905429519164630386751309306682187025965398843564122e-93
3.83073744976522356059717943832508683871443555334586704249256897069924962514044666131734526938930612345876612392195170802e-93
-5.40179851925837878733693423607217138264335116311944016836619254685092949016378983415018102634624371357820094117698343988e-94
-2.41063115686654946474404052649176325218097986747367352957801115872093505259191025984113069283565555760408829697878703955e-93
-2.02701342958149384552397477003713187555401946241319474973086116643423933541648501417077260427608355632165327493786170724e-93
-7.39288547311651330160931219502306794328390250788926155213445962295895655198581547019489848094642788002701293323667135040e-94
2.97522618964001763413094723944323493891600367610300613726618799571760474738696953875124992276542121066033116859227672309e-94
6.51160334062555307149929016220992871535481200184066893490306791537263069335180782908697016661432448791859309693231579291e-94
4.77477382359944222145654439313617143222666718414966057925449128862354259540495693646827347315215757529269361136067020603e-94
1.36527009523204411823432681498906612895812482543069735909745739274569864933690650084015598644613150628786618010141202266e-94
-1.05009135500422409207141744462565191894279411647708548377113817338520265973389843437669979910599477949559504007547551834e-94
-1.69000531510855375709998072826237984011799981213118810332371191790970299959990022234088663298123227502303436512558984879e-94
-1.11426783725590906970784573498888428117896415525246944088216459509668446193704929850052222489310453758594464573950757767e-94
-2.42467565078206119565565664467678342786563362875881606172301460126138513497541766092927964010913456734279007912480455533e-95
3.16643630577300618625097110152832805823314061354458748846525784643714766208014746560667809451260731570494176513634856113e-95
4.28118756446830012780769044515016385881404407355949924027115343642660914636456306242420628105083593736390510443252961209e-95
2.60316040536277398032518329442066760652375845261115658899423921385164490176372391965108970518737239822333555206922349728e-95
4.20296540496007762891512535153670575430322973839996551994463073736094693724592323713030198790728532537194170829766310609e-96
-8.78691420454419129254447228575688939635811620885104327756410312659282817254092019885416395366429448029124237463925221827e-96
-1.06923718878678069690972130788088985147633287761230485181336452268279907915314773563675529413570796473614850518799307244e-95
-6.14210509999272209766406083886580828191569070904787352119937204205859979248361948340707211772344262416158673366230554193e-96
-7.42020791151265321404064575499116607535381379007327097516792066382047025254465575554844369955884412395772713151519809088e-97
2.31243412101547274250978639568182241170460734243679931154475417724516535369945663818777403473332617570727991841984953216e-96
2.64969688522253011229112053561010935664999002248605018681380757756426686565910165249505013757940681753054524061050316651e-96
1.47354859587067088502971902213565758943712612811411978238413009816422134004845436968970343504464872708154828252840400607e-96
1.46221157772851472700143604589461994237805658860830408550290095525332816319672884777345523541468004041473519146901851793e-97
-5.85148223429856085715485513421173353158982149134826446733161616470969968657538196127461068021764393550837613300006030465e-97
-6.53893675670135558253326459909288530650140157710670900626840553094526476720519839476099311784742542042107276066547119973e-97
-3.60866248913916722065426603333061610410394870960256032154407719893290821322250908397276971441615111407362026809916482645e-97
-3.57351844656153165812906519803603684652205136930962537285853343577157317260304143594450131165980207246619563958580548917e-98
1.43148175318724710189044055556650285708889836936028125565242497106355794202928617183023723673936811974081956940333615354e-97
1.60898277546156558977235771988020064212221912608815673642945397098619598794235629110062406832329125602597775917857410774e-97
9.02634220286937365767085376144332797828297795298107730660037972421766367651447505149307032480041247983240945207705377169e-98
1.08414386696785120342146146152235823977597141988694148473543551161626022826295167237089871555570196764285642760197528643e-98
-3.38380043638549717541984974339942603242793883633950219880276707841148619342035542865980628664312601155886298597347168853e-98
-3.94393036256093315827991605921653540717389693133103916681757317956897969129464321259348325054054167681346057025948122305e-98
-2.29968582285598692413560826800389082527940801227543146275424222348969596231960101068938206338541973713905196018275540485e-98
-3.67724642722525617280811723274957843742495017566011220854462544391046906473631800837359600695993316356697708176467084638e-99
7.67879384996731348831095031373915349202648064415841222779294969764596392472506579621482883390470858555872287889638647575e-99
9.60152821219433317279849208682647181202213958393399299854468315442367278588030088099674960815938528481562417021149922811e-99
5.93547415749840936217648604586681060994183775230911900946078033395663804348617861455833570873360666451331853697734534815e-99
1.27197355383041921133857265509048556785390463955120240329638780085143930381480786644931718951509530156158247611872867618e-99
-1.64767004490670473962610499939495817577033687097346252782331736745607583842398878045248041560398857123476768041222349007e-99
-2.30976299166098697665585923185688332849968639229871369393498832099835060255751928921203956824039451208451314800805611018e-99
-1.54078614767701073319615101180505289233334824584535032220421016381215113353375078859409785801149768138705284874027202203e-99
-4.29997687089153004251766960749272976196826677483580435434865315829088172754967683212239766051013884288523885223257411326e-100
3.23616333267931887154353696943854265756352112127340597033501759304449391922724188047517197814513941825268216753755951096e-100
5.44918479260237822451056861343549533886232252913143983730920052563104727234820841115109545162795626467191679314685287868e-100
3.99001226536024503008323420012168879313044485768770726604760094842106627730069354238719126038930951523201804457008690297e-100
1.40070044341240640619620312482504206426841600090072752408887111324583990376765314750526294680788770242876113771072187531e-100
-5.35975552773914704931009943171819008703701099047494014181153451695822283220920518567159096756519512829222402461097179376e-101
-1.24700334132962573737609346703030034508592811870303247511380529292701267700163458230877118942344655474889126419021000695e-100
-1.02172352048382261892215664124121520982214476321957604036252101781117582301412471774894676509439175180668402704142973447e-100
-4.38077574112009984935469873732742188297762346259269155913944222038633262202051809231120909306341358442704576499317376773e-101
5.30283990183237849499897297171425872264607771010392445318842924942120325374613861932453183495163933323653923784291431211e-102
2.72172951466556291602582463662420819771095717415038637384519164063573163039467563269866098181437706037699552708145615932e-101
2.56248981799860009065069654264267314638134994930698324893814863569404878650185309958037446655101878339615756984370754549e-101
1.31419258677353277184986291091693178410790401308733862627602398829675278570599697687962702816515426897184337423886222111e-101
9.73546451954441650261202144095531180921890945908122833337236142554292672812992259386328419682280488444710568658513963594e-103
-5.50157337758967379872106885530442520617080488753011907521954707416434039608577343868890549270592932576285082787172311319e-102
-6.22428413074025359347041728515594985764327552348768977359339526358986443105565577684318882108721695050001066241828726574e-102
-3.77627808620401106068984640178372255325889729400312123062530240313577168331950359526302359553693714923554492907817328473e-102
-8.64848990648155285413921836492161547240880770968625410146245467267116722506187847676009419304890669280236333351738696477e-103
9.66472594814670015047527359245889861077751787073329876540422683331413716302054332597106749597722608657651817968961704990e-103
1.44271047355480942424269005329841058031824652795571389529524676039123403854081721702819552115219662026717528480840295322e-102
1.03607991233086636303868421826570201016840039333840585686893524535422861112077659838347921467632960527979585770112279750e-102
3.74170186670500124630908040664624873675556077996756956773091001939145921111429991967064857074490379325129587215595463699e-103
-1.19808504686876971465226180143953763314638746811789399687014566617399173993932513911582448829519722191872325556459136679e-103
-3.11871126877079861223138428829039152628163085260170501326016155575141651100505790811904802367526905281825223753664714122e-103
-2.69790620945261137464239757688851634725718871875751604221766533355271257062962437791351397939191364728544215920609718438e-103
-1.30467043706012072190398313075133393655219488594747070666912365213816068466723321904201311556248495062016879008980174182e-103
-4.25333016859038388799316739312516523703657551042860943247266722982194630870208207219498169537645967445636772720345097708e-105
6.01998240767739928287299583447760182490320003683038940581940515013771693874004417482475268047058613375379972460171401618e-104
6.59638849450231208003891917229790019469852136934145838234664820323002005700173680995947557707177375475480728221444384728e-104
4.01940006678093463722380382264265281355969023740752100599081674574600576975104880110362169636869330125239381206679643890e-104
1.00181830453204986166158352114852624479592094620823020426848559698126228514176428080973346791817815819407412930607785153e-104
-9.27187379167577645925530867841068470011385370662778879943449355945444294059745182571275021344997325134128497728825570610e-105
-1.48501738877901209395238421542611774786189633225522368077947371741348670866919522094969661094686336781807841420677449711e-104
-1.12453541975080492727176331822760905106520705156597002751867379777825101244641362176445088685791031430151917642850035650e-104
-4.64597093530808946750218395834555988153333745463337005144425586081223460449638975802230009235782362798419277289234826073e-105
6.09668352128449363752711785747138943927938569426183349229321020014020959900056404384672121728763659670910597712195157861e-106
2.95729050599489258568737232309002342909027783077266665556330591718900453014928729551390803561753544487431788648303444297e-105
2.86722330581124754171634043072562614618494363242807836304538112201346426924078394315281761815596068695484538315846000459e-105
1.60956881240382930188773312454878551487784459684563094589760945908293687053808020681601268275966756986961634564439117394e-105
3.06668581483909144187589612922026638321462788413318447666604385175273847452502191098338198621245824655744281364852528843e-106
-4.68678343717372154999424578383006679745239856267999047160137245311700275405453183637133658425578327567078449031533272648e-106
-6.56695309180003463275230142233219686874526926767786121812975365714566735224067162355933915724778776107780623022352812425e-106
-4.75237171002649483094523798746126890867299409560921014704020354754811257375057598830647823491339344361717166867503421931e-106
-1.86947754618904231171427123714077667115940586145790900110113573936140976568203055685488589316287810586432120992480613390e-106
3.38544297211308005133137498268376016793898568631050855055010149714703993971771788220572119390852810217494967105099041640e-107
1.29352183847058890951741303530708815919743218431948440073718107984664842265566917980752093952267113046142196098775935536e-106
1.23209929703006304777037412312921756470414546803151575709486723503187538083283124730384703520854309363683012639529622895e-106
6.93221578663906358198677124327896851118415126865376307134866861092490227756698904010860907468241838196366733113960057176e-107
1.40595060430599253584562275138596665590948610734408730107425550513597130375371000277674551752669506860179410992711561031e-107
-1.91290994330856275434969098001810591475753247897258673297978883530117114911968402693020757001182422704062205158632020500e-107
-2.77670187293047200404754043018131766358448779848968641010348581551429664541560812234153102397924261446519661038030110388e-107
-2.07193704337447244418251704594106662144949496142444845288696525113737972065316176147788841245277737387356845353049459883e-107
-8.78836278222819265152445483269550248012571151194079584162679654389732243635436006732314833828005580763538211110823765008e-108
6.99464168123422746562939650828796313892543383457708759854380473378818864361741576298205971245615942363675410958188039199e-109
5.12410204132440872546221208767989774267384256846508552946702417925357571538492066185621511565498343678709035767920009461e-108
5.25055106948539146898273533941446602998489999302413687857495900480288654356008081333440928057802903271173711289308531613e-108
3.19881494597673264800206844798933988947634606848430050945613505667505659222090000632435605611863953889777926852859728496e-108
8.95911168196997469875359490737496073391779732103171466013987780143470216058083259018098547941996027399600789922733883052e-109
-6.05745061411367716551454142939872600859165181978555597443261102837966271354871714611941611958822435772910783975981289983e-109
-1.10892312277794528338486406232101129511056514092690651303268045964777583365802434650515285898433556929247114146433687972e-108
-9.16762715422121858729451282987654747006021608954215992377423391261367988186448156581200486872521357108277528027653382602e-109
-4.57070292812471206017954649633905198733017322037336025429457835128995596953854083646647942524542949072701568403020835460e-109
-4.77731200193879049566303832031528931670194036343029655564747046851371722695615901201281752381548157194017034274650229679e-110
1.74236816598401723652568838357816045489824067582090867437400588873874704189849221686986429001959249695243814286442502852e-109
2.15716124979272149564297509506166918278897436162929188018951431823606886090690998063353011053699550082605072520011772455e-109
1.51468156514058784022788243379790884362666773872725453752940059499930442065360797201523805529468073122497580284457729104e-109
6.01695036165114586085646689845362673977919540001805806818164324165242508058421660480480726212315454869594290097838546389e-110
-8.68268416429460186305145719945543042042317065075475908244465682888950961754302794085270066921489581669694695496134733536e-111
-3.94671038596831071364788741366892258224150555073820146860459264702096994905891322926864486467943277967932669494341513434e-110
-3.93853301113603907024844574480301894750906009866500562266219424853413628313657664992356526404177918103650521327548498597e-110
-2.40551546566955027843815710950339556011748537366611421150052480507062388894273385713763243845034221014905626579519220656e-110
-7.13177793455383322093092917194126165648242719532870723572322065041896127889588531932968645306289661425764999472993393538e-111
4.02256493092322612264706482276431124706156183283142271629935511706041094014697284914219097263117048948700665566669890277e-111
8.00950637241080864773359889020075852670572726154848782593517960869348998576012064966288745062859405741018822926660203048e-111
6.91084512187673138417914050275958083711829291693895268789030434464981676031930058200016179213081003148653030850555410170e-111
3.71675606128348049051962141469346815926838743845031916114159390412540906207621302911741660743824649000746988465033793583e-111
7.10340581511749982736381317688071876865224193434518667019194334758492822438685935274481082007175141333571214170287640962e-112
-1.05289740239007289926576493167265439514869123675646316252825344654437723112024370183379139079499225944186544793724489900e-111
-1.52767452589401758210472338806856476162345579801405316934238240026477443161454328805372633249421062991328348986191520839e-111
-1.18373249655716416679908519420763886041222996421053083629800508101288750805119049996303969218393862139972372016893459664e-111