0.470660325622306249988894854790539608079506116594195624782908033193561053796277979224075160790102969397975831803123241244
0
0.265829483963697553489812059061924161966278414576152059707978818989001739449517828109067576048742657495671058673433784656
0
0.0979647640623088383513141129164416900069907698685231020593523033041728306896573387540270344955166834297649118926888141375
0
0.0301663408680135715353604342761292088398550747644388334108527964503024245303664608162765238040456496194785114213055705100
0
0.00847362261214384607897530436544905288767630028999140230216516567297604861653060361039554309465540172245216760671572893541
0
0.00226290122490174159659449007187890106727566789929166356063671398166005031118474643763953574180215304306873108364551745823
0
0.000587541107507989595436132081691526381037418945846947239841325721493670619071457391057825842860363423263238275471052232498
0
0.000150285255235975587362239223674121473968789695798177332282928593828239474523297875752840888511461654386774012397327491618
0
3.81827104413944737703698740317174905765859057400184734062622496163566890517874125955854531872731050105479331625898640342e-5
0
9.68714365817548396193361876409965889007592689715519776076021804868490473990898186062282319249129466527051252700918620723e-6
0
2.46282591318121446386091737480880301855884633674125526376428763075737440646104723697896312771850344135489021647239979342e-6
0
6.28945557198503363256085206862744807838560291012428855954924536452323825066910865983286408673598734118038649750664339912e-7
0
1.61597980582627012584452241015096220006980783436900760683361987793890847361464695930174201417615554569808572782143923267e-7
0
4.18195948979606083714175401241475654314460500243160487801621867126833189378009481297390951860145791262380194884624321859e-8
0
1.09085270649073441813029880116950201369557424881048531275853357435560488159438119330998481913471404110808812581032580911e-8
0
2.86949804648254668265297328419565902165845203969620115986846539817559667302187750019046101538578868190725888389921991224e-9
0
7.61432679369939203915237939462455183154665058924522333994112369045969119587269233312723341239225730801433313926180336702e-10
0
2.03853446632564462145881631029946602964513501958431851498811532739529453136076082485515083505947176059858676874486180474e-10
0
5.50679972133571254151416966230178067447686792507621513237380073635840251653102842330367942499568351313180780265229792721e-11
0
1.50099263261073065051948224759220082729410993675759481206336811974595534269894119976554175393803702478570301564989450005e-11
0
4.12797525655226782660774122889483987247603771312622584428783114547105970881593301629125332635327877022446259464782976689e-12
0
1.14535430482868029051410238969186716608844366390415907925317962859761870367145256805278808030258300609229843190859649791e-12
0
3.20582725971480833049756841498631016137464712901817327301162192220242965598338705713813839263943533633502072289114497510e-13
0
9.05071165989140273864036217810619202077853405982576100581854498561941200906765808943405307093740866005620470454756928066e-14
0
2.57695384114501118966849077784162026073563859149657971699956915185751808042103062170085181226679034843631658682964395356e-14
0
7.39855319917555392862186135529900131092172239481262314656179741316010175946468831397765821365869890244586916335856679640e-15
0
2.14158643793173089432579965108017470410999431785265271146632385851078613576726838213363930270568228699190880434479377545e-15
0
6.24890598387135809894701688560709015777360397952617319982709290145005182038222852543959093175791872260311753383158906006e-16
0
1.83773229473890687295870052205939745187121178859490333944515442625754650860770965323433367495137462723651105461038833172e-16
0
5.44628890116427744422220218411300542660679742505812400868505817478750263414603990214037692660379774795558325538026245222e-17
0
1.62626024841690183357407049980744372471333413888907363252711253601736594177810220531510810278411353271680900289675424049e-17
0
4.89194952910626386780313194082523037932435883302226737764389724548314423458037265214644747818139764156322011928066918163e-18
0
1.48220796809386033699844829435813254781552490704417860474353582981688934010062536943064004082840546174930763109631263946e-18
0
4.52278112952628676176536140169321610337030884778271733700870221634565033533694163383538899358364168676058880483040061323e-19
0
1.38965399161288264403410995551497696356981706711018489324105877874644730420863649059462384890990976434054703250359901376e-19
0
4.29882157737398256264885424897214566940687987218729974207955600163734286241366058690752335066528208038769080550279945056e-20
0
1.33866630990591310364308175975462082245791485052921329886093658733138018797846288750546566266549260010995251625976057856e-20
0
4.19580774705261976273786246167765925922777996309793554540667036486470872646996016823839015042471229730626126760702444894e-21
0
1.32349089038252578801577043043061032323471054029691062141965924838218351257820795070207019243357011581287448483885712587e-21
0
4.20079889524897849260504217280081262587780736131426451126525639859266584766995225267295011327417876823611370307546686459e-22
0
1.34150851812256099770481964401156907273349048549293963793139842756539198074382180285494021276290267283244757462066981942e-22
0
4.30975155419441058071056804077970755942113345261017778301683483295621893798592181983021473069436944673429426613443637002e-23
0
1.39269657648023599965866069582419138451702514771429528454345098314489366605559340383529081386781154343934088166070435157e-23
0
4.52643203083100206128101389224350715301199465274293936801084587645886663178265762424856074831524288258159133012406939435e-24
0
1.47945570117337772704055816634669341500388019381554061574207304475859984877867928152662198334412711712126237266714498522e-24
0
4.86235982477644644613609144255112819285470034733663576189712119069984550857643992061703850282278594830102993917223770113e-25
0
1.60673961079027838422272561859494577634529958359883798402232833626822249817813107800528214685482970350065103352974473465e-25
0
5.33768159689813765936112573053338782918530634238432454749009636451802911211541534985301594481153433278357162101999200754e-26
0
1.78248296900570938446731033918089838942672925438359265871116279212699868858183441063316688687905040589587739993711627732e-26
0
5.98303801761687263875916524319921119708611591090638841684962556899872550988522722022003506778737729699741355474361465832e-27
0
2.01837151443934990666276565423354973569702521348031085397522268515851610853256589128426310969791954552866180699055144755e-27
0
6.84264401029557209006121769840162297759386398018011773976383264354170782442435479823570264586014801126038470650571483486e-28
0
2.33105193909852708231758196908129202217812080651697697142357790240255360396371759638965963071364456880010595180657645608e-28
0
7.97898974975713029100501588568742446043822495063160105058893573985172174020551256961628304268405774377170058054384328413e-29
0
2.74394673980737852902376530737751255785554909858161401814244307317824748622692258530663935885276667648871175629692097895e-29
0
9.47982143654459376063160159799548168708265932932337652556120350872731917965407978325117884487041266717863151358851285351e-30
0
3.28993441003650953720233307240911305707406051949663756134340306803024979665156217580126603825449473988879642705918531374e-30
0
1.14684250772352401068245866744029966189333878671113571834202966345906216237137242713274866981165643580472741062355826861e-30
0
4.01529600394680823570469484562490504676787980307047542830776336552055430695103641303254016086396002800684269910130388649e-31
0
1.41187832844816111852149450973251919017771532365587988198153998459368925598199590963014106932757907380932230262653594386e-31
0
4.98554267371749437098343454561038507609089830111260098876909742620195396370387783196840212804889862492571402696702439039e-32
0
1.76780124288257834489160387433946353911483756909179665028935725925874565981009463240434278369620869228682987123688899678e-32
0
6.29406806372896800124819991847828333568624391056589911213330823183381147895326403681601580118388585575571306167768143601e-33
0
2.24997857793606863365542726900811713715213855422197538506620497804607704599141241617014359028185370800458166227160561986e-33
0
8.07508252855757189872833999643426739048817152564938436603887033691093589278375896935898610396945195819072371655887221555e-34
0
2.90944802536655547534564227222979279469897650158695911441277091267263642551096040856119624621071306502338776297219119979e-34
0
1.05230924852332105707317043032301420462085732584388555423305362453893890209721733416399900801910954230263626820694905869e-34
0
3.82049903210963728229386480181924241114380265916637787771983020104382787786147110722712804563552373254482053664634210033e-35
0
1.39224652276012144604849523144565845362377637802638726753036172775634888097857556772831758684560478985039877297973306874e-35
0
5.09222486819134038704169770858074604421132254883170160943004482708859599757890359092585017525942460340155821100656933366e-36
0
1.86926568593102181122368419848993501674882864043237308848642364110907538051673337589068581965259640969214850653940203841e-36
0
6.88626528725177951311304988781068667173180879884706353818209085289148790991803826361445136174748011054131585015444783287e-37
0
2.54579547338804336853096490905763872379853140438099044556804213495737163747048173939971109505199441888328304834747296172e-37
0
9.44427550072163447975980425460873019778345538729817364445614114675159711230486238068023469392905654979260983670438790671e-38
0
3.51558837490732143484627664817120839921640815429725402454161381314967548759365306036671249812970594396260156004292941845e-38
0
1.31307941201629745353904273059634180029681429382945691894906506999478113726152520956408695346695235167281603156072884756e-38
0
4.92070603427383529209750836897729140236371233952081646935222682483753361841072715332781792938493600273907948372926868598e-39
0
1.85006777074224432124998545780795190651645357470683476241827305098671468237267287186476444824562105107340511107069527125e-39
0
6.97834494673222114891454825685720882339508110151550411348000428543440978001928880275511619049935959032267334080262916989e-40
0
2.64060258332767217778435082809403233377407353336040926955606071684170274143231877145371360393121932922640910831595070194e-40
0
1.00235401820328567381558999370261822188070175322783662796466217532898603296365802082775939000451278713325538131606669178e-40
0
3.81670674449717264839198031352624058240126608741752544148822022648458777306266265195495776102400304138492411072184652771e-41
0
1.45776829678045514035017879480784521037620923383742279458318374605652545401727933019609839824319951728524123777481885497e-41
0
5.58474233042518660909989062324745121922751649653228830698090530490878344094799506013740248457073850320543303419395136810e-42
0
2.14593205936478254854084588991218518249086496700360665101001722933959719479955938808812537825001532763508896506652228260e-42
0
8.27009710784946228719062250947126079789509127615147716524355124493955874574177667991273423630096744659667225986745762922e-43
0
3.19647303473940812332712932165468844693219032207901130126372479219996189303867229953821782048799786126928294876097813186e-43
0
1.23902937562603201066112899592114600647422442726407870105003703956481779142786090832438199863003628292885143451744801752e-43
0
4.81644876555435061660207724134814186894368114663811212025908801022698149215815514094856822638373115078352557356646480772e-44
0
1.87755236357600093308420720639860636040549531200246563107083028774006839836599314831190295405378052011288145364341076084e-44
0
7.33942851974524456091240532115994101073145674332689022160641738468187262699335004541008854248884745629108420264250963612e-45
0
2.87688906447944943183219557933859105878515432775748250697773209218360141146136960702556468492231918327406519880695653734e-45
0
1.13073432314234338303327197996982699092107015335792007115229355336505823797082229235923898206702076264856682773597145135e-45
0
4.45616045168943940059427868935258968353584595028017669604950682171498607266803126627355051045396134268529723713712939561e-46
0
1.76080119909581075456595257417085797300268113933077254135062425906127386640975628639117035101990551948032013270715123035e-46
0
6.97582921673342436848864753502681010487894162003186301869669930568374638713038069444332100737904381528746108481624156940e-47
0
2.77079487733081808925410650681186844722213402392917368529577022798512947166020480846530637435900440873222413616079992432e-47
0
1.10337516681861740827983807898301833728049593345411148645374495724020437291547091832868092581220524742616065965130176606e-47
0
4.40493848800686589606176393058782417911396699255782709711890821146595988512931459981794975850261558789129718187204246789e-48
0
1.76295841846522179690547440921772770330638999563045998936928969415026093059883582436030288430791383833157768788666971604e-48
0
7.07323144468348878877707803689437552747161783504262339228497344462034038848621819042496326303381083382046222544284978887e-49