0.427837462003936632556418698892252259865298003635983560198115865535220946848378461298424226178077726159694439982167545182
0
1.71919879654329743014307136546446230339195811131058938006226064337184283097559451255193111795573749897390338289357319916
0
3.67724587020797022483938734229626450492583483343189206223705059422783324804042287693867235227881188718406687088463319363
0
5.58100664706460825038905534507235128271058217403238347857819162773128996813839318447965082935947537950611665487863016560
0
6.75404517436588094856593542710747677673238790851643900641964691026152931477576970821462119304419570424194509884916056515
0
6.94110346967763456829013332926554974999797857174267189195573070037517197185625920845837267072978096236443276469903225041
0
6.29895003492341596145641242061179527077094792587369617187032262421243218951005273567611790820400114116495399265577891829
0
5.18223718932029338751290051998351147094512980501997326473923718850979483818782895904421440166023708138952434181286479051
0
3.93848302809312608227486307459010461902777194977582925847641965919216605665643082280779671247403535953899086510579865935
0
2.80386401279811962062604154074284432787347157147082918546763662702170503966168956456091505643134136122785657844594333300
0
1.88988897112226266038018506465512395203827499375873022687411941369874454974527298983867447606369602324033003591554427839
0
1.21619358906383748304978960414147398101767521504645004465260745556856120653533768729619838436075589242958240512931737113
0
0.752253597921934420639225590974657783747933832895588603163728327287352745380901217367255045382777978666104504163567388177
0
0.449660731080106412758293048635682934119111114586010087630805846478422658454939622525036632105982835945417788937737562172
0
0.260923274222842762353929978335683630887196246274397689571074955720369870282278501225956098537692445296642440607948151201
0
0.147527147396393209597536340895021369269934915020684456587414983094194914023169262877046465936037012221965347266806523540
0
0.0815323740334193640334662673375956343287960959833252016624073131922650363723148148191268043935769057705517776389698575941
0
0.0441620602262334141486509882934634206356514717004054440571707447954771221217779667503739995159234322368084371038824350906
0
0.0234976653794428186586259313028835625551939967314684432838001727164786756205441223378582950465718579459303858197849210143
0
0.0123059240945020656613967009896500961704419332498498147496720811508866718797692562395927170503271992675509329540122686154
0
0.00635422035226862580159764555673222169181699124886983111130456926419723123734069932057893954368069965822559217431735467978
0
0.00323980083875260526994118945973793461207678627772771311651678089541421079455579517696486561960618523320744799405336928310
0
0.00163324717212562580986335365058525365995946192105627673878545705630405986462948106927671084011444989805594016451332105801
0
0.000815013607381986079836770323920983456078552093635769558759876777973517760105998651116251826258522741728293514845889507565
0
0.000402996338007498964724498238386356536992730557260941439053648114423018199779954408547817165395555772812226982978247868463
0
0.000197630945630433062588044311379258233412559548955459433291768801121444413787823883360840613285494323089710777866664140810
0
9.62006236608064234604010245836997667630675394237888803859450090372306837855214648240593093523163892312756971445343130616e-5
0
4.65140606556811154749610894333447129644497590036732812275051438058609992356355855277461478789189810764388733165082079786e-5
0
2.23540405103835021830037770796636591639556716879563526120094264009973020312068533990256067237465183560712046011382905136e-5
0
1.06843203680645561251342348501221483983412277670027364181659057424791599278770118700476933653915031193625997507836321328e-5
0
5.08142685067621757257860410085806817018310070123493871864546948826586588855560324475431669542760114102518720386277995206e-6
0
2.40590939274621361178578711478657038093034995849239119743741309147234653749781368570303366268462747701212809321378394540e-6
0
1.13452793063418232245405770204056927757120209815967942410008828492421601114156029272038000723015517275870879761387424456e-6
0
5.33044875071720342324295535636110229062031205197892825608847001479380473408107639016723487825107569302405795156549327549e-7
0
2.49620367320087788404658214837728114228773307549683244895751349885648637623233745351443174030336631893132124750203047675e-7
0
1.16548119955650368919984007927910255635002944175494523300761249257080598638162685532960027369494275058751117697906787909e-7
0
5.42711026578949865298739948720251773470450360277064579939812747366275098374297880387152901624337319107748849155464643388e-8
0
2.52108954117443213175167950581661298139092816869221063091033160972510998121177228289807458358191381966066500802278940229e-8
0
1.16861755851174757790001736956314260368992722389584700558033360332529440583402513424949345864109010144642078563675232342e-8
0
5.40655235154116186095004356593359752348460466231287516205138184746609026454046064312806245162073657820404169330429282389e-9
0
2.49702908475865919269053729291200539383148874597142146074702225719366840448858131427963935392497767113595077617006007328e-9
0
1.15150546787169923631844796996832223504995556155069224114875808825222717039584568535009265071678041713752942222431552145e-9
0
5.30304179234429562948260855651373941139599094972462090495126311311581946268119078047949016899219433255345720957646660353e-10
0
2.43933899847755023428445056830610172233643500357639019367736413386764415154179387898424079773060202814454933041686532606e-10
0
1.12091656881046181794337004808497730979028671650085126540102206608179888267832799372562139330464775471382199011133153861e-10
0
5.14623257831541089709983233729892390371911422533949775585105835484146413508479073695551912478467675363031353846097863950e-11
0
2.36089645023644451233269287502630860880789017668871067396440884642859253481729578439275995178462806595812792104886117471e-11
0
1.08240085708694222064888144116147771129940298822320185284704124159733547634633279403746437418868593257978473826898425971e-11
0
4.95988272273903921402038865140286247910889009884085969543869804283452728159539593979639425795872091453493939643613208074e-12
0
2.27180844613315497301577362496455255024897421016253124947545104115878777314717551218534688739761288124276384835928378813e-12
0
1.04023328434669039361891914083616324297333451371481659528881298769631215931820145796505445038792169445479379030637846405e-12
0
4.76197670218525449511450830603190803034040610934494655725919357102956833561710088631225633747877366896295514735444380750e-13
0
2.17960248677361130152294627487474619028664743956367564347118709827734563433887710419620473138752516960922935283025017916e-13
0
9.97549232911537623236033421524659911655175590559037465712479724173769496862276594696674381362554122955893359207718108645e-14
0
4.56551300817087816209048297356206067705154407722760003754575026123937891035431329751830880585022989964044732543014680929e-14
0
2.08964287237087532490622410351801785748461451474111608636740766389784834752955988009156747290718340754608514541512417715e-14
0
9.56552580021794208864396309257817095542504914999138778720510695975001347979877537616757482465404863513414657784243264535e-15
0
4.37950603586101790798339596846426756462315519201205854747158279205702643755359327186006366067749033802376930964557806133e-15
0
2.00560046476815510486840142813519536207124511018901455469914107907334426012529833487831875424876209987510917152613926778e-15
0
9.18731585777159357042155893197890039732005919785846388520788516080971147187792966805808890366099820440120329410111233328e-16
0
4.20996281214328216197527060353464180101291850849629618086796999965903104012942263269055314525879645260815324824918071072e-16
0
1.92988905383677248332600781374053200717417897219133473654677481308122725816418080394288908519961675135072170063194382542e-16
0
8.85051842012188716189261124207399146276496937796444296089404775034650047375148469966835113673768835667863381493220926110e-17
0
4.06072884243116877114988964525349676131379744146795859283017298535048313331985828925392115943663139423449690327434445882e-17
0
1.86403347222044333772147718092273081258424534717571349890343995593339724194309770366877667137908693228496222364988849106e-17
0
8.56115488202743394823408215807453475129551409056772410989438615252215056481262533220302278205862450228403145443487279380e-18
0
3.93417310907543754241973891590387504096764568257917046002854387877387707856511100222006078704613944466018244977269133605e-18
0
1.80896296944820944462442814473380066448281414631484030174422745222816875614763020836789702799670774440479061732085144293e-18
0
8.32286372783289024531404122900762779126814585876756799511847184216131925393711071137577249228042420790160599895048195833e-19
0
3.83172029242651026029347543059393534135154194777051635204044025510863069484442812352237985871502698851636767922616969498e-19
0
1.76523690892501820729228367181916007801503533105238983055205798460532430017242242701912360383447151975156813724472778880e-19
0
8.13785552120859025422499708822423598099524305266429310096279459030760231661956281428241761847242432357521470321380318311e-20
0
3.75425417010008415566597379323430718283683332687161125828461070637684368730168090198224666227667548459350515176708996298e-20
0
1.73321496921590086425415653165244788987669845586055209961741381793481635400794205114295873308083409359269818858169112416e-20
0
8.00763056690779489095635311944231406704256673019272572024830802171027307364177303298382902833730996725801188110062917418e-21
0
3.70242021075601804307633855825719590197265354775741397122843206107554452123137152488521678759230800941663053311399080230e-21
0
1.71318480527605945444312257413687661497556261709972625618412334307881193534000008553575749398794096785289512472856610440e-21
0
7.93351819664040592867004294910888752922320962688190324327556847980659357137733337686837113132534514939708136981444498717e-22
0
3.67685385654105858968913786906056785446664729856332158672893867462659864487774900868470794848068637458019269116236571181e-22
0
1.70545896194053627716655074778755326403587663518397784583658236819315611980857610119978948476423650624640825833842685366e-22
0
7.91708976985578016303615847799448297850119392031402472300353996088525478849230625280808674142573839417117115660217972891e-23
0
3.67835736982006464080673684452563957295169848321330346858091342440647873614886690384438849151423846589743036294580078183e-23
0
1.71045104094991652361054133411304228737592573857064837842468897229547248534573849049246860367776652916457027933856376119e-23
0
7.96048897600515104803201164449518738512901348106598958762977002041110383846767527953314848461395915868402607481661795779e-24
0
3.70804420082782283788047709135718913360586857745033940129694143126975077094923564539633104453282741265195147274311340376e-24
0
1.72873935813946353317368799111694645131635919510156515056640139207305979793384715938988775664333219745215235246004406040e-24
0
8.06671522915487806827888444550039868109932324399653733765233515240769143844269101368148213214633312100608399713268046771e-25
0
3.76746644594857674442482970599280151957594909587656868252706601642051441463268728899867653270689655654509516668812588394e-25
0
1.76112487854264002474020319697376067610970087757774424447804742243651385665081435580565674481029765523210282141957192583e-25
0
8.23988984173533507073144159939138085106868833784288642082586397378285332984402395655580560972797680269013170392532740536e-26
0
3.85873843568910795365787583018378705601975518035997411813465519465004703151516153815623588388715725723600078194093070111e-26
0
1.80868918676013438825653950683337669454854580632352006473408152107187468563437043358885880111475433405932324654129615933e-26
0
8.48553055858935573092794109427831204953161429514220635468090567900462483928226432763139671985184038244113531199578793521e-27
0
3.98466790048182694366230298186382545061194366810297927590850300526016169753130522357969070733839142368838290642347188434e-27
0
1.87285765690684851665166134744269055101579875090912377175077706377540215827498493376682961239845728624200009562672034657e-27
0
8.81085794948661098185397003180508551530171446703175382165604786868290341605452940139422646292553347533912576098957413148e-28
0
4.14890550377585748388280178717645339893844476920611681498991914451169287866223924108871974164645023654936889178793076384e-28
0
1.95547282271152439940432234459644257247880637713247654915922522680320794039087954602967052482864318116199513542857089530e-28
0
9.22515705448401704806678571045932668711598419600824279790021063308464569628887019824578415426192864147393666924088678106e-29
0
4.35612378830333426746502775129165714121602612237359696424824349652019264138086977254485018642183988278732364733614640914e-29
0
2.05888320954388307210228095966845354976563114782460701355523034242884442444400233404578433701396166381588445847203691913e-29