0.367752675006536949356870536032442380546798100390210603235458450663545054513490078745013588968061753512293396749719485014
0
5.95521824245087816250185584381218274136022318648373464860697842816511176847272895455659264376244570695534507996156970087
0
48.8959048896743067495741657799096880282513591169718756155263026244143219972955450597769062885543268060649884511790608740
0
271.885557765885027656872001682083763689792095718296201048717165085520755342334011981168233535476766985593549182874056043
0
1153.26779439544226664419854071790644781610778906319381117024382308941101285694661207313964141113149217333776149001931357
0
3983.96374541494808534314188966659043301460481801034579796657077839523712639696322574595221078699215506074442959307134803
0
11682.6363799653054603509227088024854106648473676834974506205369856760748199967550477700479993683256316126447572608990489
0
29924.6814547098566525066968855055871714157261455916973791813296607437396828903645950907353027779213520671106046697919044
0
68369.6690695499554033341660537447458624705075192844759823740208359500440863705265685003346316083643331005412962686835340
0
141567.225304312848627839412469132012673123764699507424400391820194772079799998014291179274351706783837127420072170773262
0
269009.080216255063070454492964095344010280695652852073166083386641814109556992658726515875503895720260021247366024540050
0
473868.179209256919794079460069669330149054131759000987111510816710089038208496397539125296180675874246079751687478985713
0
780249.024392908492486650262430261931663618789305317122466149873218047495471912769826763640720884471571010426882007715173
0
1209198.53914883040271728051104032826400736100934611186379639100208876593539594144733851794921383102467561858048397305691
0
1774154.55739020884926898748806146256830175745553908648834739164217917247698522707369181611266461876805441054168821341939
0
2476786.52759174553392197829510812344716477858755514778757162738776968484844451274856081356198206694627659365678060873177
0
3304206.23781360512311675934386838874935371406039362741292363313487543227752447996979854121882235707576484336464420893555
0
4228279.64031603397692070399324470324926782162229472899874671799552983615269929233850548337594356977059929113352310362146
0
5207327.79391174061325656857836075854692295214607389325036103478281855907139690279264361293581402106716270511336910177635
0
6189995.77560320185116242594861349782900735741319692248349675249320509177322237742868058559848789803098322787383972269487
0
7120631.49870337609369503390307655937742133968188013794066626000257432461626156164014423376604342906763629264502781889703
0
7945254.49554027511699594240992630618111394132202223956203655759822209365968193760615694142640813680622609701213823343506
0
8617150.47674431682253355720320012633552561308604905282205386467178536765500856976875991457003312139984685976686077898835
0
9101281.86173777317426042444407380423060137402815331908621101185860790144648840732490663224016092282329649502647693762898
0
9376993.76096863438521183137861337609834805395003608390044201623285063365556786947393606906597832191750817341109367576577
0
9438836.19270641596188867349481672112317098717886761293787061601648344901379943766152789055036876954352278563436566474375
0
9295639.13316038136865015500324249083542577031870415313270689759706661264988331352917763289389712313842232265669817931728
0
8968212.15036327944938868031342248181400729931899045609484777461759694472687345724857975079710613972388127310935465423617
0
8486168.93234151435294135013118601906532234676170365350701004965786641233403129293523777165093337261702143719567246446716
0
7884400.36031288515942739002309173231037117916363409515473563874405147450979412301691968894765864602712435792611955717174
0
7199658.90971460486970297872581277842015422350393773249875775216939380664059826672818317118911420894578605862076351263334
0
6467602.99056472124989968651171846477774901635930858544890456463399366174866495989833158937948453581243189906640463636189
0
5720514.26162277960345537189073804914517852059922538683166105757641333856640343727661019545104489686260414675177855488111
0
4985770.53268792185957059724555002339666911596009415333999761361596886524021684263436652973357655359935308582038412040903
0
4285049.59755248389463344621398950914508671442886484324344178800896495299198319626626670047893043618580997025065311539775
0
3634164.12190101069350466261148309494752336508994028315763663597346951189911841602536867958352616331789562535725477059601
0
3043385.73296165114552415902620394719247010846032892153029595841880462521978074101220753032439764603868711160761460136540
0
2518103.50503981877875200009076958101046185260043791093149492616234693531401252998004879712524750737679621131594412522754
0
2059670.96433438170666684238924229201603862652177902199407273906214945169773869819250419019018832786585716680105031586758
0
1666318.59209062566409823011766789056079941630686508669395835836083396351580195975844271564222105592862311516571646696649
0
1334038.31846468751631688596565309272436926099644897428072194016139555915554685629211886897638521004667843091958908221693
0
1057376.93596183274070552285917782343561626327580607836708711462563992402466663052127762089683500948060195010656811311155
0
830102.814853500107020755986581313560193256754402740899235514954177990971877544869313539644674805118273223019332031513069
0
645732.597741336527745975553267604623924215623270328721926577686146003210696280282439270416779888729628160129999170471123
0
497920.917379909665769057198801813759681476757231745769656284704209887742584771926218346310870409035120503152902330949085
0
380726.849218617506787522818133877726117141644610549652362958414520761076476642713259288306870249724914578034845739724007
0
288776.605624544246218922421001216659735843914157623046626810667478419957382519067273447395354318975740843069999154612362
0
217343.999934768137537516703760170499642617082113425415330352979894524681704585044376386712096492423525260192507626965954
0
162369.583242132780724584223042880614683429641752800393912677883883074116389089650326955401953362646542384840656448338277
0
120437.093114595643819468039752759142003850493840373709568265192027049067613898303389454365378575215276183739851167538818
0
88722.7638250960072800480656923591759090242267253021410701923098005387139073006202891194297615112438239752443603274990975
0
64929.7287258505094158800447602992948363034781625353921343429322624097419873301899413213286618658937643169499752346035889
0
47216.5926758912904083673826282894556262883257068162155272605928627625886522002342900700600436021407244586110119314497644
0
34126.4941590127719429132992004352095323846854979942301999183520957305710516657609510823568419563690746847101076523981155
0
24520.7142632740615398551044330676243367947879858074693929636678183639324102733469638071262709442868771127502968032685655
0
17519.1366145095165461202944927651947317638831622891152979861110141965316391921394226508854165667360264354949045294197832
0
12448.5778868003925779684436154169048069299143923950179335071253411525593786306968491616292103852300969725190912059921985
0
8799.12346904309051874342539894988105827642238656764185140054839107557978989515992606516178690416766896063803561374793265
0
6188.03813492037644716879558870345324259131500227565298369656824612382019936820252372296966494035642739297734843749401475
0
4330.50004574438659761017563168644008213471858651881517285292383658396831596855657957002947184192161782520835572098289133
0
3016.25981071319967835951785161443530451653373455097981442263033323500791211401205320667243485288189352349468747220397878
0
2091.29816346689773886422548792631310600387484167456215729918900985605046368108557898655421283954233399345530817499158048
0
1443.60197731575779580985615682856173158129112879207699762733215051586028620767837141387562468893363220990669351339008722
0
992.266136176449321627451039522438713053361960583480023701371619411192994299075811846574331017441343611564795449039639146
0
679.235221158002596922979516753711275491970579272396999072497576121955195509834948517462764834588861765704564506799118087
0
463.108855752537383031404304472936124239903336269355528193090527171420395486802183549794805333687677827307322616901289712
0
314.538568364224710450568823807467552900210801818487412315865280866809243166389349832151352234755497832879866386278079856
0
212.837130726292773190236206741402566118210489418412311957590345322817783741548996028533809550483112377693952676048712753
0
143.501381080452125088733804598928675744135708873694931219089116682307562661172147960483091130383071120495370648501491576
0
96.4162837848289990004697034387134092859174569952891033638568057890433535735543158137545557296081852597417913668288310121
0
64.5622640966438895655885358073608566111204563912106522257448906089411810692372673342388152986573682540359804872858139650
0
43.0911131619847192376461440617119012934241029842652945289818339102151514769796556714248590983902946451581175067940232760
0
28.6696251073883231493644967058495207952753265588829467820579624407352387435174017112384060526031322916927802554757326543
0
19.0162415377632683697493844010695792142317037402981209854718206458344718268190158722863422434037496527942131524871786644
0
12.5758436224455182196306961882874864452133126768989811160700833477666953815968708333199562034606354012166903437450421185
0
8.29276188689711561278272347777561192967018316399049962241411788610767090704878992134251654234274990194697545284787913641
0
5.45317280576055002121011752626172825966836874125750326488642251405522731306552900604602664928658970841040532945901492486
0
3.57622049822998712922418243769882465380829035288092564819379421362521059442104768196783342704609066887013339590665534888
0
2.33915985132146509284421213843023734153258002482413630897664455098947075081377654844417540942102469798369207699416594709
0
1.52612617018018297620068887809913205152139004589640970747120812476893612278148173976319962630865418253002351135244231536
0
0.993228150427719324916813198897698672212846276980119471589144974133137189005180751594711003710829455786593773879547849185
0
0.644863192771731587873527134683883882151980901663569511184245213898698325612996344995255461137257653303997171000339640723
0
0.417712024415533624327709190068555708563432043045753377747262319202097844298036972422481878399741897895229948139811112469
0
0.269964678423449502438746138078654378653946376531065571748409870724422417413297274380144536741764916726932352720672709065
0
0.174094974417778595714631693034679968364771519218228951706386021521987567462807285819282668272558506296766932313871784588
0
0.112032133203312066412126082596930964483807926665618074078085066799513877661486836944271363684121019545377434451056786467
0
0.0719453755506172756056488778774040116152262813066227300506767030234930576751496383327703198080351886863444812746063330008
0
0.0461097745380756253731302615861191778162774760160110021061718019978995761604040424584113719851387336842191469630383876685
0
0.0294942949498240838585847646150781252660644652458136506670920207567362072390989966472050051425156424801457752472736417067
0
0.0188305146775446709434863821026420283306092046022644295832389221759233117885659403609235687376374713441105956950019479628
0
0.0120002133737426886219595293071822217960852689160675387625683181133362934695591439827671140764688154957655016326510804055
0
0.00763380478967420264110696885741970767244142478044952295938106768615855072342744957655130831077768309505766491976185855109
0
0.00484775212938622909332409135874342424928988017476768958111536741678189278426374375561465251724581317765897266396006831518
0
0.00307332371367858933484036138344744898291289331904477952432721386566547048835089187887426074500795454665017022206773200477
0
0.00194520489699300831460723374183591830381327874460341860220091480231471962139852435096949519105156021730893661890408775788
0
0.00122922533746182017059733431450225898035691803140560274880446971425562607972543147031062064520818048056256079832654528166
0
0.000775579089659116381471431793497209883076256146838534141578976619708112677517594613250433139927869990512703487265891516982
0
0.000488616196756099464495271416118273588749152694307049912667987972993249580884272829072306520385759782311534740642653257188
0
0.000307379552198240472679428748757415210442543181600835727688437233203805105337142872856540249925652921426792108446699041669
0
0.000193092342803664727094109865443101492823774428515694015072438029626573292032661925995258571187149633319314753669097197321
0
0.000121130965790760608313156000855348226182377503490620819922146259366966722700272462988146405402985195386769701152398932368
0
7.58860473857129011968039052114565561499308496469189846121221596183748976416756289988099381752593862360936500852245423160e-5
0
4.74789814136105918095420244835253298549257008324170418523976339273373556129455914232531619886116299557091753192002325742e-5
0
2.96680615170575572535652660800896283319725087480318539948940756407939729262079098320407603996517020103372569075457291340e-5
0
1.85157120327980480697122518564154687959277432031575541381777796319077458493619161181224126761444992462397084622317621178e-5
0
1.15417017125342280763697923803634999872544960238430983842527940518103835337417376438855108610304703970365633778313500197e-5
0
7.18607496268364682812772473054859501396657586808316679788241860712882616012560178159750273374595714300178451266617742612e-6
0
4.46909912536553315175551077090696392863656289824368439534044487825829869080426636485333883913607891253997701803419256886e-6
0
2.77631066619141501436723029428446212823996260670680844886750304033401814275179788910758948169463825364009932688777778188e-6
0
1.72285634745322573406134397664660252344856701636296735635116601212918053904142292410345500668137403320769450596232593874e-6
0
1.06801103068515309136690556810352450189832234535521914105078785713533187284283880591673884261182766467918056269284940232e-6
0
6.61394307406893964198374403978103344620502218612811083441175762706991388679701856929006882501759764600518989635096341875e-7
0
4.09180798543402302975440042822576512001045206444301648358633597924874627453387924871894929644667374364511851057756947001e-7
0
2.52901741766252912426991400621795081936105999619379523190754972196985122296861797623414318747325906400713139565069938451e-7
0
1.56164228543527069706531877874084888941265682781732691154760499492097894917757333464449511266308831034249069663350929059e-7
0
9.63419734214722143843112443617458606834944050999072869676109256094380235946370048171347242908574745867451204696933553781e-8
0
5.93833272790155036985798411465183620549346716063381018259914152873375657737238785220514107927581397222489879476790120752e-8
0
3.65711833778788716628993063470540115531596422962704871649229553799569277768487825875199839087643704013086136088139514883e-8
0
2.25034549129682067422996278709561532232600366033500740900171612938075270939920934855755146163160793708664455203284076409e-8
0
1.38358236863916194686785172091104172124678767147967204592203365344445961011931387756460769584868986696877644565724221683e-8
0
8.49994552924566791452737547980429641961003214524070720639492429551483731111141732991166557791972419310606051909519555289e-9
0
5.21785477253466843807420972800287618804135490961366050438642266455904994592952861234998549457478352556612696409332266506e-9
0
3.20067608120080945489317568673849760809415614127198990648268739950921226931749011350050603221518647066235837428661616504e-9
0
1.96188834412055512729099989231027232366133674483625291911183870420126340762611155077963185861140345347836161031596560605e-9
0
1.20170641036815284870713566238968766941926383360223108685868460298702643370280245318947167492364563010833094727533311097e-9
0
7.35567405307719918174817929530626639999938483185724279684653080432218161748277611043199812994100898245262618960590742325e-10
0
4.49940250245375520622228745747176790091526745154184707148645291181957557682130930864528772753550190891522744261082591010e-10
0
2.75044863267955593799712005107074653769116746850838396466129353660612914674641884742120835035226427890626443510069947590e-10
0
1.68025967666194005717846864698911455065827578449067711239299032039356242822607079658155256385414214529639568160029056496e-10
0
1.02584347031442523621118246823602551505735594086924280469729663745762279705205142652409110604686006514549875720351245804e-10
0
6.25929009276062647476305893730868996387917584682709297488859749612285045768871187447487426234838877738565889477417134604e-11
0
3.81694256946721968203985969447428802466683537683617973874591387967213270211935102549511578764366029958975587387924127829e-11
0
2.32626845644940577026148778923037405325611527936515116275811910913745342357939138771892494872590921474910567995879216918e-11
0
1.41698293649996125917416729489118505437340760656366677560774594956600248350432108110789033001090967848568669934182914937e-11
0
8.62654205192439369718689695399762804864656936324422312313198920127866397882890399256783682226749075533388403530236901300e-12
0
5.24907513767225277444266856685311845228491474533290121287274577930367919911454688062309565567206176506620734016984688223e-12
0
3.19234034075267368088802039775601331507003087886818404627958642749639074560198971228061096409931215263409952028378385597e-12
0
1.94053824495256142352007856563203419574300469464092118857659273481867635748176412737201485300241657930518007461907826045e-12
0
1.17903846387396312664706951446962313489765805928387707576499601176532252340090659436084548698289123779723267999775685188e-12
0
7.16032051903382151358227489943882132629588896322521127241571448800231239731383724807363867900902524058028653543860050444e-13
0
4.34651827657034092088001980296923175914767241124756613347619332535550396872584742943768834199047272428075519077493975477e-13
0
2.63730774643774722862953009377050863286588889051781079928399886067190178071954507454606957668551475602516464551374646880e-13
0
1.59954302377733488279569092298309160767720037354653036481519430186732668252851762901812526562281078300722793729933949744e-13
0
9.69733253787964289512070153237587360796456802365058427955288551344784118610598850595954472952018946070199697237663325904e-14
0
5.87672275725308750304185108901046861348394784904587958533835350761987142785955461328432660528076860918582436425667905589e-14
0
3.55999878737465673825578291374003399081919741408511446252202071661572544728778584197765869392283246990262159106347063013e-14
0
2.15576438138999975008715880537264088349244403948176029025209203034378582591215108436353589208878289059737884871966511572e-14
0
1.30495180850071586600795089615513205478493126330875226355716230298992925810798509031700726251155358518279467830354961765e-14
0
7.89649248253073031226328749483698058360600643047876648024037697995915823390263515843460459042762955962663374595054975831e-15
0
4.77667035583350547270981344651514130418682444017510670369074563333479741967286742281167203997974865864081043973941950041e-15
0
2.88849900181567210245053820346322115695403795896845084732585615391223409981638733654177403440062868893611551574385780446e-15