0.497063662088731085970178966519189336494531224465310555870187259430101885636982802471692125729029710041640398978798224468
0
5.73359975760157270727943475838387524130718494078042791556702366538299454020783465216996211937461075564186930027792384765e-5
0
8.98716778927699536300814927272706301723337611561456514241313670287286064310520841685850786278338322215598015190573333984e-7
0
2.86651634746717513563758735405927150473891620466913192733264010876195141167788272414824100753256807128285158569327109195e-8
0
1.33931905535877279504418583736167580146323636730308840575787157383058277848316664506868678897079888682482066551419228321e-9
0
8.07340818536985914980614527535916517812364169682373454088860712885383589825621291249098284897900391340181366584408773200e-11
0
6.00952084285718561021229778602590301672228179813619563414317624335318243297349412538339581030173552923431799190434972986e-12
0
6.46633786965797922998914303186407222799503586462689506591725002677786243903088449720806461233861144175083350960249446373e-13
0
1.86365967205990897830142801668063846773603512034829093691224476920443416468882257320440018862004493633980044344712656376e-13
0
1.30135815063678586707421499063685167131780794391340992290651172327261816006075944674203686244856441302252381721576314999e-13
0
1.13653051647999903849085971949665929981008950735845335312608330653971624351707018228533237086303987884344093892487534430e-13
0
1.03104477494647198728949021485287122672049212082811065139846210304922001107179602304423641206776933276550666244117749066e-13
0
9.46301812475866309884963329924033712006335270127171144752392844856675062756481481830079071374418015677150150706926925952e-14
0
8.74871960096993120497003795669175645627445036795636270744914150409056863701916147303195756273610996477258185480370444515e-14
0
8.13599462014238241853995422595360942094218760748058248566520051890358146913332477139569888416288830049784759638894414907e-14
0
7.60424715911355560248201065513133902248248758711491771439560528251121895173225097886973690658241891413302505216751623568e-14
0
7.13833490742539406945875585189475086488475535104160953568966465086729216588093370441305004774291800667817025006840333871e-14
0
6.72670590641795654446312940155437744528314919711652721863719678840553176030532690428034245763675624193032356292631557430e-14
0
6.36036945582278290619341054040837537045723657238340649104841319777162110473584841025433495587685007118138232073770817169e-14
0
6.03221962138586303921501388524711715185920368397415949184748121734375900274009158104431473548225158879018740084406253854e-14
0
5.73656506915459254544486188222792565665652534963324333667288102761485531869969443919309737144263597987446572361391721311e-14
0
5.46879340478230943288261128040593509735015911470972644965718590004342115455307011830226280478350487233647817678085181205e-14
0
5.22512686324443737035021914392806411736231475582435581983161190543363463731134030787371962837321742403189791077562466854e-14
0
5.00244154834494481858846785570140120493821552163573713300656882747348829033728879365655629317875992193220635950824711387e-14
0
4.79813172419090395330317102533254036974832768109969754354534192543847746729742485725848802484280002903376552091125356770e-14
0
4.61000657554850888502011810868979607029963275894324736661226790386024928512099095253817029870957022916658812330964426341e-14
0
4.43621071830081653054132624725520797818101004064094077008097086007946744078923842263877733860270896432364632444851538415e-14
0
4.27516231887831287451460414396904624023516599948595837732172141527393407693937319042713816973060193365203121446898584873e-14
0
4.12550443213917627111310377532991950114033646876106452784155622415942632575843712742405398402613107149557708495914942620e-14
0
3.98606637556160195767529778947526860942387112702196657444846254485098940655847510431901040483402883554445425786192120052e-14
0
3.85583280421388864671538444547783225303272114184414632319703188627641817401771418375249376081299442440899382514857880349e-14
0
3.73391875228507446671284283373794816905816642587289556210161769189981444437599651295955693204252173306166902061480558687e-14
0
3.61954933950240933548800520005874743613328705470976865976271086264316223465125477529845198686553796210925243120201409206e-14
0
3.51204315558174238839360178043252769011722974665857310409080417721039030967793050068529165549332352712657797943347051850e-14
0
3.41079856751395401828899909831692146169648998874085218529038650218332804429915363907032250809051654693254136540837574725e-14
0
3.31528236670184006066294377823423105637546009103932863281747951186319885384953126377253087916740489057272723108845396472e-14
0
3.22502030220954439966743896955283944805034437642800820765830558916068482733591361268372408707672178960406559684591914496e-14
0
3.13958914426099480325854411201527519162219422920415660492772953247748674036816739223681633375269358681520772444788423642e-14
0
3.05860999686562747841925309186219129776928277139354912138327680334001401827852303690412201253512435190771626933398165308e-14
0
2.98174263597936389777599633684448025994974710474841255047821921250656816801872150609706773129954881351393871020876855656e-14
0
2.90868069422134017918984016404649756541855600845969780410461958861096863292020023130601556714876011797831269191351622763e-14
0
2.83914754800691881437264372716617266314198796022002916223356666872450101831664881640445769526566806806209841360096554617e-14
0
2.77289279034746578965506799852836442326732196173120257121811718078204311195992404605974922076122121151987033073307309853e-14
0
2.70968919423657952277599535280871864589162403420611455531040077813325493396623784051469617919984986557591691545122640096e-14
0
2.64933008878863953098100949133994250038116310068329591547505504846942939545956772480249809817371585604035050820689172151e-14
0
2.59162708409974682971769672555787418725978771063048070965453420438914871244989212842067519450954938311792136631914212049e-14
0
2.53640809191020081925588221762176490272722539231960177883130610209426063731147399930601909127519217442225249083323797481e-14
0
2.48351559813394906390584564883849419322445867536900131400357797630388859876386776206871288883487133900561734685757821028e-14
0
2.43280515062536740369741132525216746657639600978264023291910649162618911938167644303878639121130710833658138145045938756e-14
0
2.38414403151976598270098124790668515722229813045935327691135522607177989148894296035870448053969692326857056977928755996e-14
0
2.33741008837844141919627828407019345214493173827003008076008700545996891469958333046100949433437759407057775540980180884e-14
0
2.29249070240162832651564233992526583154885854874339583863602812703650906115000363636192388479993715236268595911529759667e-14
0
2.24928187530877845735281769632035570953824545092714511444258157411393259264369255238954138566737573624896062982244304668e-14
0
2.20768741925637031192775264715900312979554009416380038283822777272491384224888750706527117642643570897866770736646614303e-14
0
2.16761823647341224627565831788200832588336257122328112950088004456505360832546513192726400223155105754978979603107467957e-14
0
2.12899167722757282415936485283291492402827485841676220212949248500037143690817359268292235428855576706484371955260776193e-14
0
2.09173096635768025626590724818889591013157974871504227967811961654003944313014754584056082940696033862135310812709071660e-14
0
2.05576468997545392233555513290312915226324249390571979952577804458642568903518734370207297284054521167378323314858989047e-14
0
2.02102633509476495434520191672343915178792797143456748415696679628840375541018691675124964116869354834363018854146121837e-14
0
1.98745387592628028414937786417377841494041306576095595148115774219181994492240137244962612744134812822104505886382674963e-14
0
1.95498940140828212108435193834422386116512391348361804705819600841429113023599986770767609840718733931257936234422539771e-14
0
1.92357877925476255800577598935386276168439658827700035377988040808890369807317527978632633745561405710610341796308556059e-14
0
1.89317135240931202359519577766209633903077744810152881855880604970339402051108801271034822828528804031938253345440840572e-14
0
1.86371966431415083830653003598816262037354442206675293347020083863618182882142160647005906667674642333422329331404365276e-14
0
1.83517920985139868623789739176160756994441244918821562296306552284957953681841500575375152298310716993973767261875174635e-14
0
1.80750820919955964442259385930353461733936993237321361715370497146178206420959290478542672645542929142549784743039200366e-14
0
1.78066740218157564918369865445999899929461908445396067888573496737810544924680884620477680658907877574834748449052488818e-14
0
1.75461986096949081588149179968846606481816613840757427598117338852681077195432277284851453027355551077625910177555433806e-14
0
1.72933081926133165074520454438144852583631931753839368653615799161152335078142103957461691108822619748301056660714501186e-14
0
1.70476751626375890680368032295616679332366659000084993035984651741860213484532053787648994035477329460122242820058012240e-14
0
1.68089905400403551285485360048337604192833802413179788859636360855047240527783259575904254901323459333779725935641917508e-14
0
1.65769626666081237163876033826380980093570288692484160245873213391127664577385799495457235935832106808487008007209083884e-14
0
1.63513160074849112827019993289710377035632071519037608780666253316767797344427546293368581658928112695668287033120942792e-14
0
1.61317900511731040795463522260669084287529647688339080308141664732147829666149460614024728694196026162873415027270453647e-14
0
-7.93817429665605170303848501767596164650352439638695205726720576906425943920767724044084166874538918913303706012958843847e-19
0
-7.83444185773830459798395532108229568493174831200031387642251385802646514096854705135294211517241478927121135506965668231e-19
0
-7.73341210140871936359961182585957829960862537165973530558944220996091859135344618944460765439758697201832563232057998166e-19
0
-7.63498042345915504929455376004468324898622646448498512117304561966923007539034741855557254196792823440815967588153995708e-19
0
-7.53904755752602059505904294095637590221363365690769908069278224948892617436812975114231792282073483164679984869628147470e-19
0
-7.44551923858165090355234166501375158805772389200141336424525753677482517321091242546077612913648538652141631428562025810e-19
0
-7.35430589158131042053580230249875474001487673815343070720418813342433692557838362023461770006323571160052951163464484461e-19
0
-7.26532234309795510614317442594397995198963578738958531964738256656062794306571932513853673030358243748114189582540028378e-19
0
-7.17848755398786759240567997091557462440316282451770490343169095632833862561077115393800865938996912389616214234268803080e-19
0
-7.09372437131843588223449311242994020385606106884625928553386493687203236775932730285305003733787551166465700448745453790e-19
0
-7.01095929795738554454144042916698141948370519539621788709930172983145843570373923968297545377139060933136095869375407835e-19
0
-6.93012227837306099346136455934485532835163341258800818446688241726352183234143754318798074861193054545014241023593318229e-19
0
-6.85114649932994351642600542741042771815802706859613347813654284408212900247195214305756558987722613275454671316666456607e-19
0
-6.77396820428429259241953901753624310999059133790455680913174486356684575087087521904895409211045922082573629296729237350e-19
0
-6.69852652039317842581776261149794197047462785571889559647855441689388120612917351317615658925171017420223411643443408110e-19
0
-6.62476329714761881286207657603396522356738288528948463381380984338743304998186070489145380133696311748280553675762903872e-19
0
-6.55262295572825522882628318551141256606413162423702051272649883678260776619476501601881846222429045329625472606226897010e-19
0
-6.48205234826106780551316020518106028795038007007274176441865278388388176775425524682060655306752038732577393160908411827e-19
0
-6.41300062622197580867868502222981402242223546191458323586989396369590579697054291391721834438190680502578414204375693661e-19
0
-6.34541911730362758493696048601107045169032201452210045319167881673670358750401185259479400804166881458924322082755269188e-19
0
-6.27926121011598323593446419741855983162733447797995440395146734714286504302676022651417841245271583909795370816038092435e-19
0
-6.21448224614508145082750270388500369941344615618554013921295645259703115753885134857159719709203116315182976758556853018e-19
0
-6.15103941844223194342326458948493317882594271513144460376235236475914140874335800029339428503823525219279817051502052822e-19
0
-6.08889167655929489499358018093580881507463181847092120721356421187953616653040761971753367854544839379903821535674339733e-19
0
-6.02799963728514986435395463882892204189372392361002378094040575440424404197763721808828462429491387619642373390204471362e-19
0
-5.96832550077431991884398975387133745424854046984525758942747792424128845343418874777812872672179211596527359623867801085e-19
0
-5.90983297169135934301945912307236377739253031919339237818218755490210640218146281293149967376812744768320377078627156589e-19
0
-5.85248718502435345470314294905324155060390911486777465726925496771054659435442220893855055410047514564048915302518451425e-19
0
-5.79625463624800079774658449502612126682894834998805088398424818173589125747941852390083296987266504122171086048786057520e-19
0
-5.74110311554150500846526284020354020983182068495379482624696768079276530240655962240524906195060010031993815191995501335e-19
0
-5.68700164578912290084884021946127320120767819628836480906454070489877250837978872674120964056720733726295042924612326502e-19
0
-5.63392042411189998510692690105688911838476963017266887224679471037919987266781750828328147732698791879617106956172166944e-19
0
-5.58183076669805687612274267533551856086831774629226826335900717516395579217671016585465324168108038347059746877130310680e-19
0
-5.53070505671683332150560225547997231750569437935467034647951054933866295654247109702478687940613061092239447649334605887e-19
0
-5.48051669511649772263360478992735673305146693053749193569940367520242286170116293935627093767112493582921321301125467722e-19
0
-5.43124005412182108341773601201534164105693309289220390540259014873481016875610486860523337488964866062933394368995324267e-19
0
-5.38285043325971416624174049533988915565420493438905630364920914431490727905178983723461836651451504558069038461036582534e-19
0
-5.33532401775404236976693452226347288545546403039417899744458324990879915823507538056889670135724692548231183412427864643e-19
0
-5.28863783914196107536014041646375405351993734186319563984360387557927724640020933594465089554642715244833485730840536211e-19
0
-5.24276973797454215664488183273882429487329542724109989333428481492777944518814467792222196214445641917196211347839598941e-19
0
-5.19769832847406882799968685892504271619195981169742411335941067424402509570234755351766788364497092144868415508051222866e-19
0
-5.15340296502923231490858360766963449322684045334742257653922181661313414822876689463087208644782535318239085842421962886e-19
0
-5.10986371041763450561146122891072991720822850511390890675440256076555415346939052357321934982180025719373315278700569718e-19
0
-5.06706130565254427576554669718667286154451420492326806219541350530698023480857896503307854485618740176570627472366569383e-19
0
-5.02497714135782460964067443224907015006208561647635003558800568679351125627897544365655551291516859243651873856908141754e-19
0
-4.98359323058139112205012316031900579258448072998477685097796161411326045180852665487335762139688552367839668428763542123e-19
0
-4.94289218296352385823423836471869586709647848436106038361100735724598791619550101767924330824440208156940294062574492815e-19
0
-4.90285718018187308811759033781580379092932564893273001155619227321745292125319281352074800426093067015349596798055737677e-19
0
-4.86347195260011241080663484582927049437501610574214106648481169507925453634698620056587595459097256065886203696140829185e-19
0
-4.82472075705193180782218822457474595571398122131716929469128999793985450564257371049485033931257397218815881156794373456e-19
0
-4.78658835569645937337223538602553726306181678709201574539936545200487786678785904900582487272160486873928535821902959942e-19
0
-4.74905999588528071179497749279486305733659517943930226157802983770931261082954460404582493278763307445756377631762108848e-19
0
-4.71212139098501444273666141885389329181134324808942437390769246260870675983525866178195839268018195822478189840477870231e-19
0
-4.67575870210292374733117554379639308730709612860683363114760660484127593907800719607667491584133409552506149907144419010e-19
0
-4.63995852066631831678243827008576049425653549956023718288189331183001225690506140067849476978840606868424657426428259209e-19
0
-4.60470785180954754306107581810256601778272333339225428458596750579640580103603186027810261412215658921696678857422525277e-19
0
-4.56999409852522182013426606869081042788725006023602353832503732009004226885240129251155085892289386030213919232733448481e-19
0
-4.53580504653894043660269987025095173228936774864941418458681903784205962360761294451838231828620373699453480445787547738e-19
0
-4.50212884986926643643717796187967598742223910251101008341749070041670149650672271145926439599910810764437786790548858732e-19
0
-4.46895401703698448971129309307433683932298439310924206166795645481729906147851946111848697348801232493722826371122879689e-19
0
-4.43626939788981963074696148925617643052768344108431007138263475838775934866589051539771998841612732550839852649579866741e-19
0
-4.40406417101079406083673443960671180320716224928928409183543418464853393680711354630326606298871562137266000930817325449e-19
0
-4.37232783168026653228076482455167982289265634576322887412071326447770537024761722896042336685250318332609742570138417374e-19
0
-4.34105018036344374747131020642232935027751328470128714174389922580679605154969212385415692851956341466446235542559560804e-19
0
-4.31022131169678457351367533634404632791315432423074203087923598812245806350285245960164365919567783104862874299258166071e-19
0
-4.27983160394824384243259482986864828132381535267610850380408911664414404128179289601404723880430528936002880204750748241e-19
0
-4.24987170892773059296542698763075738204494401199205428432192190425571528199914837133092045534528895680688707080528485002e-19
0
-4.22033254232549274075446233895863308560391827507290309099140129133571769736992547330039968722984923252834864128890965055e-19
0
-4.19120527445739273213081972763086448224539466951853553369020567723930468841426862198489251257659801343066220642940767618e-19
0
-4.16248132139721264447205607085352105855840988885200901531925966794170643117555366572587012431732435296174138952418773416e-19
0
-4.13415233647722789512371774534447741508578812545297139420676825527620266406718995510293798989471335980202245863188582018e-19
0
-4.10621020213932125006250043112731079369504084580580709406628611396946369213144489355558107697258246397130217516921192689e-19
0
-4.07864702211987784283562394274400543334594396777993530185248991466777179514424209526091351896121411022016384709326337606e-19
0
-4.05145511395261173574280787513391621760021711813262702329058324641125956748213119126906158684926371824299959217742478133e-19
0
-4.02462700177432917073139568923793840058493642067546027633276978181566138567366555866943356528339900867485143154415627644e-19
0
-3.99815540941943676486379455040017940384639717300911625248037279101650340693365895954119691827445624018574235579080775307e-19
0
-3.97203325378975793161249723168568989457832071828609670435013704647078818936859195202649070475183100279550425850489291897e-19
0
-3.94625363848693093255208526636313339802458856909195197685026012280991604991838489626598337808130656425464945480903830447e-19
0
-3.92080984769533013259040480758622096121034673370298764383967975600828151001318130100647306005100524842668451101449328875e-19
0
-3.89569534030408098245933073959190754022521456826632604958225792148706952373281086356225779864679385366478851728383005158e-19
0
-3.87090374425733152638300893351392477227297352037700383067975350031049317782905215406417775008331039533449491197525937597e-19
0
-3.84642885112250119222144172777774698469593061158524970196811379644686850490299262033937474587222793476901545021563733235e-19
0
-3.82226461086675346128985349338247462201318521312043508535477137311443648202434094311051441308225333613206553618397403789e-19
0
-3.79840512683243477728057467729968478432555939839367635357589916766992833987127135815383756943337814706713021192758445155e-19
0
-3.77484465090268963816851257658611736962127596305579746773348114241633082593249803725712576183079129384501702116784394327e-19
0
-3.75157757884890299036278902504225105678281857204360866968294313793607662966144907508418599958284541964176114200236520152e-19
0
-3.72859844585203745799412678639920336988172528807781166792586546206177553789520684513630914373915092555107827694372265689e-19
0
-3.70590192219032612706974682573845825836510567967179512108949495006438923704590259420761663820780265102035477663587928015e-19
0
-3.68348280908615299521447978939442004000341507595893782622228065108216448568117613265799011969224938362348427808082385801e-19
0
-3.66133603470530412738484005527787338878949379733391345443856204106385301861259945738640120621287224335296713083598943075e-19
0
-3.63945665030210427147669143486415501351294626023887280817240937660522460150018553260967191840224863082893233416880335373e-19
0
-3.61783982650426734746763966505656613024545106708976038831859214678452003776482732223078581507844351412827898013154008690e-19
0
-3.59648084973158591507963038071521705159228075764843556113527415379545802968327551079223566646010873523781206919651259856e-19
0
-3.57537511874286546198457626626267465994775484538642956563637313613642803619303940391983301729461610041936717923566469037e-19
0
-3.55451814130577508509667534520614577819451185669172719155307241586190203297908260400375264202554243005791118507872053352e-19
0
-3.53390553098453774770970956733797088442359292718832604672823799245712568736288186876023421766815252501345588637549966942e-19
0
-3.51353300404062161411585138119160995089352398057230674905620410103622628816780291184330013806208541162689442914507020063e-19
0
-3.49339637644181976662400501344092572508420641441218836525202061872097742850213471295779835388498295707805377193719521154e-19
0
-3.47349156097531962379759803736683316805827396188382416705990939625540463003476100771311006753162839726699185059606922178e-19
0
-3.45381456446056628337809093989017249135415149564276280470153136904612196925945982167314332094169510184067065790181510658e-19
0
-3.43436148505791644595593169794260445364007835595127028725407883944319969808686520912071420317170294161599919671799056920e-19
0
-3.41512850966926213321869030412416860570299075428004078604907752737379339920687337541291087425841644188920663606890385720e-19
0
-3.39611191142697665751043028997664186499718185359099260594701742363082192619738813464417907748956836932317972905813051641e-19
0
-3.37730804726769975270304241435475103005748175175501953935351140598863313089636275740027466969226948676387455989944103314e-19
0
-3.35871335558763493283561141347217975992111377478466444365905702582475871793792908364102543132659961584962871155303829963e-19
0
-3.34032435397618046721702998852954437757337347945954425224441130418705934282732153953516900487882930634394698748461748700e-19
0
-3.32213763702485628308603533954380696048187294593116982385756047193280567134519452452978580032082304387914886290916493797e-19
0
-3.30414987420862303750635716159167681928740867796516992508422364592994356436942015440087258232613664988342409862598961990e-19
0
-3.28635780783681692235078123662323909473732040593864533440498277248225718654972917329840713773639211639650004687922723228e-19
0
-3.26875825107104484039957660325253392920201584818815156039733340491659997086368583863027587671834879366668655164299468527e-19
0
-3.25134808600749975564158661929067339390096586596278337484322552631395110627121239171732686786805116654621636772811448685e-19
0
-3.23412426182126559560155562477200698561997666936254975352501149747873820250250753665507080521405565613636243427746940007e-19
0
-3.21708379297028536788727497541833152166756426764069664521016629234634399145853677965574958231580349116877995508815697769e-19
0
-3.20022375745676542950396692550063606204577714222997560708143341043592051972610470330168390058528799715754527922717333041e-19
0
-3.18354129514388338167923051438010622291052563657911731077840679800496132734283609673718268474368469680943516481201788458e-19
0
-3.16703360612575710539258505436716761021832310019690520522509906634485531832397243948805851415799050932956883719661560883e-19
0
-3.15069794914871823945029166750108531342579609414994622090353654029024267644209479177159283196636225042562011510504937883e-19
0
-3.13453164008201515616595179975610590205364241592049452188285622356968550868422175879102613584648324644802952176639531003e-19
0
-3.11853205043614841916007904661685309527717028974981248268178700975678248510736796066447994215681663969185326046606336227e-19
0
-3.10269660592711601120901780453269731144016860659805359972804004090819989109486053877920050607607630938676538864971894888e-19
0
-3.08702278508491648399534613052804141753289283394307181452920504529420851158214616789413113410302688561204181642364881814e-19
0
-3.07150811790472578207444112747917213898833042897958159662348220654163449468110128928311216253456396868990031767847784309e-19
0
-3.05615018453922799654951878444521266203096691131928356337417596897667484629535630955078498157543876685900010998455134824e-19
0
-3.04094661403064186675236493923622134484649894397578193202639111474311841429737530667652650996520581952666476969745295517e-19
0
-3.02589508308104361886961165140659922750141188046852357441802453937999367806498847512708937896995509323732584572094957228e-19
0
-3.01099331485964284896739431749155251686859883767202834799125459489773773507135520230181695614907194113447337200500909119e-19
0
-2.99623907784572175659517438758566456846808975459213955462647576424620962220171353550378736248825919459796052426341020190e-19