0.269318158457669613966066797527367294476574512345402362951673018548254518807422372495270456155571210250240648824094145051
0
19.3230757759708690042500107821819246409779106433186587245239241138209823396759386920633697635263988064422244922826031667
0
695.414631562575101735583929664926279817285236380044147056663288352007273488976373530171961890009661165515179120442051499
0
16743.9571319522180594485681821112177997949094137209666711581992909738004773040506174481617858449242226559186214737913471
0
303527.557598227697051173736332429664060072242446523575233455546462203062591669075440153774273999256721805976993935427980
0
4419771.86580441330185410233551589076426317253620735095947287556564230755743289311553438269149182719954637785156321705882
0
53862170.5220741776783170232180242215823459007597701948977124688837219357116524668984362820122990337815972333417901295495
0
565150118.310867675694944865463715092209492088510091401404500096329130927792919451536198379374519746071357223817187739986
0
5212709162.36515859572255598902439527813051431736776218497756043762947431008168400022166290789312048385276085299580356057
0
42942023463.9924757034903612525916629310759925783398415152067493584307885502921045179683842172768522944650165175458220091
0
319940168773.099534686398173775263352337499853730964420897702121693687443546516039869907173668471924340444035703425434899
0
2177878834710.85040873933544009027784646003979188020549967653369662384710313939528768844189615609863520003423528950774587
0
13659118834157.0410089623367933087372027615446700700052874378998474094041326807935928176609497574997049094838486805325764
0
79487467017794.6563343333066057320489986511137865923615681262348152107020802784789963012456185945151761606120332444649545
0
431788904212132.778548895208273223957296710286274093110655283935616097843120529035767079395745472918077153122937538500616
0
2200854853306750.71547291099921799544420632469058633785308518437971144358614829412201941018631104960149306631121717342074
0
10573493902874586.4265002875972253932036307041170882642586077304317113923872636832959996232134596321429578982838099108672
0
48070135805016165.7234197042887564546298859452430481040908682529472485892638405735165382349923038368826152388996843251923
0
207533124329271842.389717604595874839998133026411397883342884459495307596875175212747883183383359628477790371737056925705
0
853522774984249432.909015276992457443794860979179204143333304153320698047108337354834054147778899276943133947604683810986
0
3353350353554110572.65138662021858130829564918365676171297187522695786764471037453329947622591506648705008636633335754860
0
12617691506994646265.2715539799840461411726724887136376664943734123195147682815538876314028189453872588740533987619955557
0
45573899137886542136.7700905342953695869294435980006139508037622134153986651242143913617571345441677569683361959974403892
0
158342207034987858489.694214346774069438992558048507753064701895479408465728366423564078720584729284293410226232290492998
0
530215538172727376446.844182210735632214992462094033304358552112180871937524750092295247672853895472007031343627131207468
0
1714139167446711040801.45945750853389275799153670884086818665719285905480244698826046145709838626289508915801145788793259
0
5358951215709473469643.41277111630202279098482233400463617277967450410435089096406327046732757299695805147859020264531728
0
16225655855286596442440.9023978908809596454892694868933298243820926612903086808961170097321302895764464926305756630895002
0
47644668489913527727226.6121047374165188739199384937112672060029952700842741516431061671058306469748420748106139640199194
0
135854504140569581832732.221226769518114437610984451354179224674983986049185610441215806852318454955432187240204907011035
0
376618029709956649239567.127291047467820346988258521654651291632502812378416783924772002232999905146059573336340865605783
0
1016203013951500565129944.25834390288654430552139703431188901201658231973872534775513941251180282598318436739872261177139
0
2671564972072168954644659.22397538838238208330938446933847910876490221986427558946891756461276135164159562827920391454680
0
6849864384080913020342242.80653039989367697022788100665631536072869490591750941236867229750605738477217616380334964953462
0
17144637051903374243916317.5883623055782611781860091232294122339640026480080890373217415912923123601622532618739043976839
0
41925679948874071761900533.2784459091118620305338077223622113898862486216360513600413569257636374158643150383765355865354
0
100251556114244299172564092.959307675470723301784869867608840237150365394897300690218478798238237307815254932390162181042
0
234582211091643981638451400.058215392232816571181977199682046599307256592052962048681430874980358802962158253985258731435
0
537535789434651720568884917.881136239272372556069931503368302313382618007531638881491476747535215192268967962274706757054
0
1207053568275466513274264492.49175796971957452017776283306264238253482979399758433016201418362714061728618619798111835168
0
2657880247310173837674970779.16735698758597968392416121419060772391845902281930687635812760850255227841874807370110350101
0
5742517912836124763115378922.50351679333619881816782882871918009580300763664321145282247047201268006215121650810220956228
0
12180982940796047704144528589.8342715459240648099679135875088513472484591758394371598177300347515167928898347149167659490
0
25381529946823219140102290065.7456532596291162162806121122757985531427221725511188075765296876155862001165463785345562740
0
51980395336128762734124087200.4761014113688186275161072293344868504564235030714736225997425951803143321675683097676640342
0
104680954120495918359312650035.067917538534484836700432626762044782075291013873414661037913140778125431998127273677195193
0
207401526583932371021514492657.447387225274062118762179189467550890581797343824785615490222854086266119835331348385715827
0
404457419247994629556008645498.233878767317065189486481663586448967700159732191408936044122375838859570384329918764026783
0
776679378591609423797133060475.792724594894960775908527635771396511883193493535686218922930775712709624142262646033567694
0
1469271525783614694498054159713.51644052590149908301104895921706681020993364319430230069095591685618830507713410518962661
0
2739233567530240833355355180671.22713149084234885606645880099304961000509947789459617511668244322857686642553899977372895
0
5034899794874212549128019860106.27047714593572264884651666148263229659721888356970879560510455601329868011232347200955667
0
9127429630743032306387088092382.78361677020659019548446401294162052736304990684304401677129623109816062761201928846000120
0
16325130538952108075681802077910.7694787937622869078256476875641430633892898014866910973042606562010432127114112912494048
0
28817997585047353728913692439419.4921394277759374368920012489581198084856798432167043521093739707001341015296745439452348
0
50224145729480663026317414672358.6030279006137503697846893996329140953955808293283527511726380038031485263120331162678080
0
86445042924321058282059119812188.2153467004400774543272785393131151514366567256565803250772186594480304805932253011473854
0
146986810845891437356696877541365.408655945662797304297791220324724506374203748575142059104245193149627827958029171801575
0
246975806045923094467295904725317.673573323955351626230723909758229551209529413670759953267514422417987081102445672013977
0
410195217039962475867140712597069.272524248025511384057895071444814323123827428818865016381617655730011000831068700439880
0
673604287099913934569282734532585.232853732729472208018158406027783999577671339427579564105671333420959915939378914106076
0
1093983791680006868689116516089141.24425592141328082379936493413872810547089307528537069621358051503944315684596599565956
0
1757593555200730149336786162391371.87075935924313750618380187860073719897580501420650748816549830695181107751631840473764
0
2794045359632366250392283349895698.49497535700065889429793133119019591429928007602854448793293998629182005088712133575911
0
4396005077488210871145218412346986.54546057639606310698898644179910527910187594785611335010627195796136301178086782601732
0
6846860721675871962616195194092608.53999656164528298819242880331110713509932458035281866985176819537860781570322521583985
0
10559149257762663761234877014536293.6773933443533853970914042014720704575588460177144072795383978427774032746295231191272
0
16127345986065583522950108551200817.0552509934842159504764325103074545981836911554727922245721250116869991221293258821823
0
24399606962420330305543337959163361.9715501582420834700219120398926631851286626235595818401589534887314936333873349912940
0
36574235899012603416557135251752516.2954859174758386833911714372681854097177484005650528090464051337824176933720698106721
0
54328036493179314391976699771512873.9549422242988379074412121616155674618478497142352999298407433158293883632620570114331
0
79985316445738409686775500763537051.6217589577258798460421373209862168402892452090610013439327088643583977049149336740990
0
116738127901992823472129362243738097.949046209927757280439086362992825657275840003408036421879805143041946004708292082210
0
168930344809740451254660417393325153.237325885812174043036912350694163304120693873690442410400167118551905996164494828222
0
242420358170977400197686531237530205.091355102636505649703033334055968400959377432492867732086018032390431934042890576051
0
345039462630884164961349933162750915.267768935331645274909965811618542966109212399640424575080198520290620487055913908478
0
487165336192578043152713340823034498.342088864401379889706892098166120718005448527886086163407505109003620949115991537011
0
682432276961814784218891231262096212.787407178134114616575539257390739391248996853667912773817455807155138376014395073069
0
948601926889612452101921157107594375.096185826571927327482891554766504451163730135016260330049071303495817125113854058454
0
1308619924522796247712518358144749395.64520424922665607088646964603287336180897472228026689933485029769920778278919354764
0
1791885101894310258850315652700155406.92478571917450985510349800134718108120990079412169982583326070878095700887530842720
0
2435758266266216817331436506174557390.62407327968501509770111360349536014451720912967630145903631479303663698529368695431
0
3287337058605705337240635487276771050.39159524664575583266723670284395370697679142150710383560196082305030641635626178916
0
4405521620215475414982095329436765285.43085401763107222341677304441699685685712794999782593382609213911615283205686434006
0
5863392589705845543177210033035073399.83255504193282535485470161676370954092187721089208618273487825756252369059632179396
0
7750918070184729993295573226842154495.21006860151425292037984959911426071476276723891597188787667475566076002456396036389
0
10177999454561773237761513487194424853.9799622972286627969012346926644029768545079237788586538323079312053934726713549598
0
13277857222783419945258579253327081915.4304158619844881528903691291008804641412202405041789499810219515111222376911671404
0
17210746937705401641572903099627033002.4448449532000587896029044810989148669073528103796066446651167551445466608419240020
0
22167982654083610912548332913947288520.6304318298701161471880328057386703966690775560570135699918206477798882861071015847
0
28376229900900832460318263299953425503.4535755087940254091080972634608733831235456558854449647120684193437593267879989520
0
36102013493316814342626843783518106622.2956836372533010215447844037734953859904269514599446220876109312845284575360685299
0
45656366989347671261222686456685699569.3072874897270764024573069309391137996858360095087751881837866385559253911769159534
0
57399531066592830404185266269792380278.9130211522844163559703355976220352495890365931585984655197752751494918026767715016
0
71745588021357904191105048802351726779.0322551888009141892667423000139224393324326301621764888222989936595385449501359476
0
89166899672596659039161432464011325785.3867356677048794363538151942275672361836037040352969928608835237132367439464227285
0
110198196980124631216592548543114158006.289899689677071782699207668965320087934914558160826622309591528715374724754918716
0
135440152541599658226205460354665179261.806646062466039143785745997440868924071818826372050535016422305005080562016835017
0
165562252756207774446002580682634556255.816307934422525820362509670538214418777947393365490096486447313198902440478869229
0
201304775800016564820163139819097272861.427641984723117770982395009155259103061802049474651442674335548996582377080237492
0
243479675598308867263857665579602827076.119771320333350579320697240247842554961716428234160872332269204367601321865321939
0
292970171593746986707726400132038542846.574076336223965970908568311237956876776560811082911319954738153593266038147789031
0
350728850079087217909510817694780464742.719145501761345336231044883968625955742230350352241189165817524704128110393331926
0
417774095818775224022291096612814661496.869802606203601761874449296891082800701650451676065618702862753030553843040010786
0
495184693055947182079946721942706419485.983377990077860856429698879759254504692085472941344960435407648502969092192756977
0
584092462982269020473923315817800606143.680084928357981652217801210442267423012165985229373658890390608632969085102691209
0
685672840258064628873404469076071758540.444776546184206634384279382794232099041783283715503280940974062568086766050546220
0
801133333834351450004396378079104656709.256200884500391743671334407267993441306138018612370248095878905896055657516206909
0
931699866464090142514493922632240653235.374444475989393696458100636864929071844488544870819550452261207401918204070549246
0
1078601041907363393253085288828556857682.60402170479085433916573038281988066386577066562522757132864806035001606784800945
0
1243050447651556125900192468419674982211.36178174646718663416263847574337389935973718186086946797976608089762797233688614
0
1426227162435341901396384878233215103276.51112959111372842589925351300647904847209156060735481928844531478350970299305736
0
1629254700213709189805468822114993294809.20361825356742989733775507652979519953548871118377974375689302309979137994027294
0
1853178683490679404408004782305599991105.74849897569216360460593444940214725640581716691040208708647084108739633563152607
0
2098943597132676695070602924925899543200.74700906031122290804313783765456036556434669151257315493811940214442485350137692
0
2367369026782978937833325631433941393077.04367044618303456056022053014361369125884316424920447623226599098009210680612606
0
2659125831796913048858851764398799540108.12013278625744964640823631813601221603616639717334275179444137333329793374584658
0
2974712739305254315865565710785708836276.03635953222246809724772593822259616119659524061503611770072795362812221831256406
0
3314433871890914298483773291213802496187.26000401239939885167774405037410277612877487507034972342245200283958549559064946
0
3678377735010339687888866721264170004499.33393381920683088811761350313049367122563104604605687958405328486533292701004621
0
4066398190627257408817372940712151721156.10432058438270032700563518893779848162051593391594216691080274033215024677433272
0
4478097929869038935871194530561536020500.30887897836847558045289759304587571781925829985671457239442735861751264022262880
0
4912814929615944597217547238884067493957.69837207851568958990285632915777330738709599228973659884238083506513883267721384
0
5369612335999049475144432042664215958398.03288866824411832815108223175966559910356807240142531603796769611243315676688976
0
5847272162484790895215150156925708046013.26415683752643154397074317021981660060496714206659390307488474351275718369829768
0
6344293122684447733098434826013796763978.92144412263328210362524898966744172875744523084855111378873986030837029729652202
0
6858892839787940098379084879069502424826.87257608126761385583423976368298387600473721808696581378667646030867304984046321
0
7389014587500297786000731824913630935308.95045521031111137893046551748510134682586852105749479226865306612113313594120966
0
7932338623787137723380932757553058985430.65628447012625215981404068658968957941871807685664594671716669690691248516185505
0
8486298081084798167554642858766420377201.23145515243091618308952227718930140403724014532706867473065702955496398727692681
0
9048099277532808944162318024685365904917.08003607351480178811479733271223505804920065583832620615916977581378999681657194
0
9614746215943814734755520156932062232668.50172854309893461342931003848912608757417429741780040283528567341041809373014216
0
10183068943322701852238990548277166519303.9973319752212567163891175253141155709688632839047619934815694572574739709963274
0
10749755356358489114665592985071547576183.8698939378350163626509538234820630898385724197859906500462822376241595627053580
0
11311385959823481811845491611321551871237.3980354695434602473552135439348388116027906602567690934471397806939825607058504
0
11864471017339822001941991412353338962067.5810578261108163095710562185984039523331300948264441734982702109772763864755729
0
12405489479295361775420324897303272614459.1679013889557305024696491107369900288262391441518406817044762636526339869712327
0
12930929032203264837173031859089626711767.7383479651779583906126961609845026512425773040702516126612673356124492347802301
0
13437326588472210526292417209648240282103.3279473476314043199051161604643845832180522489595495255669639479673153808067303
0
13921308525907899335668202608898448188342.6531748036011968109864955929805859888982044811798148027126946595474866550571394
0
14379629992368376266147130234058523898760.4660621185523490490914048031720937127568436354480779546933667277731031765959590
0
14809212612466251162959854149761731598941.3510824019421628201005185838712732522912634686483454088779657592606790467925842
0
15207179969248667249097556505591213426102.3485358066384619154745720307322415793956537236159705500755093871300328509148939
0
15570890283203934888162510397178295779755.3249488194108326096790874768443720239401998846864781486498085756294025741023253
0
15897965772218159228080704934211672459815.1682878291969980984663172783486774575112709603212920493483798618379325614870453
0
16186318247432521335026592787142401107347.6475310630547803547082334657319740414599219335360776316936092468986444240424486
0
16434170579313511426831524893670819165585.8729061539758615156466456668927511003951515047621528488304619719933125458293466
0
16640073753479005893083890928815037293766.3401017850244303423448635977604721485396721121458605932345958694491954923638854
0
16802919324680518066324765239640636873409.4529416369370529325075339338700486561211586531216235959594290091653874010179591
0
16921947167576396276516030872948252565663.5941249101162981471826521178868085655213507988778171781670053395321587093366852
0
16996748512350358492706829592939890866552.6325949985295021608028945782430009714878142333383304482106035255032512714440276