0.447805591379748442532436197358447501259049605466136171535112455822044530516304845141674997232457266177740484222528572826
0
0.883071483526587268703985262718458171249844186261637554476627974656380836321637086275370813166763132535628729597919043093
0
0.975183033146887017976648562084810942630933386649341590566088331755234264832478510302708839968149808285074795745609957950
0
0.798771851781713809011657205288133087942607659336837432166988279904060471537419218105519851585146948199277708431339394376
0
0.542422629354365999934134647133439157003254335332270910306832932301282985486127329496352214585466631876618231308176943365
0
0.323760476662429092797652055061942282795719294203663478927273933666468090029969785092192587828261346981319942627344457181
0
0.175951552877874491846585655958853877940224373160736064182400742534206447536869634115020361846952580391385784722940383530
0
0.0891009025950452040726964418464429269200048048141453166676124786196981766995648028565341169234474636773715467501826310071
0
0.0427219655405597434262194422625576757023473864006730554249327367386644524844122511611358644396768341564728702802397399590
0
0.0196213814391401838096148965477365681017950015557624585307959334794827332675993172361665116185788641243272080650168845438
0
0.00870695429394366140774137159138805100087473870513657677789759524989216500836356951812371442073180715164292585567882953673
0
0.00375773410337585828506300464424775346988266188157386456086217392138862710520489106321933864889965303790758922826842079922
0
0.00158541250923839350987004733162656791706847255099918348184608701769976071311984533037612075223603035564802387953291624857
0
0.000656576348946121959123792419009148120625422072774454149546628775589468667212575638943788719845871662991417962409724693259
0
0.000267779838766420960134236818921433859008139054435017646878962692630053830286719684169600231828966210862275169468855589142
0
0.000107839470043570043059589170223481301893210268778722533777339614399977853225260855945659520292269009795891856581099051596
0
4.29770119127355869033812112277669364770662855489602588089687995724045951240637176305697716260180308469090011280468331828e-5
0
1.69801788593990257708952698354104356075772527647171681811465932099759355317991127613211690719797993937601444052294818313e-5
0
6.66124374578433926058165439742824801300721885716671352753794556785472275007662141465367479858801905480108933790491619024e-6
0
2.59794788199339411339914649198884711161389824023235670934005624453876958546023013315435110459061896629726878574044156287e-6
0
1.00841104363184393674281213842417549061430570530294712492515506088761418622066963500665339576327972383864203460716157533e-6
0
3.89921325470290940354309209657954352302560155309544321124042526667055154562029654660107041994042922418189655627908572693e-7
0
1.50311086218151556600801607069593904281176293169153268226757271062687141972539539959246072571521634231391820721178400145e-7
0
5.78061286141175275918144688906013878897556215614653078438962316527028904804231996836236638158309068221534486950635526153e-8
0
2.21911288743687684684259520118705523257105422815127366506323086744429719243392128480680590575126234432496222111678307824e-8
0
8.50799486504907516032483740949815357101329288853884478761107016542433384559675445655389111062574323471636474264498241212e-9
0
3.25917796068686774435164302248938575299927814745270246494385734021100060382586490165865342900595972632583761845619674125e-9
0
1.24792357246085383248560953987457051850030010171717705381023390914965034265441085038674689886739607945496642395966587120e-9
0
4.77762245738667534768717835598401271444467513097484587365120786459336571942327241536317162789652780517589070011770070720e-10
0
1.82938980955874255093829773116292140599948667259878678557511568760483773237347621900313024087704094438079974122546848280e-10
0
7.00780825494448179519459447828766975508095934765478199191596706144056969550091308280572104116420082715210108503062059409e-11
0
2.68619165628090288234098701612991053303683488130015469033142811069525871482423470019934626947532251960310522485326992419e-11
0
1.03051912461995215183043654894147681721325904999663917605811053087905297013033012780418097474414368798654623953122255675e-11
0
3.95744132962062615695810229212252533275551590345988469445423789831077568567366078754804175166687690721451240999283333652e-12
0
1.52152229039648823911220825464404550883626466698099827276490157982368991598152253901806005711620883153019078580121412196e-12
0
5.85741028083768229430223642877965030176669429468972378320603848853273923690222422157666622044556593222248332095306462487e-13
0
2.25812279874556840126313963007176585820903618359769834168309764585298072481870939370713849797787358737915991010291409060e-13
0
8.71864460310801127126706276520337977880529555159171497462816240858539814697252103641573769179169371646251581595171775178e-14
0
3.37170349482837972159121379488414836254491987471327727955224559639326597565589226934427817026771787934451146109080307930e-14
0
1.30612097364089179088921360211215733342193012595185348376712925933676788412955537769810068195694361083057870193098921998e-14
0
5.06852294348298062477698817856263206052886232303403179028176536197230905815617693331363799284230181690678003661474603639e-15
0
1.97047063597926318675276472824957736352019642976716106046310777270398049688854482024945724877561517379613319963211525399e-15
0
7.67489098495021971602083552445746109150537190886146467369090701685363330820513227002544673588572056211564223465496172899e-16
0
2.99507910253533359779101707976698064223372331742715492664298714121841568248484584847526078356034982507169248324240199910e-16
0
1.17110449425750182296344268636755649390428222987036693168128721240583009806765339694876629176686500770180705117575295153e-16
0
4.58827340440602844604568856473598433676192069010285829284107004740004004278203025567626976476555509327498254120365765770e-17
0
1.80128353567709490520868182162233297637639307679477014978457463758160797153121328498685944628284938457293622377772401644e-17
0
7.08606191787218742247178298714991524987597270327610908333593043135430303065992688191064950140218557139728840622981100920e-18
0
2.79336099151491896769644575609785055640264738183987077476770601319035799026018876690173772006405471151100450665856410436e-18
0
1.10345866240554626267167082663651414059695169969686812232041377401596806727340451456001877249655900291367994591058957098e-18
0
4.36815639895437484856844525723828339919806558219127022424021800760016513290015591198492913312473099457912943429895971703e-19
0
1.73283959072127930909705660072414326911702096600253086211236185255930104223621570308069675931844474286830754100747807539e-19
0
6.88875034483403290118577234478094641333766866568036660347769222130608179300520129304042013538543132788386929494634493932e-20
0
2.74439893542769249669975788028665187445145015776595165248500514703759122402633567679083519130272917380003410202273867326e-20
0
1.09567220313600900807333475965962007118240257899899041614522769381011561559048662358579679800235589932709997089964731337e-20
0
4.38370899964040910434465433726152876603069521021894168851248269275669349060494246182936991748606783085397268248934037630e-21
0
1.75764346357996654855676399235882791858053572856933332985328963483915060802903493675713369142205332634770442935016624042e-21
0
7.06232167225897150213464733612979253037913772669369405396068427249715316515280305668703789285132995497342678529508188842e-22
0
2.84374662986282298287177407489367892084669083858691468987627433936664227187260540380237195795053465855686765801399526466e-22
0
1.14751798837922517900812494211787082838358244058857645337054311495102307296910409729824826700686983397500686448369753523e-22
0
4.64035621322035128044414796101344463743899067876962272000167150074996833632725113267094120389087930070823512462277291880e-23
0
1.88045926609410163771722853492555413442826541801455973212430436969812215160281230228554387213199318785503766486266060801e-23
0
7.63650280415659715774768539654179699608078760253876398620064141499566427405922006454311976649387151614618870707292701617e-24
0
3.10770584337327347014209936576278235774954796410748956999211427688437675394408406113381915547609654979222351355567489200e-24
0
1.26735011262160783550167580650698192842141228713433325129344819261059606671829743688627988826429790083938099221929468723e-24
0
5.17917818066017969891607246150722102906502851843745445255649899983968803731153062857068613634508563135592995966142475576e-25
0
2.12094111491695595736702127259523783634713235423805682340413069610792131776134409773331026245974313513156175861398931260e-25
0
8.70353399272032198989465842873552147989998568504646210244103786983151011103135095824933037938032104741657029528908271450e-26
0
3.57896501604489996915754797168278077365902894776352237213281335839038883860295308276535095199628547463818045858064310544e-26
0
1.47471958128456479645036926346594388849779110585487673502641892976750747684517399334906224320761613651288667452939020735e-26
0
6.08901183279249103133314674548514729418208176242747519397265852371099030043037663608400627950904110168612241189985053360e-27
0
2.51921152656428342537945693611691707484242132389842481984461756697714311856950055757222882873896950247917218025210899883e-27
0
1.04437830753002837702326868941588452848610532538868872690304830315405420384622731567075867456783736127779894879769366050e-27
0
4.33831698122190952006056345188129696879189475974589868881323687719637795908988200999666477875632642706449751554203820284e-28
0
1.80571703731142934265489421300070559973791431817138417620863269828769850076348539884276295710485015378793547156469063280e-28
0
7.53074174919574362192197400818412960052458538251091441325670650571062932513762848194991323578699607973564334206045480915e-29
0
3.14687909307151332543469555201097559483970000502505984001035577181766455177673213824673458458666909036589594996016728109e-29
0
1.31756225803256438510539109667058226747182590396297267551476052071670215113013953871084139238696591821637258492284645595e-29
0
5.52720428810419580620834853815128201247848037077133654113606951238522685164604958351825369367735328647166947458718445447e-30
0
2.32315200675832896224824453559173612470046324821734414868523100352419588837266336302978660012024660046031963122406445038e-30
0
9.78322192863329380330853616888858015004447648242978962313790319323161978777521480206043143061479953479183969941862043641e-31
0
4.12774402103911190546153525819452123273315134310021600418578957789857382893342032676844719104555833148361371408612386287e-31
0
1.74487601085160075755376886701640600246623778329939068712228136164976900011786435098413155655842776962419107433050743657e-31
0
7.38978376636884306346093146875328491245442767427442029417594097605744778134234205696126249007007145749727070298598973646e-32
0
3.13551303218312947511313695805602818022252770459498069185897541105991775656630163919086997995689821272568854019494405962e-32
0
1.33287551132554258627752885368822812445947573838441377085063358207993841031141778288481731873400334066107936966953480589e-32
0
5.67634849664294050182756502129693282171982070038100885697987997938525349651316965747944005295102259484788244520733987801e-33
0
2.42181737741531706406935133883061418296724497880780808151927415586616455065586384104945867487112997262747388717688795969e-33
0
1.03514459363566462768506053620078402458884100298314498429671990438101480281351067487997906963158184476410217150340718533e-33
0
4.43243482937669508204981992712901735960103942180260654189065358589420211239008144538666295734301602925708534329768298190e-34
0
1.90134032998528540194440978624029577662124325719697672877989483372393952981467170076062205652552371843273926751546929881e-34
0
8.17048794573711852840067964151926593351463656471901055954434063715567346824793700776311563005985150406585674714343728015e-35
0
3.51723394747895183147395012263011349576510446017421058103920319835432955861103996341761698318625561859125524701530732340e-35
0
1.51675059556565394675736871003287367454454799648141836713450624647659275381992879508785022593722820206970940591572095564e-35
0
6.55211187444858483832576998565381554342071681884641419230693412127728008824629099299766077866780637998791984042318330027e-36
0
2.83528836593541698752482573374732694439932027173973365789764345487352221349436647260185613092900697977648161333459315982e-36
0
1.22901332878434442704321981860569408645604628032095657188889357805424322124303725714417997497875334046257276855635595833e-36
0
5.33646954183683454215126045330156405265974528186863825674586682492329246533478691652301790112021685944248606090850681018e-37
0
2.32104873355900201157405158413273667986804392099833805207431702595412230117230994692155357800657591550408711164404168315e-37
0
1.01121150156583923741892348317373628557669021734758919604004520308670198160055964816273504583699032994248377325504862830e-37
0
4.41287915221681915424155483790179639895727780855305347197281923045496293244672382999451483750057320578967612159647857117e-38