0.979674649614836517111204525964067830026234922471281304475497301268359965120197436020669557797938984536349148287383656496
0
0.0587659319777046681610617726024750117411524453983719983644369298212894305475051443650812367503909561955775939533426509263
0
0.00352508331471672300384377318166920389067237990462913795001601915481101418346434001615815988873990038007564946556637317539
0
0.000211452655603396987299298408164415670769042799158731323413492868698821465982390419037880032935967434887811420214406085292
0
1.26840195166626597246343196214773583532872330244827115892171484373668205010261443023308759864090591736693590130144377795e-5
0
7.60852828449862441079777371821667442053089794230566187863254816014590693544969409812257657287256992091862363399353098356e-7
0
4.56398719506599740741261599520765985795510660961954765435217715584085004775732989337540807688923710545235731607158071504e-8
0
2.73771461941788837682572972061719223364637285296228147895447826535457101199421748475271604029278989160561490291216048612e-9
0
1.64222225370771466126485930364970053862141880447250695497877201561637315017656311441310179917567702116895101513372853597e-10
0
9.85089501821880028308190155843860634670653902790360588532823344313027396341877307715553798924486965987860007199796725482e-12
0
5.90907427060352911945677667861874880471158608809841837191366599011643619885871182652931323358189370278897581237378875187e-13
0
3.54456713536494592147517120634503637019836439895634718176189435294093308743534418892631501854766980869300014877530722558e-14
0
2.12621395530810054068515582174220969477068579870552896702352891159944551866327723519204856134490525976119692882717755525e-15
0
1.27541265579145553874850362694195839495721712595892089720990368513761267260729776983942395360980240934172046139376451438e-16
0
7.65058209919094900058672629927765195972606314785343673864986403824052909045178952200488039180724375201135218239512623095e-18
0
4.58921323939187395347832325637578542954382547660890707270307814887450627734857904702197272902287778128304673209173475518e-19
0
2.75284650024693553763100765559577570436621716427389538794685524813988864039284522939873612095134104789357436163341677550e-20
0
1.65129913530145730945001614250384456470145293673144796671905154996891967561670417305754219760143627345463650168082476039e-21
0
9.90534282969552606021557442459857646438306898835146573933113396413044054669209306616758687025752327214515259050847512303e-23
0
5.94173487263946137206990165025862446635520788863635184108019201652017605507877293365190835088490432749154568487233348195e-24
0
3.56415864687694708261699459868275128890335482220403728874127525915467088593562530020185438503829984497020692364493712564e-25
0
2.13796595310969030530355407940317208585224891077951902582900784431852828498668728933430243167989296461127760231845054829e-26
0
1.28246210944101029777708975754894247846782583644126985018247822057190693478655891949095551818962467758340339825095764221e-27
0
7.69286835349104629317214829414252112188431480696604999593723799219013904789786462913479697405587509279147456530448393717e-29
0
4.61457871296790681737226466046162851000131913284895751788912840228717140353213277951935620150188138344044411685055400258e-30
0
2.76806201792249709918529178469924754598761348398436447693208741414485478167478414353138695073404015421893247794235645499e-31
0
1.66042618658403519853273595303307286008811550214671280783309871220270839184090964306530524801394792797081764197119843764e-32
0
9.96009158480926372705393790387640657790077693230738643210905301957187311157424735627430190967792194967458516988625212209e-34
0
5.97457599617106279183077485342554787907709149373138289908927452839055907014155881937641410177644755894600055258019324316e-35
0
3.58385844448106238154211074866467818012210514297582971429941176595881626322617178983821626934125282626695918543329975286e-36
0
2.14978290648735640030822748617739468902587419327110147991568377853848027614324902196810910290063701219979557308836318926e-37
0
1.28955052679108313177705282166194063081629146596054499741838087531556536696302560499975675427945715786283719357680878963e-38
0
7.73538833213780755942883813014367835276326719026975384588727568835806481421972993516884673595287646464935434700593325877e-40
0
4.64008438644666237119220484521681124023329721152859438779712980751895639336587541661181818945578462617512758641678300977e-41
0
2.78336163472168017731989710528786789693403715212331846208638115313416282614404450024616392302104962166077178232435608501e-42
0
1.66960368485306996544656040194964838710235155697622949514291383534579871329283929945850634865607163788233290721668631610e-43
0
1.00151429469339892359227814617055954467194402231748981872212576587337276291136789232418209951144834129953654057258900393e-44
0
6.00759863897572776910439610281158072828040457766199952576148186069669098026777667402289784665024616984181308823578425331e-46
0
3.60366712669557041909347706890312364104261023424624653648493420223522375764811595352710515951305789747321323319859804317e-47
0
2.16166517446319316587883440029560897865575212283380491991694089387729311697410121782454546363782121022726183187541518020e-48
0
1.29667812320162014921353103456599744630151619022325379074458688946630353487946551583186468659728567864973494680626677112e-49
0
7.77814332697112563601445537033222489585819239245748073137335865983225508087908781402291758502708648854569414290740438232e-51
0
4.66573103474025351253222638923017426768712209108901151767212140900937207049435710678728821830618903491938609813894208911e-52
0
2.79874581547668731134777946696222287139520789044847854384354341641615654070609111004088193476997117443923776084169821897e-53
0
1.67883190893886110004181085647248955504270056167858666072584324435628021216504565080286666397680269282740486759721023550e-54
0
1.00704985886374698129807984654226346080145031107900085866702301877143482941160344569056351613665872351148399016336404912e-55
0
6.04080380434576029029046266635291196053101425007695065974439738704076127584949419333409025550152599108477731900053677679e-57
0
3.62358529534687665548703492103863865118400828933142557180733537641108775485561464094211044096508549953355345116767954486e-58
0
2.17361311804367984046673808907939468735973436052222659374370247025484022365924325604819046985884829807705861229234632373e-59
0
1.30384511522290374004334778689878243637813881382279796699152036102127810655282503286910769038384353322385517682459168198e-60
0
7.82113463697114354123991798053867073502357122024668520587039411868183624644434587837167819957328642746715818474960716001e-62
0
4.69151943704388300605399154905518345317286145595674728889958458710170312120559545360932494908343271301874785624638641140e-63
0
2.81421502758893897310108779629523654598627536690090600853934118931512653140323429433194232488569019892981568929158301239e-64
0
1.68811113921285735348409702365997118334406798256225018713184585944875405239251326190265700541318581899236911860707412708e-65
0
1.01261601917320798295803322155182332363509873185682656179490830617004845329858999309090885378949049991243320950858021670e-66
0
6.07419250111885591508946925546663221093430064364078987722885580989246761550258315634380305387917914376778792598659316876e-68
0
3.64361355558779807046158519404427176340379909105853320789425735807027808299229295141282313523939404131793960729638755327e-69
0
2.18562710023064864183114955356906483118966416575744582680831826412612406604733480780256283213667594555880923198367142971e-70
0
1.31105172060213179570758090523864346292065053036669275138793330678932176521620354600353691485397682649915639285495519640e-71
0
7.86436356829772002566843912891251742752903302458901749760221602335703839252811244677793656144779666312989180233184397165e-73
0
4.71745037685951695368296989359562247294264798055453189017491953151548543659860972698773704182763856930783020568237359149e-74
0
2.82976974104327413382114829643619793468745465505084881355860180008522344582581084632996099279457343377012103929563605976e-75
0
1.69744165759617496977362540425115062087427535392909685364949803113092512343824695279433620330831542252642006916389010058e-76
0
1.01821294473258975428261753871288042922796492769755518067407293318501226474410632866630691944823698118952979479957228757e-77
0
6.10776574370875223358191666716223724889048603213478771973089414202265562313035099603079125134899177089910211568093905127e-79
0
3.66375251591594888629928783920834413491672461233223251462610903428945368923095670262130887963961061330782016773349994737e-80
0
2.19770748603231347079101474820288366841327739094936398464386718761406420469639891896917818147676572097232553355607198284e-81
0
1.31829815829003329375182886777942331403174504881861086493769999381070877777255046356807373154940857078021031715858148442e-82
0
7.90783143433011325648361414812720173675673168068188843600900625769286769488750774066755077517714743386689427159276144925e-84
0
4.74352464201968911267583502489353219514494775790776390201133836561925427082079772344252661310110268735097204293728642579e-85
0
2.84541042842222932034180305898082150616884510847862352828073873026966890491184966675977222307124910321342379694722386551e-86
0
1.70682374756816299918579719624383299575230226857019614417071362876999472680422889366403027588638715132522817642900765247e-87
0
1.02384080558740842577510728570273170973937324061980822808203481642065439094184240106762270009885479674663122074276729740e-88
0
6.14152455213604873434130342367321451605993934844646490174612785095996285640354679207976759777479336726366504485441508883e-90
0
3.68400278819222791231091481429787520117582852776447609622376069542783595058547542099196680556527069241274131606261857931e-91
0
2.20985464247435957276617930632786239395953590409560961376118463560417022505231489873284768843154772478251542914129234083e-92
0
1.32558464844752044806853942140478932833090137103023599054396811897144108547270507365391477833713940559283566813197791780e-93
0
7.95153955570688384129429769656965114584502927994052690938842458192256852980521301743990810004529992983481333127790578272e-95
0
4.76974302471143678478064713883147319853032638392913290815927534557642023152141880185041167926055132762816448516330973288e-96
0
2.86113756492039659439168336265933305915475851364769695581719318424397778680927911380014341064070285957568689674132481072e-97
0
1.71625769417501595386402589250765717965321241693756877993126216498732307729653146074412959507976880022955258091951077082e-98
0
1.02949977272305474721070975122273028481636464287888511021696351678385344400405147058167827638778203008436898199687427038e-99
0
6.17546995205919701994861242302215239553372415865062259844253435983542358391757068353301395704788586633387113235015662010e-101
0
3.70436498765940807246744421640815177505327813511847155888208724996411816015036502552359991301799101950649845508047912347e-102
0
2.22206893861109449403338042781541894165751652754150279855350668671137540565159522066289351018761871007677797979962433434e-103
0
1.33291141245237762686670097141972293942524226653450347074938481894361579123846253013180074381318802291521129644569144301e-104
0
7.99548926036601840370797109874318251176060173624832496715275572035637334111824243237418321283130363644996182275341190346e-106
0
4.79610632150036900370882462709770022574556333836309020346443174628217963001431410151804211381666076971947082404524072710e-107
0
2.87695162835886089123883623792266231822699429803548080197506052854838557603542389966935240604301950654481536310770328467e-108
0
1.72574378403843406723405174908014193299019202699494624472889802715511981206252647212939501311005996399842812615005283915e-109
0
1.03519001806998895734000144569020679823363664481011168876454905257531931803278091334662389252877889700792234115902870431e-110
0
6.20960297480566231145149095931647876922938258982852459425313430926865041736653822094127346412521129301689819782745688132e-112
0
3.72483973296082868096410669228758991839845881650249735055263280193043318123465232819682328293670601933701372447246922000e-113
0
2.23435074553666067148486858597022815430503549193131455812068702410818176298151629392559519766053187267946114014430817370e-114
0
1.34027867290598724159127239340346639039606333019277678308719730291807453274580241942671994333949858386405566219664882804e-115
0
8.03968188358527492970509279090080816878020343387431953345388769367514208480035410449650202784908351160157661776746662396e-117
0
4.82261533335486775215738870146552933094578090078374921531542834697638276915250373508454691546146094808685303011648422969e-118
0
2.89285309919971715631221449941006157287700605509480944502298913189325841103334851950971265609376758209569031513190673010e-119
0
1.73528230536433142035532725620889444809990717626712268821012689258865237906067673253507252297326482284679075145195725225e-120
0
1.04091171450896436664693831884671479261975392235597047655823775051688571970049535877632606645339019084869665838359537243e-121
0
6.24392465740325718851541473594191300819244524417030786857566783995980948688686808640473115587444706714703352589242439206e-123
0
3.74542764615919103362467782796495898716788754812692986079060144042708011086053824962078638993969412697261283570971875619e-124
0
2.24670043639630999655000774613639628722756497349319905246805537217251204989443559520193320985194186767482901463027305365e-125
0
1.34768665364009281113797648704260119925775250516419289353622998357139645091636512937768055729355154583484578789217694968e-126
0
8.08411876802275111058475432875378690925472653254176534683840371888815805827693694256928569748537540553800290481002402266e-128
0
4.84927086567042294366166225267373297690502337847578061901372559343506767703671903016070587010529631058108441249062852183e-129
0
2.90884246056066772085895864322655299260600253139493293167054494623431068084334636711462500612324783699772045802510850980e-130
0
1.74487354795159219977933866400667415556997188817713467025184592494195359615831514177103069770229212662043982201894011864e-131
0
1.04666503587627981186407333840664394417912445546418051873984340501503730969024488514975144150104768475832441494180279684e-132
0
6.27843604261164851724698278865135202205164070199346564973862363610528332639053667771326455861971361952025714963543372838e-134
0
3.76612935275545788619274697910531153024231665487177366244708484327122453459465902907760441319076315656045385641111750114e-135
0
2.25911838639774069582309874952289898720482613238600792496888439650787311754609098253253434316047108298927179603790357744e-136
0
1.35513557972359940683854028089805132027544927479302741452688987938583167913423246659742489351514113201112566974564278419e-137
0
8.12880126375767691502703523837175652661022714699807846601010281932572010616200798450700299795452989974124145998266232434e-139
0
4.87607372829410190862264063360903240975115856033131106162927555779478534603752692942877857668101360034538456489529937937e-140
0
2.92492019822970036013421743149948694023088737290285834724645289048025147118568120517366417741304226864710734494163363953e-141
0
1.75451780320087535294705768297267776502053655407874298368198958917013184846654800255301031569460741311794639883441654503e-142
0
1.05245015696906114182479529649027553409633135894974242627930517653057877125142249068509701859570025071865623997853740727e-143
0
6.31313817895403852293126954321987812983406558927541276654857787213589071000008469703453765033415516488655183738304778389e-145
0
3.78694548170785739371297927670331127643058132258958144036066295158699717845322996715130951960183006016293300423609053143e-146
0
2.27160497282249687283397360884219216221363327123977843097833307759477107528887158729776650230625624460463248573050779406e-147
0
1.36262567746941168482716611999254799597731522292016848211904192956772115504049474482910659526513221863388323602904063682e-148
0
8.17373072833143262962996794897343557676666496133211774251881214085043485372719878733636504451711678817577555864451588177e-150
0
4.90302473554915412793975125344036227279744818314850677754430956022413767158781621856803162569224691796322207829675310628e-151
0
2.94108680067984748007154670849926534895859078745954914341671010995664105788895377377978392478428225828183692498478429572e-152
0
1.76421536412346790862812912501285519935630086980491787043650312180552612416323788197780846041887522783125670272510107321e-153