0.492827060977612619625019553918212290366969919905493910236092361905562560590525915284224447481291302702541060527706509672
0.00563871109386204819154575263739339790687462866160475854032349157063768787220767452528810527776288438235029039876814874707
-0.00123120477661299839448205730705232739149366321351181129988360149269724246041787129868697872063754411708084236140399307823
-0.000117660459981822019555301472699280942800012151839583795187930868125626783519735314332826158040887289944556145111691366529
1.99039478725064241504375772956757098173251862977159261830711972080714141349331601345115605549380937471678974831341497693e-6
1.71381605236186078434561376344301883903949991046091988595846734108354514055103635414586985918798341348015345019625247732e-6
1.78163291253996125763133158012631957834738208429587034063810027176074947025551382716554344371292772698215580082856648071e-7
-6.01853494647868058686130288640630283744217712106981661229318914491920811004175341150889887974277212022068718447474384723e-9
-4.43606148392890052479825480722660772929187422759990561126768579730907461805140699292809369630132398479160916889962865923e-9
-5.87428187081694863718761263698576867654401062283087881566607292254875935105096280866750403551426030978757476798433460063e-10
2.97780993381340485759676289121985101305817456165841567540107337776405556119601059482077185027126895779016784761197953258e-12
1.53882275728277174092397920795103156132312547707935609356578124886578352375397858877719687434350701784227365504914324874e-11
2.88777678175961008201904516878432738058681371360278555857000144420724035090937121249231232987720959671374328816093494870e-12
1.47174793693517039991720509981018433783606326405955909907236371914296489319399763713169818881828012470223531499494030688e-13
-5.47544096631259225526373214000711672533827489430326931286440672181983512043066007539744093398164234128769948661000290961e-14
-1.64808760312474900355819696248086995457361706315779057486300589599389956765785306150731352174877812810540372759683354019e-14
-1.94782376721511235530624564421113952398315914736426807865026913222777111279736941869526994511865939231179127810998846578e-15
9.76031310990027006579125464552196443534823248889806811130598048462732579252259736201184580686815147148642803286496707666e-17
9.03917840622691539056935114824641364095806775711114662323356836244218991853338928695618975879721301422072995976244315052e-17
1.86654552856473973374235626223486707374548348937059428401837764791767514158400513306837156929723906431552259205665463290e-17
1.38060637122447903885877855229763132642455962435680725326951235849171808143573816733331262476297541262631619564027120670e-18
-3.45336598859334274085436782004596467750414382528974151198812185939836144653058479522547364110841126832586113650258796550e-19
-1.43410463011166070669158572066951496402095179149664621513013949109562649683023605924271822837527187744193585008908113163e-19
-2.47265614118155674192013037844917802919815598889447126306582432349624450264667040929357099212377073103454442827401723617e-20
-9.70749486466017232014853271921906074430409297595757188466012167900316220310449589892855406635705013188645356646563898077e-22
7.43530278912026471910145616880760699786707301140373197495461880874762031318562385334856719911277668517734397935949445148e-22
2.49619652296883089743455075665097802455732339784331704413498490781538957934888037196742734309536742706982286060448455111e-22
3.97222754767134260027612232538118737257881812573379092482956223657601097631971001870796402520266114319490494573384522611e-23
7.29639844885512080672227689891188124725310350604972607137711923127093030623161123236188786779329154113183541263783721481e-25
-1.52987517081826302646299065232725291500202240672535622695323864431917709259715280488537013678800289691781047921626560370e-24
-4.88321616810976840924348498241961724708220687316256980326570947293540679006286875638071153585078948395089820924291349195e-25
-7.81010094717004246757694701920903672940182696768671497555839381684417796789017141509848176061209593656558936283415460981e-26
-1.43908384380935812876074220322879693304407651219842678591365782122856920909591599840680615109809580218261993597332430992e-27
3.18890394057414067096737426526422683958222741609807483829734860375819430650709225978777523441948214301840646691750352138e-27
1.06422043136109823416597600030623642154298461231326911257009309251959012267368769519112613883459746395703312459706592082e-27
1.83939806129806946396871533276371979359623993788740910353091939446508924188531529845786109540500298718880358997774227798e-28
7.30455931965869014824506166908147433153805283693040426377390957092794066712161308394211451379191863723323353903442907691e-30
-6.62976981220130130009212747154554512191910265541777544068266264261589297073382066502537999763579876403926006033248195210e-30
-2.51747380301049802807895629879167643536157291087357783015217355622308614255645520070704428507729894819804452577782307835e-30
-4.95647364923870616360309652243662735287251054451209118782531242821861288352519603463300172134045212067507552595342513257e-31
-3.72431208305657409919537544123800832170431379535931422417406683884259989994665188586137813042236246188548130115382399914e-32
1.27957725006377891123593458686496543196485553335416049233553410348169225671801868292161489610062200559346207748909738018e-32
6.22433117315025740387931226568497750810979362099199102018197146428782913274132192868932845223543266274993707806951171247e-33
1.44938822059083531045538179082755175421367415202997409602163067314545179866484777933547324276038050856044252587943469345e-33
1.70081770692328378601041846183068017483761784465639579801878095317074729156844705466664800867516533376950497359664250186e-34
-1.78976068343271100619861587482111021332689465129079302321355622982591400468234963956700053200318115817140631088079869905e-35
-1.52695297110907348252108331040743183708356629163935533678448736985442238296186328067797892999305764550037992545813552288e-35
-4.37830325015828660075518021265453938807135428211213807916720078955777574742894440938387440469728810314690820537233089273e-36
-7.15253882742532705382957427400293036179287713935187507052608915583048379946478913911310942531166895184015514825957891828e-37
-1.47865909919039600684775700345078249052045688620530304189795543360104203361268137090771873712355401922115239153707221408e-38
3.40080364245423419140853708646452927594446315185732086795960362622007228946929012632861436765095256774819755007058882401e-38
1.30229974976554536485233764542816506401892825732736319357268896041068923619740455932247827053791662903458678640879574473e-38
2.80775617794242138267974122672077997748894309084123335031088164492292387435606845342692350295044891521379190454336135931e-39
2.89366274708891180273433837167543434166449632168191076281512369085392320827535914184692120912420927319882181832704826386e-40
-5.28269916585195496227910860983350881601083647786988367221492471576759239238433194562094819866052250860417886695337181753e-41
-3.58514504622714049172995642430808825904624106003780247891317653583922733075688640880801380859993347948371117427712789059e-41
-1.02214701514608827235879300514894858918744055075683797288324000856801418900675958697419715046434243127904004161966838639e-41
-1.73271828118732537402338362741394148379958284849513046100354150413126500087191613179372643145703146545379513455690922726e-42
-5.50748297869617023341692595301339080776075549206315293044798328313542539368763673706004549402626451071490446956973202123e-44
8.02337357257316629878277680364061791375302685066501743714070628674352335940585062087882004368525502075912265297440432746e-44
3.34771983111411056660662985036493881127456537885306130159538383224366930303340203037076453025794386472271279306759567433e-44
7.95844242509514561074077941532359712573980996264839191007741343899909774107371237042517430556326918089847459313208550997e-45
1.04716784962950147087158104608117721922660278930035910769290001480636200445164657725342968225933310766443184600918604797e-45
-7.33140910568164267456587901165337696049152736257384990819232266714178040128687135327398186324208812346461772783530260908e-47
-9.08311784711955471645427336887427789763035399768486299798053711474118141535434331225373504097288995614729202852143621153e-47
-3.06387204549184003997792139227964713704348128839470019651842049915563705374675159275511604396191276310468723326335298778e-47
-6.38276784552210906146491932104539210778233830078321536844070176950771863731352549280324155442431715919600755011344668631e-48
-6.22817224447273276982687019099850130809405760605439226334353633461381622367877477992001709461771089141478702950817760356e-49
1.46204894675843000468215262970299229550122492038314663540954157226430443832040280739675738632278980352086513871872313783e-49
9.55639878751919928741751564267963028913473102175946830547688683731157157622426924502466299404496154760708308446871440239e-50
2.86399948269260226062762185119597353892264729368153873406930463577778230892800364900657547984363400371957827524899267939e-50
5.41265831466910338803221744876722302766426621068392710727403689566791036737658760480970869084836201471674607472024112089e-51
3.68564121002697042978322925519294168868293517329144608598535993632530413570803399472120039865350260035311614691947662071e-52
-1.91042867643472437463469223939510066247081511029070645158794995433100196302598035493028408662188587733918175180601674096e-52
-9.95169498724015771737330233834724563294039881318391120716452229309280173859170831462390399826371424364010977947128843027e-53
-2.79190082351865166557415438536916488117111786602595520869450680851251734962025755496314492179954287219166245751888289516e-53
-4.95555084108957706076586286432589351459321848414076751971563879683223048096220743435730082870863120335704084376952922278e-54
-2.31173966207576060889676641863061262222519396327223143713887793879348647157453429835555769549812572407035722761074595610e-55
2.22000653635879610563683289474846428944996842313196526859094112027104833920920790593530596840814389344273050612894815359e-55
1.05134978611493073341638434905790583719825275200191122352965686940273503911920799915727596597505494693955536091143021011e-55
2.86729689482155935392687645902430170959370291020385926654388650277400968959577256270831284934805140899769595463554694689e-56
4.96936652653139642094429484187077862133592727369675193638359094627617563068154064628020236987168567044326683307190119850e-57
1.87308615865498753231643278506058645655497044123573031014087819691907348104058435414504667512410589442916469150494162167e-58
-2.45403628328318363455079133419461485346296853288147595854877367608619632025888950199727402570939956610341759202298539841e-58
-1.13674380390359161568074882676263216863536639265125292925613498408658736876167147501513704321581392197262101527451162469e-58
-3.11005667965222453506688131116489378773666651696717219661671933786011977229237403034235015275208968238454736966647108119e-59
-5.47941115445720184138798865854665335522794970958589869753590105424218165718249336806367046958664804189869959731468049384e-60
-2.38727664074018500224971990299069335098581783680134207924048706103339516313742495756316600311795922866262948395118121613e-61
2.62000916135816403068317293358071254412521188892167303584583874980506852792971813128863622429022532971134995722718777552e-61
1.25745149716393467431537580140441474181152392122821028847643827062511681855364483860791734407155967810257766632115460249e-61
3.54895985277977891758403556442934656200600980226163550233239586832793014430268266318038830540152710124091614152811950024e-62
6.58758149011555943727542264656240902983136829484847119912012816586698764057894177722438850066684540039808496240295141351e-63
4.12785824400257596724181571332989325968554616899996401563791826968496669499647164142032737151067322296554022433332953824e-64
-2.66921897418572325600462319046506562562611483919749994192239155922404479235317851829794809170506509715404055837600360627e-64
-1.41292687571461204399818125282977238683699580871754223202069645858476956314353280205092296919038414666977460549129398525e-64
-4.22243061661568197168357193826924106856414278997880596949053811380898301515937444438245568070821074072122828063897451496e-65
-8.48321388630657148314728826026319348642360661317801512957034310983103318546674745994995262880556979928458550144135036468e-66
-7.68384334975373874530959646410009943786096997325060132001428648580363551587683010716514102571486098388504168525159991906e-67
2.47528155710207574859845197741372249207737243805450205133895396488921215674432885869188398707965274933319642713596015575e-67
1.59054177043840534417906048750570363644875970054143380696276035246484535395125285089194701473248434241576675140211848876e-67
5.17076130335777741373238636710124271789093031917595797625613044737739396158052820701832454696864823752598164819717474511e-68
1.14523472471014032587770974469778978015271276488053640954697710770052241871149462519920293086237671950571251055205585277e-68
1.40706068722206513881952152677244615655856094404733486927929241600577277595786015356666559117878280829444892082043539402e-69
-1.78861610145035993134925519930306699912205796280745274024106739835924972107661984637252283825465667308824580872311932095e-70
-1.75296259356898878142837629749897834115597895092721476527057662827865648636564000081755186672820082789459440650684127386e-70
-6.41302754178989072840340029922571213906624458251672332818847869215050381884049082066136705823802022488125248395606803140e-71
-1.58696990831382126113614972771912076601990679324819609203497383052298664677041784012311932772577797311571155669342261969e-71
-2.48756929370776461540674750882121937040594638480758187864472880552760781084967126277282148093770631896068756403923301490e-72
1.61417460986265744648150269875550787346088979812743253302877936027917384230748931316511189625712393778311214625551304022e-74
1.81434054038208826141154620189058679119978140854851011330969607566514360089131238478365347830465800662620964598051045313e-73
7.89409854680993980447050258610181120073030306987210898271997691807988383104217507794097684198488143586124729650944159388e-74
2.21363795587999527811976877313159110132428672729371915075331736319436343227190806971544359769091748513237740617064267643e-74
4.23815719836958446856910065074302550887698234943436165598381162067212122097719885664353477302468709875270929885326311677e-75
3.15906213704912180407686716196508769744457735595595890357460451069936067689430251514684945203091043534887990976214650071e-76
-1.59962328318816072022975147573914755609953491411746815616044562527193730178410651965438056421321741166715845160811807413e-76
-9.37636298908192421744112000930963863231983439133511547962369229614722282442437825706128149842101926114577060484226110706e-77
-3.04878373985098472913709598795233478956170549668268818681898032694806260208982725385082314193877473392165807208281211723e-77
-6.95078555971791744871712061152304214581301531255931638694539742111914065130021949847010455422098693749116966556399840521e-78
-9.35404579222469397507635612764468166469184321604822670799656213980302173621271875214510288410474595545818532203182092825e-79
7.81503820758617933698842079189893671697055984498051052942165952934915071799937417194627207545022083105461403546276686892e-80
1.02379891460014543078198835429591473809325122855949854021889198542819308032357791124686069574475701640617143635971161257e-79
4.05328792354046272562995050953306014472377130977709830792861858868440482146240687932740381480922888811725249005578879153e-80
1.09211048228520791077974976180159273829986888733994188160623366832680741515143536035397590083802244157990775334140188185e-80
2.01113142296475928920083793140765307458810694505571836459496353586039156512879276446762860938981308853961306609558204106e-81
1.20410476939479171567257806190885749040546843563943893544620362361769840747303699752791814827130734339004006009159616739e-82
-9.13196051875042846679740675689125520348139458945612773674005735808955366139034196286677618007576082260067228841678854885e-83
-5.02960914462811170311487720376078236821138874604953178928703100506569627052911149486133179156103856723179743094810222641e-83
-1.62611965610483886422429091927102465984712490414422432108139156527565272385031964831894957085789994343497667308211123473e-83
-3.74888702621818193352315369318905298129748014818003060619981357679208937261563606367901280894215481504729166408667857766e-84
-5.24126510805128326373860075430392827256207359429723726568880885696946626701139140328047976345997269785034357681405819502e-85
3.47984007168816018676090819608614626952552810918974990527110262017430204547427284484299294292534895274083264949424753711e-86
5.44534593786787049393158171421493604067092598541977268694170458609334186722699610093735040641199210144403257860339065084e-86
2.24558559945030855915746793417977453686472502432354481666032986019866513458917694923428220813494253157628202726939673504e-86
6.31885113688904470429908148234735228457203373014428457551608235735149328698253545798422570689738718501133140941120749401e-87
1.25381729082077401296226421301580066735177231174906919394569535985924690802483207285632002931050314555509660934826798121e-87
1.11266067902856945687827834384430125271653882789612494505822231639477668824781441647522876183338402150393792267126110023e-88
-4.14868371287605892298566695597230491407815699755163250401503624527821530957333514723382304483697681023102534982817750806e-89
-2.74696718203640585126158326861760756154662531560339081370504715328985775482561124410616120445014525259765630774394341875e-89
-9.65237518241817041842426784874788977301745363068249290118866233539100253636106119361306569078412750359238682778249190291e-90
-2.43602235827824424819059833688727440113099635316419729725456292416816288214991511469500841578921644711088999165722328479e-90
-4.12611358095323160422348885915147249807544630189187700075951998458307509142984597915412480707956338970613755124642359130e-91
-1.00734759837371146141657125100882564696418331858149267433992899397569538467391868724142239912658561055705042698070894585e-92
2.61988307387903098824558034498080190711861339746300281955590598301868071516915512356807509961645953591131229264594869258e-92
1.29937295940955283064808325544868133942594558370443582434366660336517476502458282034959146258328557245489010846747166622e-92
4.11000724004132715811337250978855938499134088128963391611142209075739054070895325316070172392939512331022927260626977797e-93
9.47515293297709931740714228584111106507599897255455060441578229721201475887454322889632626523476304908185468555371655900e-94
1.34693723990380841995829964419315690381693609522339145249744984560265468563684631545697611108412063910416783502827931649e-94
-8.25992644008053602720390699811398821684121531533223460669669177479013963590530150749969310066245542036631463805478156921e-96
-1.40703099845326138045086870276120499172914959784274290467645798206672272462044916036555571175332798618552713291952290722e-95
-6.00209646001282727864225190775040145292067545306308552292256462305855948140426786971540767850094250874692292538835219890e-96
-1.76376988261354497445412913890612999799693136697368730174627629881742732646535452821390572212390718347340684042588058888e-96
-3.77062801589673595785838255962638643684312842383246942861949061041642086829451384840856051303877288963076968145104441768e-97
-4.41280953560498162541897718636941730632726848982191719238319560954699118879358063119329912140911282095079707923598825292e-98
7.83501983034717308757511000726437420299197132489742076741368794254189671348086015400326765142010199039339416858112834374e-99
7.08251034048648482533553544485646204779101188444119941075774116464876722882413177692580149622995672468069629802697053940e-99
2.76371761978979823395040202098175575802960975296534501870290817543044083979938799786111269857318316157933958448084221885e-99
7.71701612841117843653026812748675511273989020133572461225144115927931573563679159992022010621037594662476797987480687988e-100
1.55467926493926988153918962878385842874619436755279799269287249093326851388130770069936095571287407877267732929303865750e-100
1.48546051964612213500345002995638371429205662778026494522061112154231915555358234047462298701220135529420054649404756759e-101
-4.86275034940813657197746630330653996973431225143639878415194312736111898028415462951214252950610518575604633731428027626e-102
-3.46656901967538167489249374917900003977545994353515915093376813046962376576342408654264845756629318297660966733954176136e-102
-1.28326248909756830619229726178306584040760897344207459374788662126883256609889678358602462301232396848512111810919152147e-102
-3.46948761692508662807783907533549459275076264304298617847905864039944303944184447180424858962947586974270557345741311127e-103
-6.71539736393203378134950838915770953662808074427323900253597149288886943026127416799226233762587743034972995692790957298e-104
-5.38048508636021654017016538789657364265943546047498082841049951345003012407314330669152197661317248271859071645844264938e-105
2.61924150243100517901730495064414775607624594177740804811062439501537357071078793811314099868532821984269028087843521171e-105
1.67785198271963762195073539110749967781223641824722894969572963393125511239443781961859769102386880551529797401640033133e-105
6.04674172112128664344811317993803639635529500992996209600718906313257443647192861463371613205046039368295964317176608833e-106
1.61039550909917712714707589128504318596293637702710528775766423249655434081244198602056796066469488082269628366049048894e-106
3.06337242602227736996046720914760929022624478597876313159152641668659247115915520031579649344849350497735318353383918518e-107
2.24205852845113207806080073342284951480294595669029287505201961423719824123634375724288187424019432439096325330263627675e-108
-1.30828791563827785804580993911369346173828076651641988375420561233001453968680865048031653804778880339229585047138098652e-108
-8.09142190885714733032081074179651501600740826745102273949172218512266968787748205366085818224688807892525279035913586942e-109
-2.89928863964979606058685444848744574924116128157897723657848022536762124307065374894441355352348339564176648500695354733e-109
-7.73020567194551546795261515389526249833899159879870814169354430825983570364074651198574300368014732737498147140690515919e-110
-1.48046701839777282714819374321924369163092393976820698091605371014432123986921799120114238706966136914932356931453665721e-110
-1.12578322890232381056005503772701483534745873981945750104565936587549676824068648757899941767762410649495859766245886838e-111
6.16981566866822940650655945608417900285210905269253546255316231270539469043041226617103318545342279699254481080636029623e-112
3.89529861040459177042641334046363894692206820992499728099554824334008145095367963513014050972215554604912859584367148528e-112
1.41434277326903303245821887180143440870924390551522928244459734309065492379476741233369715999487904232614097778742465090e-112
3.83291666701095820099841574442746001367598775178825617269299107455339921404022815580488473156578385592330661669334163226e-113
7.55973645115323028806228298660182220940301155901077009014705524035313118370926029332789708666570538425095921058599288826e-114
6.66024607443569435680563579748853387135436911103328069345886224715019783514667420716801570884283671022394525205907967185e-115
-2.72900347346411546274599059875543682266578891060213538693550589581938670091150363881104641603174681195329822716400756780e-115
-1.86732953022850247582851761622489790634976751938649422208200200603442978928421726878844939619185217556373244928124422163e-115
-7.00102416639380278099822939222789181235923483195276253891646468498243839821209419637834622030955666845474666525468174229e-116
-1.95578726289217844420558074127925681927011621723263383998243492643605657978645854919521128984419466655324445005890041972e-116
-4.04722147521754462724836327534381277004355439579286933553892794779839792868494854505465640448728893595197745221002183743e-117
-4.33917240766989058295326534538278074899544547741204010920892266457071782157669975401352018857672655319504245079355949122e-118
1.09128413748495159510595646690596987967943110781010724854968948813880633006291551868286649211503759707749456380680895952e-118
8.85204259946628901602993953090858075939629407735943216183378044944238678088222435088595247661979939462041629834926154884e-119
3.49916212769461647387984112490166861109142687016557905311864339456049438749611110931233566543092331941994491927401949378e-119
1.02103280066999698392215482571268081028143708624729672442133656303157424377205739537663909194548378440790255724664049153e-119
2.24732416294398447870388605283881207044456727452965989361703004636271109766274976193048130395158872299041073323603340838e-120
2.93696559554967931996263280772614911717751325754110029492042935545000326610172690507285723020149625441523786494745632529e-121
-3.49430238962898699035267012297479883823903748730002724098496402973956593012199835338245066707394423668255570015662568497e-122
-4.09590917795044223963280633808326039148800092021380628284467310080970371180911595736840508387536523442038238038442533113e-122
-1.75297420366572227968652569308820673629543053604989270321011568062906129180880797516768899964168518647026020560755517100e-122
-5.41331809416399205100804232408296399187398029271655234509385278761386808726576817586154323694339039413631552402258265591e-123
-1.27923951782207844772635670885004883764563043850282703981557881720541190557878498537008848924465349943531980203366359866e-123
-1.99897955103149005777464530846948792092948664239643606430054601986164800329314889054245563718564179087683804541798137402e-124
3.77593519220968955287379232395946613760782788584428247680925612512174239188829428377916864818254654885943535591367802001e-126
1.80598474876000580803471808972397637612744381961422064826166270021869499189637409732428425298545885729228195138647433121e-125
8.71170293510030742679590574374480505756550688161106504251137176086510077263237620934031526774252795676747115023262333723e-126
2.88929076193657370121684207482070106834628399909422306407021004093607300945646099287088826979725292875153697258187190976e-126
7.38078293878425569464294541275713510040851860686941100262182074312854054197212641438192993716525723016675126450264059676e-127
1.34746934448999620028593017259253656547537346051356607806259948502988682548043385583037537307770208626948987687592628547e-127
7.48881908522460492871277718327555133715829225740040887787642002875238834285283090554674714553348817520752813121254241299e-129
-7.21350032266710527104763498710763337736042184979765597045055288765115405272840582100039441863549303662556597646582058390e-129
-4.23044388646815766583372978143048758214052708377082890286907185166905538337817541069670557855674898220877540632707998631e-129
-1.53657145857590952301670781350857536827617737870992623389067566717241925745073684988191831925289557726173628857617933475e-129
-4.27077229121405551814438853236031697907311703288988870124469226195444595768222678356709807145174302061616723816163087441e-130
-8.93090597659230451473985399749432462646333484186154795112130872795453129021718226451420049381645028833447088670523959894e-131
-1.00382542845466447796683848536699304196074495587209499099296858655515823467178887309894411184432361419321614339800829709e-131
2.25287750210608053613202309158251109378808293102695508866770757790172734985738553152524795810073412581530448585993061297e-132
1.95876769253868257758876012311882916131124491272102412095379145576805934457010656462477048299224996256559061056193365994e-132
8.03886953662454942671369840075062979739926421094974233859963590786969954683519707747298501223371938568525908381630587732e-133
2.45272343141833100701709880533418335401519674981090735479087984743887732001130491877451675537544725821135642930888705618e-133
5.79404155431756678158732509077745082026116849272722093628897438677668201606785582300317213630623475646498833879936435904e-134
9.14224159546651926554720712965549413483653812088651494903349485666882525098582655284717526869460952137915392331573850023e-135
-1.40445943709704246757765059599155400148047615199925725596495413884525683336052146317509876986186975935372379806470972118e-136
-8.24381447390249267018258573954443673671934569568644975023031318108015204620013113912782857836578382637801730377340679842e-136
-4.06465094275027873876610674736920636333312530916056786194854195146246695998197724703524103489740253883716808016875001487e-136
-1.38237524863593124990974763976554422174291371987358545734746191469453855279733531535187283423954153257000089545889619693e-136
-3.66308649248619062288764344999037302549327881421554445237475445750107294862355350826593422067735659143825620761425047194e-137
-7.18873759499102826309588061792179324897190528852525515053619006411824424436476042612022303699860628295983313067191184014e-138
-6.25296795193039158167201401192592814482036971290483265960533502519751644335510371978427947038327350755574564796989766537e-139
2.77082539488307682365323230670992551255776157340974777098682452578781265821524647303393541185390538261951839708902086518e-139
1.92973655171306757216101254505720448913178373159372002398132485515572098682886318177066893329132511144513657579953261796e-139
7.53840695237990835802231993292627731212111877439173640226976487657613590157031561682059741317473864127068553013875864124e-140
2.24334875962967492819784167400553255964181049509807918006735983342237162362060734596848453794363310526995885629650109973e-140
5.18805160942020527714042351496402214014125931213036282016985618363291722210031432931555108852117833405514318906688937333e-141
7.84683158597318229758976976992405468719189690724173641176660238924548357567069163881731941262106856812323673861318279878e-142
-3.06756301539578673102255706026658955963628421791702177722125105779861760659419385248204270261020239857143752539717731630e-143
-8.10613683656872062887164544223568935036739081882731751442357583632334313559371243488301990132905825548353464089372318256e-143
-3.89428419473008757917287928785997390330045620117276071384031160899462240172620811535067392565494178134325137872063363817e-143
-1.31875098566941689897708454019139732946691364765169215846862199325021134544811905504661452231131907029861641923540489796e-143
-3.50896396777930502589145706687261716793177887597033721745575584622796071281546614796317175699930497287609821041313231513e-144
-6.98091980218789070824240599788407977772237220253906311065913346199812743613319996819923521761800637957134013031302982619e-145
-6.49024270308267018883912092810265576483990276225946356452340265641136502251694001792388118228273586266218768311979693979e-146
2.50915950630737926007199259435732232914676334201403292716595700760642424728287997739651882674551319111087102477281599640e-146
1.83363622514973675640299410116046041738990834415423919883602973362455652986649743401949896864313743861925494307012305073e-146
7.32933303055398251769084348101160982607841229794588253703687453316248554589609708917129003632739594153417859230938945930e-147
2.23457245970069143704739212928224659635523577345307773469209653444153703553823474207226619189084398468847085406787240662e-147
5.35673820949109682836920167140340904858091521038495159465440320317218318163148791614873646410053905781099039328455159515e-148
8.83512743485628842165491524408072490505065387332317216990072189559968344412988806741772047938751853099247064979282101253e-149
5.25133213042759546358078367920754070345417946090313907620091392830890799785808844857325184237889272197621039334346747579e-151
-7.16451567383489942509606938870453780916253439880774347131493105140976756682089318120183856284524871049014483466250574202e-150
-3.74463606124712287533492131821888869476849250176425797281648907755376475244097978603970130359521605062346284214390751280e-150
-1.33146317080049516882354019976037502877852568638881529213262612265314264643770410442243257760987613235774921634850758329e-150
-3.72727016988503355760605517397188549792710312122021180956018897032920503960051299581160912060626359541234563896331958050e-151
-8.04939543841529414710690029133011620317353939045710320518993086183684650159260350929071852504023413787812793490228661992e-152
-1.01963886426495283252549044035699620076170221095914121187044024941415168843849534068208436284882672338363953195836563073e-152
1.52123921267323423609387806761735381605814700334517692623948796184400806951211002822432424083283658062232592525781740547e-153
1.65130812492677428453692783575143913490146193622235353678789906806872749130323771778958576794624146496506677713359737168e-153
7.27924762440956641104491519694057561395650778272569800248367184762639207549206833322076850645489358822878923203033800152e-154
2.37991851988190711873456965241943891910093774358986636201361572595846286266599971570977894822040559997846060196585156531e-154
6.19129077743319879303022668718632755349872677427496152994715882738504487894743948795444288892129026779074470140120493652e-155
1.19896748747648946147631810464165417672562379410646627316016760704232553410047057325279657455343262712828059701867941086e-155
9.79392906445188936137567723520044315954157986960443075045465911813545434134935444784677566841881094214524143833000698278e-157
-5.08942413419039648320468421054251177710274254900319477893440136721433808569237873673232683585141790230865766396833572479e-157
-3.48286254142582249695549309505535134369065625493428466573346912306782848171342545510792005098200528201083579006228821554e-157
-1.38172078037540588166393186985702258272819382954513102936798626409531483072197942316850583197256939928332975245979888317e-157
-4.23848552986137895204093733748525984614401761000848635494155091774001053402415518866105755283387808945934415662286347289e-158
-1.03391981311467309304558056112637943692510773742856082747211297405380481444598477695914561397139634858249950963622309940e-158
-1.78337483691836373026842595252725784631465059789435087130238532333513097671414123816017154355216900140553459216993786123e-159
-4.93810795327747049991067378740138487896637589209016755230296247316622855733787917852952593498936806967529787955807656531e-161
1.26438454707944875733682543449803292171006982092938657766782252054327965032704279028193306439418133570111453835685838534e-160
7.03327689486624599266610365441530120975699454635424628408588395960661126899260362447531419865132430460087822395870585164e-161
2.59898098915594933704625888260700402775941196336745685227245169148051172513710629506374512358474752950540940435713860308e-161
7.58948152959071864712838316996953735692851799593906158927875172983615507025297895436478584360681683141284644749765458102e-162
1.75076096943689032062753242054258756380933966595555400070412232905986182309803612838133869986030672841505529292587535266e-162
2.67518025385885187982387033304431274333597312697639202266171618670716371667817093158982911195052409869605633341814579601e-163
-9.76945894604651772696024269363261785737787901561391502849620359743906620781769796104098278420044279517519818676714394202e-165
-2.80698219361787322850027105696424090489975069351483946036119778067910059109993527910993270530726762557372633991046351224e-164
-1.38981243390361041961906550288509732317731087883129019615824297717981572159271554703308914197903256563988816158084579942e-164
-4.89001847220019385251311219025877553686396421617836768092149915790747421196898003913950448575739679237712603533700694956e-165
-1.37582658016459407794899096130787602113981690994912598828394623593829542483041546186253927114353214265190192165457445967e-165
-3.03038208909595042824210313587899774616857125779690300855042831203662344813904193747167658276655627369751261389810439088e-166
-4.10708337336841859174592127766513420136260676072001540992885267105159973595699314417786488603605395212687168948734981982e-167
4.46822511985797632596386361865177723743645948276977932583512510810478597059995940377079946806961614736236496262406909638e-168
5.89181867756506180855669532138121819996834147695667093995135550318313625715427261502741959207826126612040129390732467999e-168
2.71997479061318115802003341066559337581480139936910596459945283489241122849298937110106975232339056282788118728251915944e-168
9.26067246109509996722916837152973506613837836222453904784773095847944380319391299192839495536294245525427310940557537212e-169
2.53828067426152735008523271100676617559180125324340048602775299643147373227048255159156819026331829718940745679804510728e-169
5.40121874189770453470006643576301638545315359842851102000731076544339537815851965551802284831288088616984764942609263555e-170
6.59221398497664726530188897160204083544420736516100245999949372459329703416981669889531560170569582980323464998015115005e-171
-1.18678009272179904797489383737558973060981811957911310564368428828209478427675123024831612542022577729513052199018460074e-171
-1.19783651729054035176393966907359503974840431986089995281012106792144584208854696667956842767439892785519181862864933846e-171
-5.30905498430138689608156805452610212734199357213950857544552014288289630400327038585586590849761525493660620430354390561e-172
-1.77229784012218369946739590494876107619574657620219695613741681339822935023027010200301595905413717665287039231368350739e-172
-4.78339396406929689922131526727312075249846228879706490294863665857822108755799216859712290988050498665043235723855179686e-173
-9.97246402241457562520536770317588512323783945297918578545388295777503676914805247785632695632511418637094849628283088664e-174
-1.13530137188081607851407138605532771301938882354484538435894378815381960096691711704025337663372365458093187874817646818e-174
2.63795087060219771589347604286543064394038613462272098034193010287936543478435108134064540599980860967626069518016433770e-175
2.38614879203339262795410752966841429824556019569449221488891928084278112715956913335697532422260140599478038718471442201e-175
1.03748601710584322207767190812180038140056667339549011880791960751740819626333842802166908507015259141291510996176204620e-175
3.43526752837551042094359127641290633268511870012440477505777955681157900515975296548234374683804618928638098841398894534e-176
9.22669602418275432559996749340015883501758955840593696680554696036800984752838470674646844907597656594138996026619121667e-177
1.91431593380241306224845083749798529681204442377185930817760970734568274920432756139475855462693610469391164749859966614e-177
2.14404241985655263461050062586424633494498868206339900934632957755328121402568438456837590599518827196279020814171474506e-178
-5.27818184036735558661349730563815968091911124063613234763133420343444470924477152052493699713205943859106594771979472331e-179
-4.68084779705825381163616519231754447832605235790667889856339822267351528910712073905807934212801047993628283339244766118e-179
-2.03304008008443685430962467769821842742376268360865479503915061644408272768505241473185796946290948364530152276623334294e-179
-6.74855221038617179224188862961323273424204515064367934888561740834825583532410926448788150178008330396951197574626034138e-180
-1.82236059899628759453940429227733975547245234547403705373315597112109605251816280795616960207799475226612130369493079271e-180
-3.82274657135123824935629908527289654844329477826446000827573820845244423610938942042383896204032448753421073091356142753e-181
-4.46409871450953514812395136047123794142009452042724521529954900715918386141770901285700685040071228786164849805146653275e-182
9.61775671969300574361151581444830684880817362543524374089101203022962364695602977661826183970822092571042470789968842750e-183
9.04791647249949378072919640337085648344528171778097094005829840814932857819479589645350079314657644514532783458285901535e-183
3.99382057718551766205105378791691336138685258846573964101738999677600119494398016429305933469148569456287015769998773617e-183
1.34268842127657366806036891948594009750598964534940803062815379593709439170586749795957326096385885109732885583942075631e-183
3.68091876653646960992252181879692279669683461559389285839889407847555320497645745778410185582763447501425367347663467176e-184
7.92041420315901140474742200235487073251143646221241624539655458926256509290293825082897536608184420636794843521277566961e-185
1.00964487259941358573670575253586255486798223292593563642143129340939268637004111462449683488102704640763721158098609831e-185
-1.54875461932651305338798925690892828331834219793626188260681766611462291210823926702460525609627949221665495170350821406e-186
-1.71767447057188628061045213205313509594607903667840916037403190975148813368921309856198363277275820393858597861753464039e-186
-7.84958206580214833322559173618781535997856701986606459171463079891918617844848914866542148308555666201235859121056422041e-187
-2.70012102006181001017737973632777678418044488359735645104299057974732574048100394362294758591078992240428548827096466212e-187
-7.58292461666487647308166161682066862107065356562960034126449824949477706854029253935223246996653557552113813261699726926e-188
-1.69378548776826637071774908123084719999248792674566520751520597701310421691176955337448526742412641723096865233613943901e-188
-2.41721118930558925452187205208804600168069998544194943161468525340255774777463182266467621642947447167116826453514263267e-189
1.94246062387603477105279230331017782374566123516462604064537466250044470653836059712726731929611169509597374205399531664e-190
3.17701282228173869336453462632357313836623672990427294380361217352579347634173845761675274209156135128906111505902682675e-190
1.53771530841146237164870351642553240063462587824889805409791451305588490309736963068742674308922177374533746401372865528e-190
5.47062222623379564007703531312475371097915854462831731170477074086125292197979033944749937705737487883597007975671205493e-191
1.58703313482759276725507057502992276484582004227267659504706704172614884519443609407078165213178277685006784378071906312e-191
3.71319744196823839915574797646098670962536556738392714168804128754901349842895819425888937174075335439860948318543639038e-192
5.97505746403340842075830165262459234279975745737753580697523619459362503346514631760801205682291790450664834641279885938e-193
-6.42183036227090637509134439913554667304542583756016969756534444038949592474062690294202014844787974659527627195827012510e-195
-5.63621420674201518248460769343374169887069224260494001929399468530942543131336174743148912158812445974926980737112691992e-194
-2.98456113122908515202839497834754670538165814058907251801762476857476375769454667294639688509307144829494830677452045976e-194
-1.11175808298777534680239175933898818138121833284863639681551403269127408960131892339167621685935090900909178503266164868e-194
-3.35827054581792258077986036957265515699693210365039364919712321941782258936093414293704888096087862741118397371754777191e-195
-8.28334205190918727766936901149990947272108616488764681052153009220180658090252677693721193337334548540718613445238744766e-196
-1.49708943713505561840055504172556664266884145998518148206364483038971779915424793848641317789954817920689774954179149917e-196
-7.40915401883450832739940239759814965178815554105189422541582150207317585747747487851169460612675832869736579081931813725e-198
9.29100007924389837587761245913284063215798563373619171057829230483776473957603709010322894794086311415362086049374883003e-198
5.68703620379160387057639154513378219951510654141476000511430131414067477171575299594261910877734652697218596156268720779e-198
2.25309841890539942743406112307817711222019502153758565096255560717049384458522737174051393087082559087141116797081678017e-198
7.14517528300790704103936373873207771102243708759818923984839410153357057126705092284472082548401021388144934902395756532e-199
1.86661028449342445951923961138330726150464033565366173871629396519827004251449150511157544297716139084472107144297948053e-199
3.75679084351383853536044793327460873909784496305503738047297343971424295134307291080161150797021860014850108331601285602e-200
3.74545018982146322066318584422102565001619762557471583585746916805939935959956954267448326137616512991176602698498608276e-201
-1.31626513846160855190427234787995949493896839987899583433193685596893567778361025100494519119396139102439925248144744372e-201
-1.04843318344822279158497099219546907105669208129052504234301655098864761437562272166290475333578065667516554407791295842e-201
-4.51875294177292810330004470605741901093977493936421022561993941038617294007165610786833852836330641927150861688088819772e-202
-1.51891962723686875023380889657192607416716620496088995854901428440416337949292256346860702274121679786925305927879093325e-202
-4.21940038753609243431934702965930509805894600429690409334470560873719548374837700733466103199077774181551396243136553931e-203
-9.36967683745057328044151107870798949992973082477371804784665171082585029715217894183181553722960014907211881193572182165e-204
-1.32476411287769456371370182630049788691630790122331881015266755219827078252400740341275418744000357908417876599951403513e-204
1.17018905777160751828516384154298008546583657842458803309789827454500161499835611479234971509809105058731981801086526043e-205
1.82202997414619261987008100037308328498616972012836258236405579329643415253550778251945703634668453273854110524274629626e-205
8.87392552421447030831615928497705807281195774747676555045436541986775461561511613522182884122878677010178610440849063775e-206
3.20246766612879663130971491494977758580939706145100292096787498453865419585805140331907244035539620437272135471496980972e-206
9.50245979473754081506391327508712845262800645637389897047753703311050595650738267900471939540010251215845879586734767703e-207
2.31030374378002995072131413149618305697344521666320857839209680402338658964333724673422446834379496311772897311634540048e-207
4.07987181478327026530168766746035766283967293507213307175367657883976612349721431476596014807600589319463051688145779624e-208
1.53596226317939666756176424972057455099288021238845448691199297331041363182834219508633587706499875298366100105135489499e-209
-2.82280790397135242220740247720662287898652806413284150857075523748147244273501416579097748024506520164905410741960896773e-209
-1.67910612640061290528015555216748596157967451815953087105189428019987626471168126090935007763235242023647957173687020290e-209
-6.63589532413745994457332759990075108659130537167256544549141233800757502022192480053997514049925233870743195815037110635e-210
-2.11712792000851231064145351505655276882945922360864221327813363885770809858532990630401425184318182050794708470582725952e-210
-5.60722296655126674628704208312883822762755365824964794175321439472990944414130161877811914242250830131539995061358314029e-211
-1.16214834133096019741805817289593208900389503062746436519190847278280569857102135395309915399061353231860292983960035735e-211
-1.31236717108244825502250401711991236717249953189960679944263475716523669301627615417421706747006586626385358260436547393e-212
3.27867201675731822776824277703802238246986127177106294154135338873307461996101360056924829899180933803741008308372609493e-213
2.97654480147852288636346445955642632237213049198802823617143790762373482333602789406655696277691441631116760990791762559e-213
1.33467116761507423728177998244147859270545413530174426818170276543669615315846467638160657405524754991072054881455217930e-213
4.62914845356913342976360603918104837324591771742726600284980394881157662472269372316867276731741395504877781942254432634e-214
1.33355813593883639504899766752839851810644245554794942772956682374113190916212474163966961144436083356327247719829047566e-214
3.13554033022306371308638827182044606581797723568659268974207508068281991333313633552430078437950287870536218747572778743e-215
5.16273735650220906207694936486859922439983468132190883228405112974776238644066060037311865514183105526423701809895049359e-216
1.87398768158079256015765774940225074583498543570576755468651028315024596574522720910802846973153614273688518682784889675e-219
-4.65216015108242990889084380263424945167133093263029134084338344529891782357616639242860619826673677822233694450779491524e-217
-2.55581219427103046558275959636087115272392729713816841825301046270019758862358533443034995302567993479134931438974045253e-217
-9.83208718529248925868899644299483755254627178614853917747722263789901252952130310054387089221527617304957415495373632441e-218
-3.09086356863138596864442042959539486665004616102369991400798314932504871372674153914306190866806395773487981546422243588e-218
-8.09368165122945335700840333112880432602534133631881135319115752622121121408960872843774580077526877870207928191399502591e-219
-1.65285021121931740440052140450820778728581900290900661020340429187828639788369141629705924367509594360089562837496895181e-219
-1.76329586253326554919550957257407575534435872460953840802870207387922972170541377070646886310812728283308625627189613636e-220
5.26797278031858502653502946289349068612665354657600336170215274190323315773310382547578627073693052236785592477965052768e-221
4.49698167367738729787275106026512986721742235537707056878814610155809824192084598097048014462135032457557196037328206705e-221
1.99841577627408982089083310249874470687367632751182067908196668972917296258664865185589958535241783608388678190599136960e-221
6.92882823398153892986572996165589913427222158876898732291659156184230440664189382022730879365977386949125454827454819955e-222
2.00465394568477844752345993735837304919915609650098977336191277412611272812634499074615384688598174231639730989217961443e-222
4.76074669493629312497246105120463190948524925668671913854699420550736295799836266351086174740361116135837920500645009601e-223
8.04859128910430114066329853629171088419007462734776796803358815160039281571836479305714186078331828970422095931020547213e-224
1.15310482890769834118468502407197563422530171540373097819917096443166020251317950227141848216212104760207392392783075990e-225
-6.67627496098819910353100535707526152789546744871546092577937758451490974266774383995073725077146795878794048844341485294e-225
-3.78939247080139387601379052096490255269313451010293328696201038277028990851729516586623339849744099293502982518222456029e-225
-1.48500947361016710902443374761025383264236941176242041953301454513814744943476127831720550619507913760005428625082607235e-225
-4.75438258479692194108617617711920637067852717708740192128140770176895185398110362465869771000803410461627621934042093603e-226
-1.27528640977740514968786528352123306303014874432259537657484748552361543607269657672692736984651174781757128312498915744e-226
-2.71980585991965296254953975074860120210308456821101927413282437773343315184525803740785410442992997393129146285440035126e-227
-3.42235681908953753525023765754276540658778353359309128703027000854876309239477082544125808758707493548304722304710340868e-228
5.85127910384462106658789426385446749862480255230141827520840661272870781632940767164832786148399209545239289985828728699e-229
6.35572697780741884986878579567305901488664217358835848309371129065275368004936110665664535352079007012018598627438832947e-229
2.98360297569137514918822441833062713274743468812895945608103462723958859915183064851855202895487307657797774364672599977e-229
1.07191671021819230591837699862869994967631546161908636811272900724931857216890092724007066013903214313690253241265355623e-229
3.21340806460469025249510324898667015676988230788443989521083041305175840813766160065263314953188413309057454877629963999e-230