0.920720811089458552224785379714534150554019669344984064619070765830646828051786969638876035436073363327672208503440437652
0.0878367516914021993974097914015143846283032593421579388435504983578978491675480644398975877042414129296042447004904399823
0.0106934531748160187922427894395945186385827450221814785986036510906053011201685468867172834263485283974074757814521825807
-0.00534955274680826166845873758110598624775969210719811832336699881837545139805996978470886575993365524595627511245365844145
-0.00676956677479136821969216869375640257112381526202774821285297547490733144341079116349451621765576055802905792667532386116
-0.00470054365109873362247059214223966878693522744023709159509327207473400305846284043953023825697396128366087676197045879435
-0.00245656681599824866013610699720417945441198452376200430164351514022248829578497854275764414522507164576441108157251372740
-0.000897574045092170186970324662939339566334666214263546851749727144308976380461757330735518816496609858670440204664638903090
-5.39726824028133113856177043981782182595185505868340542013601527328508468669895958035773744069188585510996380828898683520e-5
0.000280609241551260086909664971821149255441675036638602880619928962273227956489292289344177903787175428862583825326015257252
0.000326815782247051243586840334189052571563632849594401261381357167144547132611716621020532028865685932566045103144592602498
0.000248222631186319844700562532541978974986978195944470083433114282080099776240294616063442469457055417632604454064312491865
0.000142653059297347790788412090257170270288676445916765416738894134805205092360968893969938677103542803846712752858528742494
5.63300637186484491695544204482896800238300048055121345032970957958161339100092636610576960430350578337372652787444585511e-5
2.67471274162489208207641061287343040791772932332276453603481347280272062930559541085011858422962676451925422303922596831e-6
-2.17897238344705123164073998055055146097875149640841964839765503762481661844639175928569950003586809090514579976043866327e-5
-2.66131763673449454428193903057247992825839003994952459026633249643768316441773849640703993760554345699362049240836779932e-5
-2.13499101438976086795404649788060712512577676378460904022031923995683993952928668166504247403006960149411611711349049500e-5
-1.29873584302989538202687263383665375190981317698926419060129749323409386048100059127116932888958050757392893453050140360e-5
-5.50799228190594748845439002285041219377711608198583711229806260558985579000043663693678445566586623872244150449525681216e-6
-4.84400718886606592590402243097649571896020945002348378543333192602079629764610593904304884945796574534604798442281608169e-7
2.02333931675370401404689284058486855852098693383584512124544077225178809339125305033311580258501233401326249833156182498e-6
2.66517755242065733799756110282153339793014644443838953472995361367117738492683197090723134110943135153317765490402360070e-6
2.24752198906904336059227889053327807117510877182712460078235744096658637028423561884305296590884292331442742968798518710e-6
1.43599027948949960817058707214705998000817883299971719138382631949972973493528460938693928111774356221323984218458679597e-6
6.53326916891878172600715619717867374363293168528245533459095280631524310353252418932688461694538958497163422366287107300e-7
9.48276974235021224458262981610826975477407755175661228462973995615895997346456731475783030353752129469585869171776148999e-8
-2.04834490439447814130100530373900811130006380054159080953193775131053524120365113195835961675686786936070384362170012612e-7
-2.97624570551991016262002676540978851208401872540200272036825362379165933201596209723558742491282895713994392348520046703e-7
-2.63853143680950475613057980909894140940318501217455269072866573227753852698588115270769852153681723966990363963242027119e-7
-1.76512845547648621796310514460967155172103212885769136002696499864695524248912910085357054551433325208887170992196853107e-7
-8.58030536467852415097101514764101181724374926131013886668360279330220560313271576051257650599268750878464050902265590948e-8
-1.74953658862047824511842766001185440513720915367259526393088755679205981490517789896593573786612877710000353899460984904e-8
2.14986019150322401915362267419920237364542085050512330250395297194839435296378456505898135446050233117818277158885500466e-8
3.54554453081743001991200312713071437259996453350269312007879500199814249997809530623065020069918967339653204508438684193e-8
3.31134888504910989567573847995930149422576316416088274825545009560018409502280546653134380518915951133763338446063206269e-8
2.31564809493973274933064743852486601029576418953116147676348336995013036941462678424133536688804619170021997884872428836e-8
1.19677047888883427957704342855741414108437116114457171245236300868518415335969472192079164668317006077261009720613083389e-8
3.10105296434583989085841123515998074742080982091485138593774149183117456764963800927490398431856436738896800080259880386e-9
-2.24919138150238562235067985335495774724998503185496048639898932363064990504131766513189367609845813381832567441596497602e-9
-4.39721656284538685505802736200731862082822128741028350258232524833019183168577121089511572332228794886660872685626322527e-9
-4.34214585052516157757648142846771688278550807017707575523259281940901181740914998766712377972469512463413651889953972623e-9
-3.17154752602658515889387787775945159039455267036583615304569901316993107186602885750708535560965434121156695004557668948e-9
-1.73457766412633504582324991252722708449708265915744470703426825459720946147230129247359647933004511037919237040147271274e-9
-5.36979058385037273399312879656918870253108362627458274978010923457583418369571341642134449995126043336093218142238751201e-10
2.23505567985190917334916661401718939787616358061097787648603871825737272406776392880413447599168958832592755282259276561e-10
5.59028354704066623146463645363988437780854090936824095498550982063317166500816655863733716438848949000227795631131962892e-10
5.86745251521345947200213700611816334049167519093650144890966126117241637057022731834474381341212467600960681648929756867e-10
4.47552051460617312100934995513465570636678600741166663717680468164031120615665459321437396799102546992183098899135170234e-10
2.57990240595673797616745233673459362324871301187922159777983858591854338096956327493840706107712200487905312337204874318e-10
9.16941905310138588070616821073234360188220650006883299407872460324593080392620459407130190303254871315633532990398692519e-11
-1.90992182260127009874351661668093659267927941579997239978011844191074532030276871325306392725705278253016862642702312679e-11
-7.20432795845883866703958167372768796069518076380231445540825379406685116051768917583510915862374645533403648585044255682e-11
-8.09612136609702436311375538087171788722152896300643392499890275558094843626730752042165352925251693040163952406426068919e-11
-6.45195747348771776349572408371096212312369654420094374301125274311762746330694740338463627181484807998702672020707890750e-11
-3.90715505158063194089403216072461322220834504950794362489653541041497543494965164798572652506050840503210744275970655422e-11
-1.55204786714737449454324598412121820758873378852660771927498345084551455648170363742014250770918213850344836179966770779e-11
9.09430150931151260707734540564018213550032835163467210234167203660661002614643021335030902845087028465135547202462461691e-13
9.32424249228498538474687199559799718668427271202452755786695301523755092835051581629335439340130996361728930287416804490e-12
1.13338811050003478038822586194951414138905182825580560169918124627532879869027920277042438768723984358468865545963016139e-11
9.44674203155127093854959309749734844397188786022978957425036012785112050841155060065784227154538822128649235088898798727e-12
5.99434630083875708304241347510202816164723810222406317469702544073313596975211320779403187866403911419262630337473446806e-12
2.61164164462959336471833098038989087521392240208203245041348265571610167688281634090595995417649301010949524476295877641e-12
1.43405405302431714130103926828131877262065511454061623553095442120290341509701394348540867431628739307384200662008926357e-13
-1.20098881193160227736811890028390610162953484790404246709876340585661432713075465013632458077778370777922516127968832129e-12
-1.60186509397846825295345821419527138524148496373090102392476556518908332646030750930346538617246672353835499779024189833e-12
-1.39891503685820445305851300289699111912151073609694572124647136901724592187194141587589842228061944065054028108685577571e-12
-9.28342723726574942998510539694183474328010545576375183582856121004624238483453164823043128478479057438557219295428803495e-13
-4.37623998842127439142386577337335359552911845988120878035319003072484663702555743714553598322343578493004251328243056219e-13
-6.32724253709995513597539307239339447910299662544705937517540395395464230601900262441774895267313417110023576722899512625e-14
1.52317120162533104622367154726882584431324328381196655486431715106094357337596566830042505807413836582490992466675857924e-13
2.27661061025614206919199564289908764579943846362962132875471359222813386427973476966487258814742530191248368981515139300e-13
2.08855308137759874398213428360245040462449963474637004001045163084392135878600564011552456061244324818164272755249085769e-13
1.44760162253817920524370535403848994812330832590144771861999444283358610008749156322516628693098642777026414132409468741e-13
7.30970042559848601099607395607026503096919909121894320859870456068203020241031103995261324610668301951823703389795004982e-14
1.59233309430465690360092122617237882241259661205274919445539579117180566601678875918562542343841518830907723082777922833e-14
-1.87395089311638479952555761132414047421503034350564147637297600670393810789529366184842893240009909797197383245179638809e-14
-3.24227210330955728363846511420907838990601655851234520407876029140643853609651225353719938715337429861265065439987217433e-14
-3.13591225726177500190575333038578647875508487829086032476735163806842695159906539433130043750788938425536717279015470328e-14
-2.26845270557877391964237022995299840462473787651705062797095334902612273275221949563473643525999495458800234474713182036e-14
-1.21776211587652645164527652859813993001419205006897022594677474101576475781707068327422034045006628474496840776437601178e-14
-3.40228897891487474887426797802440538553040501907092598234318401070340556700159935523245482355430257330039948763872261643e-15
2.18053065287656788686450602071575874290195018235415193270889912353380344107159671747522749520946203909096063463796702783e-15
4.61168403343724592545223353919259057910575313520897271974331337788869768262561418898560401634142733188165861036861260512e-15
4.72561110196842601966042808380034541032842247571817979503449470585990421660455751038986284499567410663656859664255309600e-15
3.56697943840854012190362334544009866898551498619531650682897628510152328240041533515094045890420228067098021299481801935e-15
2.02410937168333578082516444658209641685517888391494649289327653811754089061385557357466041220286516966476108198701332715e-15
6.72738142863854678519151702646236470186558313939055295073235486685827207253947513613200821470678886815981356713417142320e-16
-2.27344926296869385781024986966032323052682441207662895222737911581988045222556760116799212601917539569887441651223752830e-16
-6.52836689313403740305625429801262469942986846825160003634946815933352081254298174284470924303701006868460846802721726844e-16
-7.13447748943868713867139482720393221527322503292193648315043094259344027851092840641319078928886169863406710876413236807e-16
-5.62130629686021644285570845134581836207623205609679151876147055310075851490374187037568391895553058866664796890931004242e-16
-3.35728921144348145213328704860385202671769260617423561142223405900830482296823179454462487267090651509507604927885888863e-16
-1.27216011390503579364516495985826650274891987184161188286158892534766070672239407735055175937264286522189063598981191045e-16
1.79567983154169563789094514262055069592850206777071187461971417619764140247038807562251941192437432854714302491979582174e-17
9.16103201840034102490499238917147283433166756065605604657097883785092412774030563441703125489687096711969264453658346860e-17
1.07741395564671199248620220138991341488870828826991548797622316331905800252264201800462466720907443667117829640900207472e-16
8.86953363022273699219644756437507234744938057417395493223768813903517672821634588210024629314437586496800223750574649719e-17
5.55719162013618852651948485028901720392768903294866392584425280191357442652658899033414466508846928919910512927355682227e-17
2.33749944068943606893611385639179499996330141532513260242933825719530571849552874017495070672965570127916155736478073299e-17
-3.64742246070373745555742718211686517208653931419493840486291065942565522095392287960748456001240059808707246318569448565e-20
-1.26789057276838078985849171009376901563278747416266498880012903348345475085005219919425765209617032554616998796663833638e-17
-1.62500671253177268345402198638606609081824140232540897383729546791749473338757397867596769002692718292023043841435603954e-17
-1.39994183083971787305231289264366776849079246926395732926562941317275646825475965991694483823924308113137693933718648145e-17
-9.17974302232829440709947498340981816315604505519268282508567821843496777019567284030669462995730772709444772309619147706e-18
-4.20995502599470078210832856651630803778634233178335001874661916379378951162956080719979527269707336506248206563648687332e-18
-4.36825469882967005592941886874736338158551866467600871489100214833665913310929537894289295044712533409044525281034705963e-19
1.71856765930535363605254589903348239535206783561281038152390413490366063716418395492768147321703570562931708195440017313e-18
2.44403157969442612800170535117500395139826076512534762201555548123989238539233846885171550489067378610772761014027481217e-18
2.20861815432418469579564611464597766477368651214871048385310634194477098703014628739293639531724639046723603410591052284e-18
1.51316958002506482557526728730743614562939598319284924655819179007933446522444778746600303519645354290320840299060612762e-18
7.47147741252249042636844449054002145053824499358755742372640379799288473185858615993242745403041784504508520060566488842e-19
1.39702593065697385759394057319153607562879653001413939272869952174874230646290037242891726361777716527887393750377065987e-19
-2.25693799146132812624400596138682476388221211768418765683213152536002138255037343617934201764076587746550929698387304654e-19
-3.65943750896065520307460887968318008880613006158281499938109325419558025245838242504768467560607588191832020122433820006e-19
-3.48023973007699626329081499708325579531657390565508816797569215417287763778268592440414214794528438520836844286455456298e-19
-2.48875294323704756844792859084577544368528504442883462108777450206233442210277797172341794689239438302222394526716419168e-19
-1.31098915069326990543137337569376330649760851654778700931687558559228641193691696135632746400175785103536810062292926057e-19
-3.34530195275140721776073378070638121699827165045222547156336686083412331202437814359444040491504759739531270062516566959e-20
2.81879839151158125053236933038287604691205609254450405868312912024284405150118298753939658970296504259013899517995616610e-20
5.44445078716260997610080299781696059616484489144389973269009287087262032829004128637600832060296570329658186683523529352e-20
5.47341907619510800966035986807936337716187362796069085389878434142616562178508543301618668164842431514844074865704241907e-20
4.08369094456148564596879956488765109116058278067973742253495195907296078512332635810135674360396888433922381344724847333e-20
2.27944306755206689620387856070446808815000100945113679463990208924942496922941063354462943602397300120944545196025172005e-20
7.12864081837058421073035549768092642318504838736066884591816273546222624197450934015025842323691618943556881259391143741e-21
-3.22424846977263637823150721267061303336966202891977218139336955953221201713843390952295322095054657621967319414421781538e-21
-8.03032465062612237987984146576463630929943978297644210929084999231354463146536675935693113556761106825622421114526015542e-21
-8.58511290919988973448579589605601190925993780288693520971329642908714908077550494360623632762986712134089648483769101858e-21
-6.68384686527323122300104457812180474122298632576740262059382596037315316796131314636473966037349892597852029730014319192e-21
-3.93336447070077485267505527148852606616027437451886727730882730128353157272261920057749556936215103141829412852053714102e-21
-1.42606398562515502949124899749793130123685680100040757546223917172854218483754443474311908022012893641178434204685889740e-21
3.05676096738852673515636574456777909701752016313527166779594632542670853734223901054081480345815129239469200441931749836e-22
1.17080707530954477726557544563079405925021959519146053250497652889569469394755626853326945132030867846196487956010938591e-21
1.34192382852708553308344042993356633085090579677175237588331673917692434835572805346308819722996917733229496987304032338e-21
1.09097358539926025990914610987537735479179138558175599692315261502683302341048864110425676708582431584054686532511198424e-21
6.74332355457035111089160035813322349881232106004184606034052851340744173802440497852492149409694262890444569443623599429e-22
2.74194985383610991486200410219679695877106668781706884743804530732519609568059050361816569675051016795643749145305425344e-22
-1.43542142308964835385342010011423960287295596339348736877585930354241045546769060401985766855554891904681190833972503804e-23
-1.68074318741147504251652267341935749786716027948050092108163412335053091785484427574224468654982110334179738390876868625e-22
-2.08845704859612531121578058543154130446010812484324064040824273655320371670293324269623349286012570426666757826634259042e-22
-1.77546734673107843635456550129069720917692774137506999459237288791560828727707689260926335320383165134374684501037960625e-22
-1.14944881647950214764844896104462847216790546231637908865195111221808803195326503650957229451998836860603608746964971271e-22
-5.13041883535802984684451982702326994291312807670523614471649194727924999595556752367979987236101372200487264373972381343e-23
-3.40629185541430245382836489347034861885426168142657787561205551901565429240478202687759397849720755023432913071431468807e-24
2.36224970368769826927727156462769085273300006099095210648585421066360698220863424055893580262663910021143639845382772281e-23
3.23299914487018286047815780699755277133429254179767576367764871377646522410404573483310441912420964399719669694792044071e-23
2.88006045366864127772815119717098073174566355086207674973609044381921587078794053320474667647119940691812688350377744388e-23
1.94914881957900857474759915116071858591520206267738591801385458777457572852803923311859999282696397205986513119088630310e-23
9.40984053694263766072648417383661395409421778620668813106468044100062090682101512301741668856546915199865781925831912490e-24
1.48883216936070510639811647086710165853405313167694834431580375422070180459254794222991137655255218456961482260818371791e-24
-3.22231182654576531318713903431307362663628603331164711054535623315715946697656203860183344784596243264304177349391110385e-24
-4.97226306621947807603040740543795165975101730037934356961356749153756603480897761890900407859480585762220176535500473839e-24
-4.65522894026321855784022269860087582279886013853131487395366285154764275966046378341131758303366351106156393512719549787e-24
-3.28928809194546850480868849222831741485367102856723378870391885205455742332365407686744896053486952177703481453077072185e-24
-1.69960807139758084832608260963315836844027806896668566327715778381751607865091774965808259130302002044528898685537581391e-24
-3.94670999575965646359681033044151171180768316815858148812273273354876810621231665534575717119740020720643340914032580848e-25
4.20347217936791718428562906005262342642916618104594358001752547705047291580588442822481939275360871671585936946436710536e-25
7.58648363517154680797974396189829081428408012247397328003217120291589995130424789420158823583499722888889024206351372923e-25
7.49492618073100362267597064183536025597772781272094875031514316013796695936294771828280721430457711140825810076195432771e-25
5.52544044482389907285793442818219330738197194153736676162295315039843547732855779515351115800095735653775827352022475376e-25
3.03239815266364105157035776081326639341164633881938153922432204644922658010749829933687811774195976689595504089877121260e-25
8.91020017284301410561706348829340710157604878634078865202252912954990377961666954853885093935548483179362939584498532797e-26
-5.09649137836501529006752370436922837794831457543666262090155912782575321471520816437861738731053180805177788188490069047e-26
-1.14620895540297505978905422778480057050288657224360108773221637827679090330285389176541425805880049910898857714293675412e-25
-1.20140005738904055184950791395149677823668727615702112411206880126029321183315119586721727107642042789618176379712865290e-25
-9.24064392358503211059527339227308864551425077117456793127780981408641630106526961611151176726279302371637204902491982835e-26
-5.35572299658621361704193192290379352797443686626028903537662895972139033094580668063406790967548376515395066630398713516e-26
-1.85615775806695386864824623522416843183033145329535345580640857795446227999742339890701477586521342205355276843984794472e-26
5.36657668182911014198675101103143185527829459865116590352829197049083706062106645616539590622456316590387276091420746568e-27
1.71067709808440233303445295499614090293055467733272545532316615149142037216080043101068789168406350064673148815481070665e-26
1.91633834322093057168089374791041457994639391848242505825499140052065943186590680929454564105182615254686386234361279081e-26
1.53862602175101484893001539661116795851556597763664284238759197941073282961778543773099234866386091623172105727837339421e-26
9.37780974807552991438046832845207941177679040785303365942981474893295713803228594026395141035759934807571245595249692569e-27
3.68344268915807119273279447160871296311630522031228700064031393697016779231021861943814015079049908960837011301577623146e-27
-3.81796223149533146014852844261493259653566673580174338478974565340049990660811202839293330369786705948443468878193578250e-28
-2.51364193572192948362125150907597374831112272890234334440946718070222163776064711129279728732759215543094179305694910483e-27
-3.03979315666238856615624061147923283063632877769020895427452672535723345473228306224785997932558918215166654249448529526e-27
-2.55065547195198409057134116767786254590205856597497114103349339191300620991920772507031365811103926241912186122149373749e-27
-1.62971609169559280609032128145244009720705381135265614281622012725517003825315457777463595839754927957221775785588828332e-27
-7.07463836416794435458022517403174251408340273866120084698026007705619258361484903150494281560888850519055962860273107428e-28
-2.03918837252346403454587217936843808156778100596210437980213194805012116223737918444309701356796994548003986826036288926e-29
3.61893889056547257595659404696113250787729103503041139468686362272870851049961530858427287468848515431338975893186642340e-28
4.79142245741309998507963484233831603048251479789145999573219758311150715202260421315565823515595447537764595500877841712e-28
4.20939981799294433776300968348525596771064584068884420183085593535016085988004700126677252450210044825848793265599680366e-28
2.81317904166776378259386853642874491534588096009628561778483948318137512161570242388537419631074838356979629262961270577e-28
1.32706255657161247787928263327924982572214415410663192811961177172832574698535763220557672337851555210445876274235781538e-28
1.71631409069277152134960509899416446323807994538657025518396312827798552961066147078370062104968567082280238894795438519e-29
-5.06766991020363942570383889064392465861123783825740731621866239292876340129404566894749403955072557541833915346205791371e-29
-7.49742769755920088508445382667116202934199182690077228434686885509380695847561242121465487021161124051496326626295148979e-29
-6.91464094460004344386061396491015992222396173134133165472600767218913334210528371693428469644358621622209481683983115424e-29
-4.82626684544126262302411744905700316858730065566638284055008243163925406752741224338595276114918646907299686835787312007e-29
-2.44484080971118802474728769602275517290392627431252895426429291895121861370084967848718323914270330859591860733188736203e-29
-5.11286229864122324167242545552731420602025111037392360449376260171472689305893658333779177646251741059067435068148745497e-30
6.81876276576145655217478348423186809066329923478635322323734468095983987213310337156255076000378714557360208953988668803e-30
1.16319770765900906137684214171698287551613669116287645740395495404432227252807542902756545874356691094130848500553212046e-29
1.13031580242367835967130205162512513482174494850451978848997679593809855776143713858066014967310165704756880026908978946e-29
8.23258058929046603340322123128631341444948812695830201536052814760642759632988838446164086334561341125103416910819078737e-30
4.44003954759953426395280304040459533581794358826813451680152934460496334679932231771440144316641247691454666393749919581e-30
1.22010228480258128810856689858813150319915447553585425954677484361077780827260896985089810142511399919009499827700919083e-30
-8.62033953556859364119439665514953255215372322879135538254124588274412038448976322118589337043657272915388534963023747980e-31
-1.78647041779354729122604908153035023590128623789374910863803632847458492989209594037902619840024614618182963708082654196e-30
-1.83812558087548806224117782861729655122140076119195330735293289170200540598385526758283795075345018085551695744842338542e-30
-1.39668053599189035310465278779195095864778954430858064816205823761727705864095958964417012304183024292349564815666867201e-30
-7.96902871739207048406807036916805979279477235184466828762760020944218915462041995394029312394902547035514440541189820923e-31
-2.63333507247372892782784123792002585052387408087419314190557722643751225809277987620384335152184733149680733186007391657e-31
9.74643295324074732961245324715322059710052967923641872100056664974508820067639384669025817146357062622670930480969518031e-32
2.71029706240003131650118808475724112813005343533341363127173920829857536348051279301002892176365215509999218009298579842e-31
2.97248460333333115194611036089417345946486730733773083855915873701336196123167573081278544781251711133826049268496461818e-31
2.35707786256623477790335076561236042351436193881778603162981319392737170023217139970895858370451135121447895214294000284e-31
1.41609366197032719893587262927019086486722651035394813422283973009524485495592147139056552096841122957462685879019767833e-31
5.36408983466081444621439217092580170910659832113305007312073667293840865116358213454556186858163161601694372666728227054e-32
-8.47763277247298322141852622516716867450504599447653042817082708393792874552262114656176905440134707618308046385651788010e-33
-4.04993121237913937347113163294479179860342741946256782498362084402648452011681215828097869654601148660578246610744332567e-32
-4.77757955135131499163305039366570923221908980176539750106086682815610885299305907003491188920808625737894998065413825739e-32
-3.95736379953876624327977213814753098288034197226449072018026072015577140259968377547310101832672585816072019955199524686e-32
-2.49469731180693558930697914072562735196653468527196643072090132743972927767896437899110237437306753142625694749675295763e-32
-1.05204785015200872192728874256168365854107852958357727967632288942576750602645343135131360788126913831912420837128288649e-32
1.10340523107886753950334828883959985644216746116946557583465942522205937126779386083934529881543141650012875713150836819e-34
5.93567170638362607076992084591282180593903202759592035835225615005829517592051554401307837038639166012836850510511315390e-33
7.62699965117740771625683807288342486176631036971282211148178203796811680639467745445972423135684402106633838338997467761e-33
6.60992708916305311423682384073050838649182706140997747124378021505545199388769789561627183002452313973571001105870699122e-33
4.36118225250616544573591456955760972404412418485665608371386989584352754357022462353346861284670893822961903068923897712e-33
2.00852543252073494870584241751800155833127694637522121742392435217246061499614804129357111776559402726217832266743989482e-33
1.99562515427971407158813047614657180860615241896170896064074100721968370519103640220196916353115913093720058421420099763e-34
-8.47892597120858814775241866651064728349114501266288787112387751817396687219620070077315622164482397764816822515379979206e-34
-1.20834708460694357077517053226475264300896829002424191944638871320981663593259574888079871000122659316660633680828135427e-33
-1.09828553578560037640920466339709175847200046932169635665411404249017992426502377536342677013981633332593204704651284175e-33
-7.57117691281999320604260064410145397322374417793790735358247343657854731751029094845585750763792579347492202338643538712e-34
-3.75751509560637041106672961574529625572765914806480348542094841055214425747662428248659492437222666701602304483889217662e-34
-6.96311106719359367919794987586481275022471642240216232235511114042563098953255810861087720335933992552780987843166687724e-35
1.16850292755568562572403605370979665522187891690783733852192743549355092431420340578555448840569124561896517122246264178e-34
1.89780550544805161398374870283715508213773056748670398019438158649763522185287568374271251631346266977191855979677674761e-34
1.81508453031697082543690938598353735771813106790264934347093507700045150565000165277818938918034516008160871308100881516e-34
1.30594768647508069614817298555387885271040788929673482317858154137952811986182537520876260691368684532614748620774444907e-34
6.91789413259201338429274644091397135893485592629505740735371427778289142195433010838285886312327685810481215869939535862e-35
1.76564817829495071771635655018700498819366022970102045058305696483540715006711854379332908210176703670934987185927423704e-35
-1.52565369614621424743047629645640700567245692308845854675567100141446713539879085544486768431624172035648224691755525401e-35
-2.95066664859401168339379914401549101814778260378044668715594117038577116683117465968557340416568790203935723358134519809e-35
-2.98291380519567111020316401488655421187036117277593813401286496507124537508365303826735474600010087454490870295813154331e-35
-2.23902086685205420804933752438559757916221675383492751771004358975939732499961929847727427703120654434212116657823998440e-35
-1.25710103639518502079884118061336817225794484089995493928574284794062384871762218259067504548147677254908613310756925862e-35
-3.94621900771371153425617413370344253320872637806741480995220908334104177446779915829068192743213428492345555277716787834e-36
1.81796023434542925683357767950352959375561923413765465213407973228299375177122554335844381087817303588956223955988617818e-36
4.53294926653094919365009753195990232423094002431109856512572067119354934445466453939202898340525409043400664756084240802e-36
4.87311598997719604365244625233420610675438141958757878304998416498245040417880097902012282373482136649547857224681756853e-36
3.81658966330413251694454937778929087223005902632413727232012970891102326007465633399254179362924657581695324689580730805e-36
2.25937245631724818865639794435491815150895598063530054898506095933839432785363971002389427168366433909287374788815117917e-36
8.23484809989926070324915447572394355767358831966679209206985804840046630591095688734142123609388966107026050865726305636e-37
-1.78927321925045003164346306577303581673490492170017409343034656882442201724246149681841964051586473855826473184403583939e-37
-6.86311391687691466792402119871440182271647528562197255245546891033447150283624783854055839726780424917450363757863932743e-37
-7.91060577377933622964900918424260564738178357845355258876167361933911391392892108411289422284724094922355182089698866879e-37
-6.46915811301106172909478164225146818715891758701603381258810529724502365626390851498728833059589655294344900884332432125e-37
-4.02228398645657996653057599109993730512061671435689422603745368839584010630499954834193758296767951472905890386441121063e-37
-1.64516623340234905954858504860270390932413120334780813477839686333809399426836224832589426157084956742712181676112722850e-37
8.67003014700940268580900098246332104801326374153482208912205359814790827687032225618969458840743457192822945904347784160e-39
1.02041314703889646309828029484880422614297768242260158205298734118961908638262580932660703562373480686846351069466203237e-37
1.27529141080573148712565458445990210703296379361285988644761434034450673777242787004828961061961060369793293157192645255e-37
1.09043674276794997652389236196651993001728315326493236897680147254260510785766943339806703700107411887780598322822892615e-37
7.10044295899971473200285462457612879068705888278999262989399896924796152011977887095252715442538445828449105853106815628e-38
3.18806228256716091027811254062390907322178438985565172767816520121428769195788519634051339967192446220025669931359327764e-38
2.14408859615201053524516238490556656251963165303197078103728502477496243686393972468578521193777252243017949981114739105e-39
-1.48201240584766373508607702933644780362510567965041424863230788238348620498638927980942777442727543164497974100665383294e-38
-2.04029231000721291340501649367496385968024889826964165469284374955668767450862847422345270984407371308077414422221566449e-38
-1.82769345951753837134383517465424289605637314792056615519494475486763954523113107433682172840082144553086545732138479534e-38
-1.24373243991574091985996212192847833055697487185424642878330823385328864738167902851197762449866294578913310039936976259e-38
-6.03782413813652006981867175245792897637046007182075613807388739294466282485283252987716324921739513088209999106576568493e-39
-9.62745666928865664492044938966514935278977291484234342195443362271632262299958006170559538701242297450961902659018758116e-40
2.08544105207341887537904580961355748987365154780778937030110858007551166475182636804497434575909063892138691546345859448e-39
3.23618316575863759295127819645736852083917094087778252622883401148352055717446945496703608189790005722390766366983480800e-39
3.04531811057166206917449997190485345860309183378626780267377277892995640064749597989918229780020758785714191448670477583e-39
2.16230144027739789283794688019563705632387476519500182240700408991689156691293591275866992510612034211057511043550609359e-39
1.12252080268918658029326288680266486312424725453558081155819982311312015409997333526582119929983405942972081673795870969e-39
2.61692338395349907036001286636686585484675518908633305649396989220082852405408401286137691909330783882069303756728889185e-40
-2.80462782043416312638891469097979542726884698026453214839133249741672524793720644708093326909624025615887375408435740174e-40
-5.08158892478187145154371100871613023803348330409649979136517591290195586659996247081185733404535928349991988654987944196e-40
-5.04041925849857898342969734268568835348174385629291693151780321426259799889062662603104171102753831173612980332277220099e-40
-3.72975817320449471261175035477870739876056456984819207373810011185025926193779853610893465003609674733957724642694440642e-40
-2.05311403906385158996565994780356135386228769567121758311825402221377081744268983571437493066764827238332429507097596486e-40
-6.02985587494529895425241877119597844922453177717913912327379483147194784427519004640035409792812392645886630327132503990e-41
3.51343315931259958636538111677908977054902820130868870438968973135593259969594130266291305070979297850908775181193462963e-41
7.87961292156233561473806826004983040219835077056029000966920112906660590295112081079577400984577156954074628994940524386e-41
8.27196930989521492816879802011021289033984657449977166664710929377893723149786854934507310978027577158466883486874892826e-41
6.37160323875428630608892023860926363293111600025978647677167687282452620726784916895694244735561227083040610891456160414e-41
3.69328967004226778443464084385351865033879699552293598191768341132292315709758358572486329874904492778792621535514872169e-41
1.27212755337452673220710905392861783290507377048677353757692291243380966151689264122605880366418135045082682585066643912e-41
-3.86785399760751394221160568069530876710523513325327543552225073490356440827768892041116791201388209079431308116005468547e-42
-1.20038968391271334079024832583094340261975166132850507235137256230436137994181037139801009451343932056149524213071025727e-41
-1.33984147674686915767497310916113340783419094801310547343714830613432708090673753780417373200676453998190469496287866063e-41
-1.07260408077096304519972912895402922035762925979793727971145804999199428705736611571647481557162920896322237245970104544e-41
-6.50517320611758126283016901816862367257186531570307131034396569604012095782283978445382754659367992113676103172281235696e-42
-2.52014980323587856044861035368322659255697292599959167741712410514370310705670974996216799378053375672593678442304124945e-42
3.08793554355558511799411426112702660226488662054239125589568508377477717754447352638060967635051862373998442440432638797e-43
1.77461735881249410042538298070506406090128564611496309926415759571628211104444227605969665131242214697240741031416349815e-42
2.11618704728807684898325850758930370365812771445748481220459393576513332003705085049533963919609773255030761229107942864e-42
1.75563855150008797345833683506283149844542976567632075567356541973764209776198687904596604538625220776517801334248392932e-42
1.10620047229218371783780108486839166439869212684516126007541623154553074796621468199263352656439760617068241874283872046e-42
4.68701743187894792766133499662521038661825397306329469279076872259081106557665562702057655365613674145274877199899326560e-43
3.90863546239980805289981027959838165024707614563833323977455376566751868112629708156789671397993367615485708196637494555e-45
-2.46090640423433661941737836636962012097822879670895497262601599656821403059787924376328926069887008800067602269283387496e-43
-3.15032025577835975353953757051446152850766576659655340793350776751415392920783825273915626917564364550608607101941788569e-43
-2.69017685507305319363890171344715826566628188788025816413656786374231347344936536810693376033799491399237090140836900895e-43
-1.74162511328590086871825096560499421213915172777997859730831099998651754101194985372006312366952406875596962762715363416e-43
-7.89096075435605469075512193383965525953931528932157523436882336552073398187793842742394897002241745533983275313711688429e-44
-9.11773835825876141425318984077000524452925911592054522484830164242476872058274309894275587032633278092106779269469941749e-45
2.85163204465466835064995448127452868767687962143701675125027081099923109229558990279789752406462230744685910694524167237e-44
3.93802363912847069834817192712227457457680317742179748874365080314383615288787840311339053228773592968745414906680274088e-44
3.37863866415454229187226748224846423583403837681556123585752580961245580327141620595580960811168212172735887802950780772e-44
2.17318393703688152145207751901284019281596226993141695439842381847304523376715141741211724255800499124752203150563886435e-44
1.01644388866910385111885703698028453573497771055930560962556299027447329374433760947482941615466437026439850878962275588e-44
2.39048827437880721559515863645533461621980837613827227142281621749648523894482029826842470629862168092660017546971786823e-45
-1.17451266459137184840424782492378071032465627450519017045192708958827859618984793493995886184511670103072496136926014369e-45
-1.73519849724106386112303542995790444918572787790777758584002775550815987440867677831260528211693182665370964242566442699e-45
-9.34282151258755742595362655085083878146373021923183935027777690264893260811660498123748411728335011161814687855625534682e-46
-7.53733031135462696971552707509972333450412865230573675120625837754386978258723054618087140136497900176722105845555206051e-47
1.89347364989225248072257604909831416541539616460149044188418000362860656315942729926143895198461257616444835372615717953e-46
-1.89036891597395550956909187147903916308369041075699684403207030334909284974323282644044182915106068081544315809367365815e-46
-8.95514784622431638337827601418841804675184682751905536281315426191409971320109920081139655579759653232551900077457928280e-46
-1.52389656516912787014466653289620909559986785155366153752116401988393336711997726145879631321292645911940019262777763631e-45
-1.77871997421527687298142616312803505517311120379061783862672848553676136285874812529066376876179672712000991707970827564e-45
-1.56529655143217888819028121640587185167401251474327900021754855919587382980806387574499052921628892883547794127786664026e-45
-9.77808207394959470153591178464772022862992950631556892452295778622893740408658995587999144617553721719540445761498794573e-46
-2.24020154520194191956124228794536947292620138109835236487890244193310704381557053025683786492792876341896387471194730260e-46
4.68314396574903814373734599224404755498174395781887243603433745898414670294694718757234672030817494161153999657768954371e-46
9.27632675573891657724629512046960644056040985124051740202260636253374126752996873696872816646275263907636765223973792100e-46
1.07840422688173882477899230902442936006638941656748099790864571500820573307141478668610715014635810514913800143613290262e-45
9.42532407612531701858195473844197613004322523727419216143969294545316792239191763426446823661075962353954107124413938014e-46
6.12228517463077264020684536551227622610917633694178065957025766117406350935396651520263759935159771193737896769956059705e-46
2.09676895787576239566970030055864346129508035631443319371107933461074204231356889984543729160405586028017891308941437635e-46
-1.51773676117195462453324400502456246341031083141503671441572348723057342071524294504976284483405371027639780133695272443e-46
-3.94674591552808767136072959367876522168862822206909178245352118611390210375525860619254425028790619460246382222799112496e-46
-4.88579677130635942670345035396807373718296266033790171324472296991081357028075422984782277376835036861260251465468901510e-46
-4.46378126413504056774657355539716499006992191393759586203221906552314627307902811560884986883302185251690394847395533332e-46
-3.10608543834016835494326254602581628074563278586372197164521607276306219029837198874401706546859737316024148799144448945e-46
-1.35818626124939203535760921113073212808828221553728381498302305988553268002041656664160364289867034729918326730726713287e-46
2.75822693910546652561603191494451696373787541269654107272384924353932716199481925351171113384841704038233577674154753377e-47
1.44363840707828051452262775695771969791405964800127492890105250976757089256058746834093476466400793357458179149439040959e-46
1.99031726417411277966896653268210983829896670340989034476474850396082564146383050733761221418318304843859551691886120498e-46
1.94487576644281108524970819212166635558436834883220619869849985167004211510603055168537371216525258155817739184819269591e-46
1.46659853333482518524709448517155020194229228067030294910633731912447877735493744000597848843177408172843187261301859907e-46
7.74468038361471619920103169465949730123108448775701947943484939798662683766544032944494787483328162267919435268851281239e-47
8.09057316706107448342975912714195343994928641038258439725034962853581224833109817175540027948170621051641820693424686009e-48
-4.55692004291501314425302157303903407135889698965591644892153818285489605821192934961374400556785373585954071677360845390e-47
-7.53468718336468980655573608146615054010425711008232162537871616707919354434739173784376624443208284413691605986258917181e-47
-8.06033786073844364504806008651737047666981689665980217199681338336323042787249624256556032312666453438217536854413522024e-47
-6.64304951092755026504023165762486014246672117362868502111077558311230233714282652621162425047631541775148492696921160935e-47
-4.09993744979179182315124374202149641329651987691127694153158274367850423906078401107790555137065160458294391963608943661e-47
-1.29044838909665996722659028581806719010802165076441881938209148959172441165265494140899632197026213159942416973213148356e-47
1.08885725333103875580337092096528131994531603480279485760316009938990455368040873785894760044507778746162905525997554944e-47
2.61849937956298096471808675754027127705895679273070012148772837016365117385562784909213967348968143452873382234625497824e-47
3.17762246653946490269760924389121934768544658965251028098760931456186250567862112171343427778567763754569981599842833461e-47
2.89274228618254077883126542068187770617569754875165288734581220484524175459751376250688964147190096147407606343024603465e-47
2.04466237531119344184149624390552530799849388695074400365271089714807915542427913882478225979613830401187833364508423805e-47
9.65603637995153220128074628461651203770817706535100083351190862643635746079900515946562533469890496895315666233884690056e-48
-4.78537187340048786134594928738166795662282369670675382416259595779765173449023486591259414731479559569957141627870779237e-49
-7.90858174362894595860537267224650028785944515309614943902325716785375997293278514981923876033532925115238564838240150402e-48
-1.17123896883514471015158294182061458705304630939162080597261406044551521761628450365508517417834112594502250993704809760e-47
-1.20008498601257823201549606725414582613514256645181215313798808419939746934786188123879105824420078492577703747312910262e-47
-9.62152230554719784687428308882579751729722139708915114891527925065293221826034223785244756474836047830512839422857313824e-48
-5.77999830308113545314498440005683076496005476069672936502304446267528386002493570940898665371169856552882522130585996460e-48
-1.68362581884580707288154274955222599897425204375866919253475607691544534434775503870027791214150411077093880025959168345e-48
1.72057964853687742477133115860811802999035837214334201805439652716579749081646742837889577732067772681762722064149872955e-48
3.88198565618626546772939611169956222327298744039839420344093976458043589369762944542046016125557755546357061226611510111e-48
4.66055987048604653861027676559288969175567643500264728341576171660616516261462463462248392223037198999241872372197889963e-48
4.24878896226565842725008598691921066976157391854134578206699518225856068685232848556083036356921137651466882690875673888e-48
3.04285336797881396862461054384609410894238336226886517687565682632335091976976285681071852591573618427422123963716506980e-48
1.50435552453227318021635436196483860770815889942698496275944794186495053978000039976958218491060945767857359691034026349e-48
4.47892539023799350701068845377484567849095990905689964539243048625513192260620931031406144974973610232656031497591273976e-50
-1.04862851884085611694080567300912073138110879997515619473973238163860633228912659335432691299630889510365132042172897007e-48
-1.64101943669855256609436216568502167627649009409311401178386505289742777985630384803702845189479756616122342283441766626e-48
-1.73817405659425671749426097820325017000577752773392948750075205034245900593692538959954819902731847328991730357066606863e-48
-1.44826088875392523436595369715055056100776560556865606040555479533225772708934660603866060631972301921941203283754938977e-48
-9.32136250309164658921780340878339849201319218683478626291658116689613095191289085287808212190084798046527468751718794104e-49
-3.55782814005598136342117165371041760178307754552454281042202653450327606475887149358320668092447873642845007261580245693e-49
1.45693291344533597461314719116099476113176482622113856913629525494860248860903095171213651209703589985617705594806274255e-49
4.88052202214737807910069318105054715549569174802262196740267391585094582486168822266916633578235471663113482816968835614e-49
6.42003314817745922708253942585284604202308524716915483695319191516479728260598078029796694464209326859208992706787783315e-49
6.24787363921649511383042287118539487620011183904850409284799962856128751143574768307699372663855237283274629092719088335e-49
4.84353245554897239898770379253067603237452936368864825870323984032197802330275023179171624986509193970110158982250514383e-49
2.81392078012194644093182337505327432010116116545087137025797537748925156206466782421062540709032874570690397302308724547e-49
7.35167765281563514689648074150143360877450946933499706827133636708660162224201004572832169796611475255706793012034251952e-50
-9.57246236252784528238345313870327432964832782952538695591397017908868612920292095696107901745111768479358505441018337070e-50
-2.02035819557156269749566093360370221499174018809695881237341562466437681152512992034174215753378696397785469169806046887e-49
-2.40247190190255004236922683784739945171966827107417453268849515247945005227787296061125391144565811855934327659256332473e-49
-2.20325471318192279851284171931540452979208036870718228412388305336371658293813022911011790894256499322867124754854043080e-49
-1.61366077319911465316190686316574665292582927362451960984979761824625311149131553931211204245396161858651694299071074572e-49
-8.53298218394142586486768105761267042155518662391758580701060841312641314692840163762511656266018533742453246849274535579e-50
-1.18631119610418680887745617716289386548784802140920470218522428763512885148580018750946519192550874167115518280811552241e-50
4.50400843056959314400692320290187899378208473813206129959542570651208292470885542400078326388598162147595083535306388562e-50
7.83534376696228732866732799297141236550396912559101877956519996518172948756429288409633239219349192936358089563799919235e-50
8.75868585170725298861316577054800227356284901652269542770976258996749670009812435081827846169222972149200133137398430017e-50
7.71621215026294396755228276038653417409632639456885087050776955438797447450687945465925638822354342816431018419150885134e-50
5.42396744820613406124485255171583983432088343397626440560967196571400398834751862924348571047607135022172418950136401975e-50
2.65772694326355575817807495088220658577208581307183549055284036307566027847483377913277082112073744392608383778909521320e-50
8.38337283510533207685154049711288160413304749973139123299145897625994242853420864106382601659260643932455716258296696302e-52
-1.84341334550421793581047973412870287830970549387362111357978251964192516281444318431426645563521550882217283484980842916e-50
-2.91528290405939072631804828201174568627239989915932677629730316990169602681532855375904736720905327361752947536506710325e-50
-3.14488737884112000054687794585868027742709835749245209093881969486339580499220157167699782889420146230451327214562227237e-50
-2.70618656028410199914414481802377736053552412665832983695399907334709325110991997208714168830245509263385210653012602489e-50
-1.85766735143818519724561228588740216627675723544914818995764515356397295379436903104312316570676052581743981243513769550e-50
-8.69755941685779101846060937760666381683124176592670652173654243471818603706775402921522755786041213585984510119676341380e-51
3.08417246585061287782918031010983012626708811035747796775072988881711665945776986302694971559185806260675049024558180121e-52