0.989743195929725931045211994547112264459882118015250691172043347981272532516448963300243182848313958355269455423701431692
0
0.0199529403827446037615347731120232513130262422225410699822856425036303000660016200578161194855007693210927310298487389826
0
0.000720671547190759864529196427819366359624408250041391559390037815180244705136766990113969155796390008345115748853981481016
0
3.09392776636217500448987423302830703481821521970433720669916689953581684262008442002886104302003632567145883821978648602e-5
0
1.44529606753735051964571225192936193731282900534172702156075984381932124147103944896096461882073544826560639464867192154e-6
0
7.09954293565729065293600423816281540094797041787241877167342077975222598316406748081911921633611156858407680806083404364e-8
0
3.60580919878543604349441644647239763292058483135770214725227118618584213052143789955990649679460251093926199397330067870e-9
0
1.87548035690936617801771337059603134096193685958236837518071072033532617078345750439226522070104344481266214668854505083e-10
0
9.93042298146302395582156881570001539553291939926415767990470250409000597001664235493130108144702204231681490475954730670e-12
0
5.33143239633967681365515460090812573746792100553030887264597957146385083445255636847624497571747484977472379914713965074e-13
0
2.89424523401135023050939622280803448691512394379119983865234175933788227954826169133506746095928009334585717960268113832e-14
0
1.58549853747192474771841185815858795243426987183234545681351914393704961928843163647877934097330675412597996867597533025e-15
0
8.75142300135679173279380072168500066260321537549508815085337415184738088610754074785118161986259589494300035110661786521e-17
0
4.86148291466200440050730708696885460801810797805117223775432665798504255909758353577019004373073790235977659882792600197e-18
0
2.71543471469050220022860291580116112262071491155575460119455068196532073644155089784932998454025504566021805961533077115e-19
0
1.52395846372567509415291142188447979878068540843646104390232889888527918250426885576034256061143567426930672862203934348e-20
0
8.58839932910234174492529096799478008939903921556481324873719256518338025721078051604702012909959586699238219144335419726e-22
0
4.85785271436530202356305857367085408670480962232795594269857823323085914957162895791798756876691463172326278813964588322e-23
0
2.75671926643284878898523573619915343331380265023295720980547234496217794990013013378206157525939903967575589143709730221e-24
0
1.56894539689615179765606317259018748597556411483618445072539943692042577003213399955558423202183497785579165788769752480e-25
0
8.95289640217894834820792569099362752577645837347520352814416931162040280802202088535095498518571030100441106013962864917e-27
0
5.12095751354326205040774234333590588551229836234447035579215667551333055171586124878797916869482922561080038637807629639e-28
0
2.93546503789581134175965527894480350612581142019897272495819670284976080953960985286902661711440793676473706678684042005e-29
0
1.68600650501875925522109864550953536262754154477981531186480808693902286945654288606084599777397785190577730505444498345e-30
0
9.70123065930317319616057635889987491119678376682531978298444555857690862436877695609701537186620230713542825541792840005e-32
0
5.59135261468939780894387208174828423767289683743529013574280249959924804263115059626178411759430362377563420045975516374e-33
0
3.22755651826594878918682523281191755916395418024162815303060845786448054191061550720515912028621776196864976187843576346e-34
0
1.86572821890407943816060526515664430299535966369324620654635446760670942406564800121417439720852295413391279917217606148e-35
0
1.07993189690634281161872549251358741002705954060220848893073874202619073925197653750918898692625155005869797580585514735e-36
0
6.25861583559394841536749471884175001933824871488188011867326521630231183096277469455618131659785697154252520060652061878e-38
0
3.63127034022426828696295017208425113871214016533772643780692702907191710498096792807445652532556760449379993262732070190e-39
0
2.10913849221699306280633224744156441359496607837691527776330916347158066158036340597276717841203599259783302101625832526e-40
0
1.22627738112505270512921293094870228303439564692339308541995864907023824942123686173702957152386296471133609401928703834e-41
0
7.13646213580425831622669597918956315184433859173240187107069271920100216994095233024859755909665031199003659935916001244e-43
0
4.15684375641926639298008486789956342552434455628336184190300646050102411469424995622893797711655210480593255682971225200e-44
0
2.42330930559422443430929845699279686746573238089129345342492760345502193341246438280630733165073190706953186217598902293e-45
0
1.41383321018859408887309154873194655090224802662550749122440886425956929626622143412420028523639990240658549844182138640e-46
0
8.25492426011261336489677952833647742648152976940428397578535210381068696480574650649349500081897897776638454919828242323e-48
0
4.82321326623840959452580921457489874196283941450148924824192337188941639909303650138980761160428806329006696861739447571e-49
0
2.82002193299823813591666684459348822139703858182325477845737590493844883790598993417055970212368539250003528568179781174e-50
0
1.64985786041935891180147827130131255064576942510707833203185350450479197585017888988583359369098246295313867266340151780e-51
0
9.65839677366580919782513550197310655373226868529155711633348259069385991028315394045031177052169277244131801197712913060e-53
0
5.65738110640825914026694028970468013878352174117649489675958960486401181023616596899068164521314239865884525633519188963e-54
0
3.31562953991658448037413286887828418677233574333520339744273308325731253172501602230430013877055206031875445038888701950e-55
0
1.94422187214967879549656065655188354137963047871991049183480833702150458608314138104070733906396136706723795316958416473e-56
0
1.14062982782484976054165678530947503921726134785476970113591201228294299048779209826632475148450165043733300586175931285e-57
0
6.69504004703425426319954310484359392015682133624277742738580602135919361061190719303110570156134848479241127532265663843e-59
0
3.93153617396226875919462684523654054048241833275446356296048101320194217375308608867292287621655391930277237250685417427e-60
0
2.30974299494196048203924895687742391146988494859450856688859083121285755380162721906916753411895470501894968593100792388e-61
0
1.35753014570259870541405840713983242518793478994205465797763932299529818756628924020257287980852295742504448888008270169e-62
0
7.98201193956173805192689928569540485258399880051255534447147137811426453191464423415379212361408616773588560154452961966e-64
0
4.69510587288351183768644720868779996530948048854528429587441301735731933396753439691437088958657541990705145067901088243e-65
0
2.76275257592917672840066297299479889890388573146070270879803544769343552003885517920828265373087526009450593386853529040e-66
0
1.62628258203892981362202193868896663537689166279131037929616123558214089162368417069181542381218070373170848887578098850e-67
0
9.57638541455547923287755010642410047375143077502130856513900570789786526225982522821053676551656832309347823926415558209e-69
0
5.64096363925800491551801533244200234751357793072784226249662124403751693293817311453843432120220074610758657998975597324e-70
0
3.32388391022618706177359543796879458952895838051518667309227830506417106521639107924472676020323929498810612509928877232e-71
0
1.95917990075891796199848065551891037802231297366319949137551637639243597795345301418822859538914767550285172878903797518e-72
0
1.15513840662007791499116493791439099675571641602958754802019107308266689104293431557155908767772012857311036697001967828e-73
0
6.81271970867607298379890087969838995372551705136969969002568442493608775948248054555619672323312929939756642337186132388e-75
0
4.01910715365889625159591911569398315978622811375033470350322736505473089503344419817079764875460242096163740549386112898e-76
0
2.37168604309848710558746975008062745711083342745892572244403972047574784333109983968363397632482579689544200783684114782e-77
0
1.39990813426514435561627656054726143888688288349733825027509231684383866820959901828375587385161326854144369424568956956e-78
0
8.26519229141694207456001510226966048160891935749342232701143519517951175091426131548501056194255903032213840439290323877e-80
0
4.88105838565404945271978063056713593449704775152108255254092869597892672895227866531050767688922091947768757276493984742e-81
0
2.88323040307737226968236106912813903382865452104054745059500440177912449197085368846432441704178875885898309225013517368e-82
0
1.70351452635315751769087935141954435098017111257026409527265980764207382576497979618898458720705676920880298525221086167e-83
0
1.00672409144263314608766594562359047310273449405155797700435489123154628233790280122732486966528896567134051261965575432e-84
0
5.95073108604226498718027323474940700355473414005908228222066722078816840363588317495162567453882073589196826902443438209e-86
0
3.51821739426388796050320401468668563142648257520493328691416650720460329838361500395285197127311541875656503295913342159e-87
0
2.08048629776426895703871505657397861894936407939737118073144194535113822769339502289539085993099288846969153398522507632e-88
0
1.23053610339238188302861591526090408724713592350328244781919337465020962702772791237223220359023935925984428495566460510e-89
0
7.27962064799776598033784231006251610219794773076742570851948847192273492520603054966968625503358927818386740309510401515e-91
0
4.30730572935748024687737197509656746066401392252615724666969542700552342268521911753665572803164946003616935098191757244e-92
0
2.54907715826878550431912510108224232794610448230149211680689927438054987888436166477789008153403036767286247967958759348e-93
0
1.50882355195952319644346200999089215132688315845327732235062492121834914139134291508317198939284897357436730612881508859e-94
0
8.93243904749592468961400712702282666890455197887936032851856460872835613704715780036218308876102347132000708776652024928e-96
0
5.28902749860467433813189705874094490435250927652764277779649624757874622187613258358893211931158504089764215947902397634e-97
0
3.13223144067451016036485107918738409112908651094502707947682345959921106992752652369016909643807245481906414117375469090e-98
0
1.85524936464576148508960454872017439482090290553106011268538006831633901503244836490549540758787690298711757559207272292e-99
0
1.09905494765276959130288685461513601937251622056483530763591050253263157180298623685492868891643933127756970630638528558e-100
0
6.51183656609244151398885031305582608888874616979075542130613919659034419452449607135304797500555509061225068335221227490e-102
0
3.85880575781288852205429578311699842957933838126449811043188962635652670569048012418677839172227997806285506464280384097e-103
0
2.28699970738220001820264427529733945615056061159121349136060030035070005245163989554737657310400504384035216131208564803e-104
0
1.35563117579181733455634562400485074013458875371004095382171087170845714933462788013803265038024539479228297249255991819e-105
0
8.03670024396623798892937579192281219196777109247171121453168282920475648047726485552950723509586581040294570141527095966e-107
0
4.76511474225227217847875549532645962332021891744970616951953815074070015358902292208308725290749954431416865237296867007e-108
0
2.82570591867558223239633612772561880347021325419603612043821383505714086425512135778296792805632223385971654609801937559e-109
0
1.67585811927543386517303142679659240679017568728818471376745980302009287993761351345500668920659780883510761701632328594e-110
0
9.94037912907966627961488035113482432289619308334223495982325057082444876557344802246220396619714351262312122624296885974e-112
0
5.89688737569278746916522799736271597154706996296497243912457188652910620785101568562790667452213029835501558391401514891e-113
0
3.49861143027984194490412569867631046706633524548489421223645095512753210840782111522246587299863746693383523351826745564e-114
0
2.07596692227802417140997725710168709378111602237124049069245648866318934288069620108097689413885681579209386581303601058e-115
0
1.23195792233244680312800225814212404250589731237390306585555419083607930979001492451167499249246260810295887021796180496e-116
0
7.31174383839986272517152934074233992964471416146500169776931597559876804111471618807794950492579753136763459217956914788e-118
0
4.34004930889855742334285977776393774750101021487386488204298126905324643602429624756413722515949750389898326472320963698e-119
0
2.57641577839656788036148903736848478263216907627985706726940221682996945628712827536541245866767091084816032704883586652e-120
0
1.52962103122294729912617447276336350198262940165905687766431936923079985067145190702850386625345694619226947912474839474e-121
0
9.08233257740491167727775738740893375828661044457204569742087261530904371687491877445035479360514844503205385157135116097e-123
0
5.39331382944624543339519886150364472622869707820549834677696820252880963936891600602366940278122561248562367574868561056e-124
0
3.20300653801092860254042469912366995012843460553143175782563714808582389613655555322383047736902885014900897557802692932e-125
0
1.90240479695614601587678538599212562375240581258859976672087256891484188907849175953244920044658751705321210169516414011e-126
0
1.13003051510638648304680822772041830975299862133399664778969173740708593793420995202044905284231933851861204142270184633e-127
0
6.71303210065582740579474181140017602395292604930642849111883415820322853242147223302879328410263825006626817762478954378e-129
0
3.98829979431294731122535353838952187982277273990016994816775538153840877110891278209104269725663184039635688277368427253e-130
0
2.36971772078457740753361409278660781061699752338184393960512400006236249453404771913195943291932311446597269677816205535e-131
0
1.40813545787474740049507339175304862380225452200383869544189049877742882049010297413774567120795030353529388899393434370e-132
0
8.36817053570423680955186296614047885412268172914539641895761395019306206580904785376623663013044292825123419660513604707e-134
0
4.97340894003064703053423339488518667401977145825065266331960027399770380600323897853510298893259297966355717091143954308e-135
0
2.95606984444904486785960470928043952493895549892722439050266680695626208915049517993944934101099226919922120797643937315e-136
0
1.75716042393174370475607155313607983376724422501153690417255015508216063535763935604415261220303814035463748221063962938e-137
0
1.04458475859071862401397409945866845287013907253015461607182622554665205778080231588431779164165258711866632879241993773e-138
0
6.21027556481479610681722855092477256955995332360952573639120121619520887548686278407241017161876920285669889207962408934e-140
0
3.69243071420716660119556036924518144233522301592671715222263963399566799031981916179658902574699905679272441378929234520e-141
0
2.19557124310126068312182847361595795941833067593365007142471118504441033895950576698338353341603607601504454968869662859e-142
0
1.30561707920159463512102784916261561951467357792828313519887068195650088907428026051816562137605153096433556644018427094e-143
0
7.76455642321310657246889122892972182243214436976241030671568122158135060922292584941037042193275910763772007047280520792e-145
0
4.61795249154531367403616404087505520738519979763683105336574301582100723130368533287476136010291748047394781525462990180e-146
0
2.74671571339731657562932886687133437299683830484833555213916922830870492101598728013913457938782957918712503165450635176e-147
0
1.63383756077687521169418547804879539889039860320547129993462620557039270499189605789007686730300743537841178201966607590e-148
0
9.71928769023156630445359341733748785436216342168353118667903493035131577700752597180539785046093751530039965054723520197e-150
0
5.78215719101344379261665037654939017376123444150851793006624537406961250645232816378447944954388878910013836197757679363e-151
0
3.44012921815286501056237649727045924279782400166381322306336365754314406344806560660721549869436548747910548092020600064e-152
0
2.04686191265517360564350713368964320140275779347039335615032261745304229016020299166121071185105435185424782949542395804e-153
0
1.21795374350689929866181935794957344423962363449730407233973538741981720384597732621416317894234363191813979285066514542e-154
0
7.24771403938627981269883266132134240012747749343016724414401647490854659237618065454569609674858983423543690145727482020e-156