0.410216576312167404706653875731788223765942900743921466771162665342471071473641260217489508620927094620239710536627129739
0
2.69006605753127664849281856045812311185312148791786049476166478967691874042529437020250363350005848289459231850895671303
0
9.17141208455802595327981514440106981944303885937578120010713429372300971772357792200901872335480617023840971918638714923
0
21.7081704828488346819803469976507410908353153636715165905330537489740703616815072959166042556026340227753062044975180002
0
40.1537110462077694628572222443692313882448137908622370412392815381179767191297171488499650259843757851175641155611696048
0
61.9128280893222437164953208083295026198888926353747777384290071506875560805005857243622887162454000050034569460082545333
0
82.8661018857834368938719201098178946712195270365351331041253526563673221237478102053216490000971499390181740942876622828
0
98.9729808373286650223334495254390392958203400307644847347256729308270526894445341955513136352594295283710664268076476707
0
107.613097204740944209161448884817132098559475155103515405594293020673792731882763282272708987470985599551891790051540307
0
108.127855677191556409522232800298232386366940246785571159906906623812414970047779108533011487591983381261707740970238776
0
101.574628127013174515470869151117312655530243175733083063828902495510727807773295994877916406485110446469440144686049963
0
90.0366811950454202532259528048282114332778010130716160884383845265985820597804474598553034452465101985970792247711898489
0
75.8731694496316486913239787063577065164096793710706831867003729951264210457059744755095327862364311366847747602164075107
0
61.1594495239359845955662385409885043968281250600641807952316195238132617317460990779004529287610583168477777375105071355
0
47.3994726336248990889811978189650497364801833060292090569866896385634761323787039138055920495588784645585823227415266433
0
35.4729366363389392115315717950532485790996863255765395047629276767034378282267497382279190892012149512650241491773368209
0
25.7297171678688392693451421578889214529924514534520970334664734937214638956814451543846336418895920638661388847057575997
0
18.1452189441567870469403900158183037198212842356802959840920822263469808179870142224489384595010820930114157087052933205
0
12.4758218792775591986996117767369882344579076807604782083563425250312420650864560849851012564897024176051392676977499250
0
8.38288306739317545659103929914292627691613698003062037103937199234959238155570346191215649911952251026282246298574233854
0
5.51625991428329498200637150858931716372765149428469207067967404979738143361702286531492356247677912771185678434826415617
0
3.56143664108552798084544942916120635345643593578508778908711906972490999651200905054855804946970927562229878227761112750
0
2.25967310475009625612518781648929814245266382514574799033251065071220542492182217235988025767750915060017834320188626853
0
1.41103716869473101409599866612907016271887200733328433766345478649832415588815874328303268173436565497334641023229529949
0
0.868298504070533653661501945862713695487421573306886185833840080406017645327073844098437089144669502633764533080783691371
0
0.527162566817241548638851470642211376789064657692694846359600106097580275712854321221489815032699879081333128554385247517
0
0.316097854623948104669826751732904939532217926203202237055551224214164438768899035644037577113154673171045320976609855865
0
0.187375306360048363619045970150076633479857249338036803544576101351259573644218480593694924206813732695433472249195859955
0
0.109898187043741359413513848006578548280436726116055683246108764491777922239259470880957547515234151532485616280544473761
0
0.0638256721827328216622484078250716548774955578743385812792039541817123672979250256206351981498209443771507935257589607333
0
0.0367312769495414304737529059523971071299035275774289025457984709084139548777453663183474356673367330989885741636912829864
0
0.0209601602538490648758669758397218817886060300470597652613849362839328443456870201995040627414380685343717723158248984416
0
0.0118666830992615965561673600103680574541245649652974150148180150687805684067651465298881624881698483358966828284629718002
0
0.00666925136902739309455079172038785224184945754385479308046193608217924689727313017817588877466099214435215008846303340201
0
0.00372267784018273706590429370587131156341043458524885299685250541354781887297732979869045903922944667141395520673253116997
0
0.00206473738846675534267819172275519922779233141498419103006666535039772784389068416084991454363811248390110906170962620959
0
0.00113838722396237418244989662379340791927523821704179391530327858385460518941762400917544261516372707253470368811472431909
0
0.000624168425903886180022985803375789065196997926190271739837886726383471108857424202527692878948006367223959879781578088629
0
0.000340453818756515263931994486130806448799320589460102563875497936149548942556192833638076533156607743089015041011291031142
0
0.000184801605592616807393147130640533957351905971220622141373348275248927657966935283773778369864237271050049263047959869778
0
9.98574242132892090237887238567293227740751548467282442331734178304084600485330951373007723764646555375270734629353295499e-5
0
5.37289630143798280035382603491006348842486203560921952295600328608016656155964800698113927384898194495114846416987617888e-5
0
2.87943764177124663600475039727268317083649433631396993894304973150087345885996094238198209846713669504346151648592805438e-5
0
1.53740273547327597567027323672392322663734364542420451573821945113766302152208414880035552796019463100991953993564264953e-5
0
8.17995035020363685305432193845568611193693650496443026703033071701975950974340332684689640970745695107475714047895578317e-6
0
4.33802737168553327022086209722572138585642429071183092391477616899225493093909427712914274505658135317799182169443357861e-6
0
2.29351650558919959429986768220826245883808908567739733569574355835218250050223135429441985250816289069320304982391421832e-6
0
1.20910235343480306770759389596938974233917114504107311924864003799093241071338953622160829532285249071117349671674559426e-6
0
6.35703008993627903540565122517537959499006982862562011583463736929487087785606920074245032645000176287718263560666853814e-7
0
3.33387259918122066676224831029927183575443005300168285746993874747700914038640721360308007009974999677431064833299609151e-7
0
1.74428037946824877013476101357216895523593985700035415665444291684569021166190495031459031706538322413500045489578923623e-7
0
9.10586112434275898526385048420269976171431386653255493363483015811641849592411118965119463596951685896982907324108169558e-8
0
4.74377613961621691661086596796838614013914277975037878851203179529873681902255925571426152037061958393827647947864574941e-8
0
2.46651186382802274645688561268081062881387172644317347699411639197759254549075107782863193765522821693241270303643853051e-8
0
1.28012441162917870671670600534132538605589039789282778001061314241589848198553409776872681092474043464214944222919238556e-8
0
6.63257376008151849483739650897048369715891318695369593010203457304702521719857136080779193131470109465893807475944232668e-9
0
3.43100252248639811669190224665443159352861893207724678774187094785353182626957479407026247795037221847959246795537834120e-9
0
1.77220695087283031623545898051313697309670709290115524165534463603768304267029357893155211028751642991323517417751612319e-9
0
9.14124142546263631685323216107540960737674166992062184515621309773295809587644930668658099080937984475780327535858732680e-10
0
4.70905556994960409127922773625392573767402748991689285828798004190087978408178675792889158262492348328050556322145280920e-10
0
2.42291788861421827160491310146147654112032661078123023413443790570194827947883406607622561552141178242212036732814000194e-10
0
1.24524876031186367550273203937124565763493831343489461517255859980807300572926395945573353803664969468816531257533064878e-10
0
6.39323179852125717677231178555091380484110679361051394442533028299605038540255279217366634031348207460018317789501900156e-11
0
3.27917247309980638398526119291142678184360161949038967569738337740673762621504310637154566681832297205575955079067794692e-11
0
1.68042221701443122236160659328519941137110316214977898774935188457457857191695753347745313425792117743187993770814118577e-11
0
8.60423364858259927767554391197074318030831670255486396557034681662094226413720269167187059988564567959436021610419739633e-12
0
4.40223664107427605120313837693216812093997688870853394728402411050330195586998723322022114358336794341912579902018171350e-12
0
2.25075569855208941706299940469314035575300734860301675087841637188416543659757952592724801617130836088608866632115843409e-12
0
1.15001146443954340731334483609943408032175473455258255592432492432554411782326589759551601701317679455840666085631460857e-12
0
5.87244047727534521253089290744600120027957806149536584929393593674481857913236295054377307708788295599221256089705868847e-13
0
2.99709389071647732009797764138815477007514366423328282251680807941829368261744330083197028048931890692787931890874226702e-13
0
1.52886403607107767438435597124592832820996436959933616672001777077697340981565030295745185892560221682364314960613259994e-13
0
7.79551202663143275141333829377304828270192730112738529729892638640651702789049039247700166121653773969509439434234607910e-14
0
3.97326175348840154907104310936967919911934898847297554738931242072564166767268316139361904663616654709599141328786351492e-14
0
2.02439384462283783462032628616083279478976480818014452746799676425951535342936806159917219020775863047882715336820408938e-14
0
1.03111191978424517320295830452288184777579897534199721598848890608197415997000698636111744191820895797522312729058610471e-14
0
5.25044854023834733951914500477161173995718993516340344854381495268747013875709430850080440770765525314744680364099833187e-15
0
2.67290082796471009671068088571954454858207586833544947584745380187395034995051502536206534600310351680502503416305086522e-15
0
1.36044320674565252865660175866763044110792151048877450584078237881003141211695600671503889959455975216568631555841656528e-15
0
6.92314934281671458932513016084550452539331500454717616291886604447037422270169141203669573588595396894268270765941570802e-16
0
3.52262655510671001202721144573127405176377753376296303048749836155827848422927326014541675889023035904237033548844101495e-16
0
1.79218318952847678128441817700472882143663758337041954870182854961628001847819445340765198847426952731539352926527389116e-16
0
9.11724755918166708405660596753007452122452511320444310438034795326250215794164231397782491259361862572591106610011570336e-17
0
4.63791447596274461874602722838609462855893271344164483363489821575425558670584330634036085317039794950773824945745499921e-17
0
2.35923338864362258592655407102935986537201636707976214906512990216428863258718753706980469370023999003376214238608735324e-17
0
1.20010509105521274038824566904408311498113881243153306878285109070330634558809969206745424716838017282877113317713957526e-17
0
6.10489753837053117776686420488164535233707192729422918598357375346331546437516495757574321650830365734364774049436185829e-18
0
3.10569116259346220559906018058366986575380875436371577334886970886516951114961138463208286990674981909332125339226944303e-18
0
1.58004169693328003284738590491231386965286318145665323211547021950455952782651804516681410644912356522699161417348007360e-18
0
8.03930319539957965109837190916975731336052356395171073628695529929481053633862462543298414298129953540769227837176334556e-19
0
4.09087890270525943585811842113740506685997063185673665481612962100426127867989786944559019144976327730403697573251413679e-19
0
2.08195618962825715857293010355734509830572865632440608628204027574101294277062749776798333318840104622233028363398331448e-19
0
1.05972045824822714121190689285886523942236724607747535980966028164656000392195214661186930298907394607441503574054698253e-19
0
5.39490114950610768217875618615587789153966739604900957670719896277230450648144196732240805137205743084573864035463971417e-20
0
2.74697964530506879281244573293753660689586648120052489002160531248781766967169732475135873665526586191235669146727376752e-20
0
1.39898862877560889221685772181228265304386873865699021486050158777706574579976962386454164787270975690699296486945058912e-20
0
7.12633824591397656243090135149367429676856312280599143081595919367880819246062278038637819911308923402515428447805372773e-21
0
3.63093607834765072777662652461429506682825613738777108729101777780808166357408177564762074263182668126470258575849720889e-21
0
1.85044780605033103494234381145261937843787277859954757143475581864407418795082130979165513381211388252007406058442012396e-21
0
9.43293879489244641657472318072422572497119347155929185379373861192803202985850527081233336516639859632357726241051029372e-22
0
4.80988567981033841385173963343124122284736112224252479396351327454826955446742575693802505286220885844940970244161334119e-22
0
2.45327046707650534153906500010289156316896598368315533387974072203010105211050044154894019332720902690657756169103164621e-22
0
1.25165371032855712168709481371478076876835609925588282731550692072576494787418336878118189498822657781881068648628727616e-22
0
6.38786836507490834611275603420346458634078209995340455877207461874409441594490074293769661668086273692281921054241752783e-23
0
3.26110994933762661078754925968594250116010538066234889363145562390239385726786008691580367278766972463998931502832022591e-23
0
1.66539458151950841106126502280365066610203861269665480753585262943953001014750988273301917644541983827345108365513648549e-23
0
8.50776306631405450911062603408548787587207611660322017590801050202336892984633680455103698231525805173235728265869883992e-24
0
4.34774719560873735394027309487227913085788597307274850290524882414421313231065157579008109837963094346279475623984497336e-24
0
2.22263312864959229495112278655673798262534299804162803293303079359051877387002898753143660565830479192179301624038060803e-24
0
1.13665759765680719556484859311759069786876340186816287834188857484645312645390684718506630452614947144491104646438435750e-24
0
5.81505090053684126061478342196807892313291887174723639178515336039134058858415433379576453941542635300184731859723639681e-25
0
2.97606778614962606385716043073878455336631404938267446232904374174734344128011052551941441675067086260145349580230227455e-25
0
1.52370486702693683053375366125499877320728546715867290591863663828719019350940379250555400520828336366305348438491533498e-25
0
7.80424299986826955886319393932028777857126285417409777331260838199459335614372207024075633014198894688391126137388854528e-26
0
3.99885467605400433633007565886504048817296459511073773571121838876057328637315268139308181765679948051562554805202960386e-26
0
2.04983192076000728502008080249057550501925045253856782313898194405978735086129013410635317076507942974971471509697080370e-26
0
1.05119050460998287005010074679955964603734022309442354951169521117672234498440443083695961835874230529569551506275970508e-26
0
5.39296728420093710895354599625999145560469001556050086980064522072914226531253731214043696916847411392240783067982073977e-27
0
2.76796016077407446201947166557526436176233940257138628719275275898328810220415419071683762117050471819879266536089912689e-27
0
1.42128108969527784173947403922078191944936819607251290863835977958717650568458992946179406375221187131200479278514081501e-27
0
7.30113712925775637590837909350916685335853356081653393015667855459978551448258428689407242854501859217479005980317738455e-28
0
3.75226588600538991059715978145927851698551975487110326288230424817125045417460752685697081801524034439783307925809446803e-28
0
1.92926267789617105841213606800645190020370297773707860928727906196781165618148269889260597843779894780808528093838628174e-28
0
9.92397745185380045653903834017681135356967499799006457290477720395794725336097968592214931831347817840858079743784878614e-29
0
5.10715125084240789172120517053058081698417123328202232499315710581794112817406840807895084484730434315498496776334128535e-29
0
2.62949302788299248283878374422241990576970855939547130416021993684876028879429617951200716033465169136377500427570325441e-29
0
1.35446379814974237211966691296637864229952801477878072421746516325213946488928266253991957354353227446340859446994552986e-29
0
6.98017793547806192490465260963173788220881918532901357032416888546936335562890041108949356790547340368166725556857447315e-30
0
3.59890894511113395929551367367954751298983990804077563647575135780234006715781493937075032782198611240138854181076857872e-30
0
1.85644454588754602090413911178542616113967850130680429017334777422201598426692152298673479561503378052660164722123001136e-30
0
9.58078886535429992986021289323371706939675676878546694082133304910486380090780544628519710793258624095234629244280057874e-31
0
4.94686506238123079194785443375260681056970600024793494033802943975736670637260486793559267324683772176995743452265666360e-31
0
2.55546322456617402249236857998455020383680891996208292515708909507629553023434719994412769331262770385810954072580337056e-31
0
1.32075173279660767349679370445453386380624061102950010197536594410210469185035412186724685510863600063574814240510066946e-31
0
6.82945216742353918714137595721473872773743988671837257155603368006841867504061014101184113355392058758510208641739883670e-32
0
3.53317177685565931154353649301871586789296635289406816241537938213451423830327719340351164245102376130833237962647465273e-32
0
1.82876906755566643468252672686473525590765909738893087249733664642236209945260872422165984897698411055300338054916557561e-32
0
9.47041866579161651195983928407979483811733528086363816368657208593350976486030374038980504804997315186886938470482473409e-33
0
4.90678014410298626886924343323246020741213514642771306665593241988239091273359155831572410935975405967450395361377849955e-33
0
2.54356001633399756137838192348010590017966239613750510345780085610438952298209221847554275641948482585501074989319459983e-33
0
1.31918638218996805960920320377470286135962089498482469154689573072533772902051703619921213140168068882235381424671455895e-33
0
6.84525877918368258086426723546333382504402032137178627150039738406744920318034714216577213748848291810989532657081139896e-34
0
3.55380700119038572205435264419839594415748195698135834487407607810176586991235476410678784675452097548909686505871962563e-34
0
1.84594489536147016937971939258668894999714995301825393252876919607438661910581881432845814199510719744801464067414245539e-34
0
9.59323711277559026929312446859101907963041775967259235563316034312879654546121594574658190899460909671147263414197428656e-35
0
4.98808404882400768039584144349598753180367340199083377185994562973516263575233008039865060338995030447059396090533274726e-35
0
2.59492630285418644477544633006155492801949651698885237666415602391637244931597226876520968841126948084383421924978806079e-35
0
1.35063960653062423825200285981673786315501273653501224690336735894904442747613769130659838093677285373887184605133313294e-35
0
7.03359874750245716390985716642039607538991119633622860248296274876193133330303490884090088820239548840925369052668788215e-36
0
3.66471144585313875864915092930445432137567745808819340803934487001631820141756581432729232897536024850690360832556620475e-36
0
1.91040948086373736150848943388355826218219720791801896708281695759156098951830509075466635004540284722064998930100492476e-36