0.472694119571028711617914544455725386814731469058289533852801769129384001372743691714078150803833898301671426649821773059
0.0299796904940327094901713023043875447436478030565623354567455439847426316786601150069938933314202577843618298076568826515
0.000467138633814260382014390194259722003728568295810822407015836537025590407220164416908304409700451172758497769764033517061
-0.00274596062704635008277149879080757357005915817138026798746675022605542995054695290362487740713608885969891909914414051695
-0.00197404646446636745661628326030354986286570954289571104581201137350049285462700499082094622394949728944006080015440600473
-0.000995176772633629893574769868091981725410262065940338259635163490024823129518517773135109637075301893896900156140741357489
-0.000385751579113959435443310555897758944124464912681403069927425161483422344037755371439682249241138513145455117313019474274
-8.96694400189450408403054780820307938621698191167215276572383208935310690676975677447028570309245468270686521577510683355e-5
2.42518732259288957110807634483165877528128608982379912419616320255402562466246312870088675125101143353363979541083016311e-5
5.12026770326939125699370808562754755441108781446329513308297842942223120425242912833142770059369094981409678923455290299e-5
4.45576320568013232453526017034875013385836350245649493546493928832743757168984319917922038171645841270778239124001407611e-5
2.96483974998100862315655240060852708936058865305982157941111463923684208461942587301516353072308283617810784701701170515e-5
1.63792811406058827695962957301949806582079318328994226448150425511242367151478130527153514063250618572152543163783446633e-5
7.32211343492872852949560392763672467943146615822613386039549492413561919936796746540143480843973645564795601132332432828e-6
2.13010917987090113763894529496663488705079077755576403861111169049818560742495627530263336063021007123852534471161850775e-6
-3.50607710192953918878650444505390318498814009706052889922840111326567283435999213548369616452993687946874934449381208182e-7
-1.22194185178886796684710077003882680791575342157707816522808248234577584714405623667856533337583127029728306492553849354e-6
-1.27993690283165300610051261045425608382114459313358766906166493181230819969342448985431003980671397009549222930141051877e-6
-1.01319138821181047737635562466673440777830453361758773954112742742209792295335474175424132175829917184728573744834440981e-6
-6.80948525075450144545037786728264259465505964307238083846996770993906527548299106493572868632447658003154822566717009368e-7
-3.96999080946132725914418273381001603410458029403309681965629550594556785492159157064137676128349179092112923789257437324e-7
-1.94542228019226323238312567338468659258003268708414527049383496952261025699824428021283336175504920143622175118889636265e-7
-6.86797841582020580685234246190839350951023833732886574670226515885836222116503516378955398509841932179402076432897057256e-8
-9.09015349881674283906502727443206816767925371012382479016644615896828535225349496786005813960908749537542680249466299856e-10
2.85749748976551314406639514832856351194870427002055527813870242466869669968838346134993151903023372349084775235414769564e-8
3.58664129524196683248997419778242970009110249343544151378963127787078520042615794802536737547170731170288316147682863172e-8
3.21907279730005723280514009909833280441058931718402961888184719892981573371489015407019692534341974517812055512156559425e-8
2.44738706780887283102343225622604188641687509574564241672951214207569126758451701761885243873377079595035295540483639330e-8
1.64624256732587308890748885593900085361979558151800587726812384511194474904440784411461622982871846072617774685906438784e-8
9.82708624554356967861421195771056806338677426238577976378729077916318310307545443839232497085917720403273659381220571420e-9
5.03295514153601482547727929417526897109697758449736403590776660469200437882758354005861918314650278624455689339769933195e-9
1.93971221596525587815795403654257487683260909135270832019432671829208360621414521879208957392206064037194551608143897900e-9
1.71835207269964618517080425793732809795525901220053007192185274381371056922765662857544444684204991323313948872249032604e-10
-6.78911372020644474362467150079925086343456613525070509629912409847393953685730578490159312657874940254113368913751513471e-10
-9.60281487664094861195440850144580162062170433495733314023271734821576445617844377176255601364455044898889151905160527486e-10
-9.30315337500835670836844208666238248096506972977408884042649174540839543111554662057600547616156825820555234539945992787e-10
-7.60924784111562253502652052118293960801035499280301198830200527532891920879346567140595679993168691919984300876750966446e-10
-5.54982974462103860997955637849615186912652679845898934810695057834283915624820971193562299940921147427808626440973186760e-10
-3.66188307886850776941362169342049407974191143183437201844693231817301808675441053657655133831257362506406670612247638713e-10
-2.16585185793391489234241327423624503161907210976895841327018326929751348813900176408341080398713460783509048578610450468e-10
-1.09947795624507778225862117189594484383568711800701421791195115076555968855020585033588407481770990194465817029893898574e-10
-4.09816630189932970233039897734183140598693658791665436218168923299086281261637376527203352370742571621494632679344478132e-11
-1.06011164588277116021420835765212160024935598462748948375902809741594117040776254969634229672007428841396667493728591507e-12
1.85830607589309564826126712113752692499508448288942033562391838914736161953980070293723033460075050504973286856817693527e-11
2.53555908002345340045200458653955631073723068729294111257726743054600065147416100306394869710196890294814704194817668663e-11
2.48334862634600058917776379684150262243222264830528784324793929408278839900128430531769707850587530054547576734128310325e-11
2.08370449271304514274163332382382293207284410870866138853491617065213747617468843050896861677866389889181932843342468178e-11
1.57483721254894833852701951879111962455968908943582774429056131884051424073074145706083247784932232656102920916022560715e-11
1.08897490791109749772825179562776461899798313014572780962962174586955553372338923359794174228421388856703660685181879430e-11
6.86979264428342790251712924019505477156266865171063173997237956811311219150239237271783997949355843089286262965019835686e-12
3.85955275304829960205525975845328205081434631147020240499935117288923982217892012071896591377311881367051386126294065121e-12
1.79215014271445815682033870348513543143574115878142020518931066343596866830087626594767785505540523982703565940511365205e-12
4.95079789288622842789134781478457912575229323220445437977038686745138906050462800569506428894137880160453668806209533778e-13
-2.29962845041035796204794408381632624956254286905836701987964286430739125044021023770121235960597335164140955436802996119e-13
-5.64558016177799976713021437358680369689372106620861930849870402574897906850009188801760631350199013115219045719494145687e-13
-6.55395701111881618410908185521505889905702838420457203343503867838978422616027265923410186689520993296469158505295972279e-13
-6.10581741620126952166470134172588592632494086980966377557565825361392192587446067473371250484640171523777471559462334825e-13
-5.03496906448332910928205843004207249865577980730200603812647564026750110725267354688682590284924300177408803711294465593e-13
-3.79752595980870304359716794153303591979893023687046486085066162032673261819617603924785829941093121911099139712475137010e-13
-2.64634328238935031659107066333786395867144021527006091804247679261951950722074632103139072003975691794945531903135530221e-13
-1.69699119114436427542178975486084765873772675307105287092950881386336332674183239449576720215260742783752925719761087953e-13
-9.80035004627330765961822796958293108004527610815096641747489811958796498681542330292518495757708388165997750162034624463e-14
-4.79067906118370978373981340095540889793165685260226912983119479226826576842562513891380599942243322600971586967852296335e-14
-1.56285769887071211121996788780284341433395706360496291836211156191192255413088988445288311043497797156692640666447712700e-14
3.17297991797286268237133195375668433238848943563946589771050641959276260538168765063100324225420603302447456536815711941e-15
1.25312780276706682493263738957569311041376117618195345827397151723457696303945059882158240453030274064619309594915735226e-14
1.57759391363505240173259992110307998413584829940682483777375148100802855835363947843091912878399917834328053632314330858e-14
1.54295028901892224719927836402835918162791608230438674952029239332382055890899613299543732790425225840396883195583310578e-14
1.32647492475969687646616010819246849544825176704068935157417257566148931769312127799588118196097345012948319555267187794e-14
1.04349304850608535421843961778706263833174302413485601428904811488357399048469960746908279008606715887159486469252334051e-14
7.62305502373852220662603685331011642746808386419213740920465428626992239998287574316379161724520210647644314848715764725e-15
5.18063980764789744716442312016776859829665595197531758296419150425132205347810528088407761779022908351440696869847185793e-15
3.24250597102343698705043061233678682364938726194227595294486835098674558905265316727966286841433224411523431282778086448e-15
1.81409514469703754591806823157922836054128535939079317465703533285727194237265823682311216492102952915932730835508639207e-15
8.33218910879756241800620689942791433893045041447430306699533904205255897730222019483207807771171941724237407765359034181e-16
2.10622614100323094480838825529255684827296861470245137479209748258637731231220013146518810285619017427310936276621240847e-16
-1.45602133566993749579334328340436298596256627196189695625854818989024114516352457634750782399139593308408374114605886193e-16
-3.17065103446330723591294963185902493918684802909939672965957383257206290319765578383428647017196045999165136366324724248e-16
-3.69690707567976007338184846156051235510249984937798174857707730310510614870947445436486959278417482812913710319699251553e-16
-3.52920345043535905632483986547423885327794677673141167608520940156147242415937217603518649450325861985450173117649927473e-16
-3.01384533590813519617389959242694758991089602151231770347319281549297652084768714483272219030025554679202753474955440039e-16
-2.37638730182100953606564017932382611812966949144133468820605236557145127664262045948844728910236720599602556446545496760e-16
-1.75103309883738501391783517139684982088201057074043373484423973368165168896814416220543063918260734057000555030056306808e-16
-1.20738729931736506326037433565464048928824230178573387489831154580154877005492461300479071273818468549802427092649801162e-16
-7.72473398379671784325481109276788607201942593664573672979793747167055954245624895193623326791196232621997309063800555514e-17
-4.47537209365875325306360281290293755274391775490903963990852848528349695455683419745475478472527643548627824768787819009e-17
-2.20041302779303312856541374392556578008997893339175860605660878626732992111119349172239550995358723118200323007300144316e-17
-7.16623896239123012061375632731003045172369472077550497000359493308692953904474822929171673227807249312256483951940019060e-18
1.67886865949224323463616439806227872901765502202370567677642770837774672368897338586500315700053115928873613017062509477e-18
6.26640006589003990115036114372408904512231845044864341347142716142985478273383664067169938203845137706156112947042285484e-18
8.02702241209433587142705027401837723906693734247024906517166890291144881440037497039835967231664197078507203261492225045e-18
8.05937516630348788203731143228125776948733312270849229981225865942413936328948893157757983390393716890723827019152121544e-18
7.15512765104870598793633090737974868532233816617743465491520661498150921366047989401971478259272316862981569071914065194e-18
5.84878122040799590833039434140316846255816369692813806996054948203529051848928755341152753891732394276037544661922987964e-18
4.47460599232062972404576259770215905852896624519270401768323400922601065555857201330280286590545882697320703690118689047e-18
3.22057820136003846152596666786688049760433911952607556905758638520781399272210076246143708237795139247636232585727535069e-18
2.17433135055913873279261230420768298638047619809124026439578091210949104060393457512931826325038445824834765294630018993e-18
1.35943879320446283145946307686140842404182389013825444866009858471510243206246418001705962426452124587420685716373601534e-18
7.62285658163455985221550966282106686466319253807156787116372119782038900671763849977272708543065469642745477490739209443e-19
3.50779597394383043560995712191716051714638582740525833448823800349021265485064401688923847868700569307365567171315183009e-19
8.65245064632452864967510414811710480252534927757561179890603652825282464939866264926697072000084929482942307828320372028e-20
-6.79129594602156394701208892669666265416437900362265441885762077350693255999172358323913998330419149346635495523731521483e-20
-1.45203471513052157456629741920950179716160029130624133826035748269730769105082286210268448152797600178275523637759839599e-19
-1.71750623866676621722939257466998712346403051200930699462795482863631201040131536754158666490520199602987171986080296000e-19
-1.67591016671271152116778691693448344601570644776154499015324327028176756909713155992535132721770129414516822700138694353e-19
-1.47060502636856489390909357724888069302014891334530660769299913123970135307137702913561032866654220707608391745167591644e-19
-1.19796881397386303280753360151051940588376086337622470914610880959702276336940441423252216957294377013931602400719239473e-19
-9.18102083393236107245092598516878499268035737027050551386987903213616562464654204066868827271803525820427671351811753667e-20
-6.64687256337381143107180533636848520605747866157133697078078061468434957575301455115324328072447771058543859127895007406e-20
-4.53283173781413109330966992259242407938404312121501860537157676881146242272060795876604755365637418482220939739289453013e-20
-2.87843966093158181166011563154457541611962432913756059196034396552043985969294632736306087578721480712970758017484013901e-20
-1.65548736580859260793473832321617635639019681472648165350745693224652452647702800249421630067879263955698980912630701161e-20
-8.01783880421483867365619947901432736489785448163166873863493785875524721624204498254449221015441618277602228198242399350e-21
-2.43297623618651798411346750929853922270889081238427301588831202715896517479934433704231433882348833181733233183941475557e-21
9.24640850710206597918050786869412624095325134740343309617895137979166983807703801693959222943045201415293707696892919700e-22
2.69313322085866062948896683998785478813778300164137341985794168689411160115558855349513340201453980273672162431935605043e-21
3.39419357740557873203681738119302495418005222584768386201336068283931781925936062943525437427675936199660529064171984231e-21
3.42948239747814731066009631445361558416202616860057901944572723445509695673291761769225071499402446152955380636432437825e-21
3.09161239557303408693461684415397205008507006500755321842702725354281253819827089289386396726205437799581713994604567409e-21
2.58190885043962704121347132736588836557117074969590549008046525712640840948653412831845574406226431745424442978593991485e-21
2.02995317111612304108150423796861088404461531850884977375144639299815086236646052876362259108796546409528222323213143530e-21
1.51199496250331141049203378633462592253359021173859633185164310010645146389086653531547608857467362863289073126792733475e-21
1.06676518009050577415609534688513841804734570102537860138870958738546234692160093219723205822484977526806936716476500943e-21
7.08169851628156077226152357431419700683121316318740674893161658588884610067525643143521760251568381430515200206591589354e-22
4.34915789079023009904138541883802196437292280688937552655597789392133063983422634388232819843853093342350964065744013885e-22
2.37425792780654924552076516768591822339072677977302502608649619461076904550447586022306774733641124546968451468481797911e-22
1.02529222297851509782702234216590226026745499236507895922385866217758965382180437914131598471554111633273010546071916021e-22
1.64316383706492756247122727824083706953836456726196735768576666497329938144923033076463091250515468174486579831608384547e-23
-3.35770424096952242546345875811088540930182342983735892971277155469114977698627305709176914516541482089600213900282848360e-23
-5.82897615036278476121197775650512720889542291415290275396834690144937811391012289791310274167664449435650325176352364856e-23
-6.63200776511968107175365389564809101721432829107370366375460389801264992281207639441776904867080245018828355667820006270e-23
-6.41825905034867706597933815003473862478403710644164433373852625942595710480006797268655532069305674200874050208717602439e-23
-5.65544973503954985509415010528467101952209235202071906600330853087625282235855322352309639813755033916976219304649469278e-23
-4.66102456219062216174602732113829438043522078616372500866299583837987779060030744117883033409194319994161860105035597327e-23
-3.63620230176994751951741501908441851031863647865313698977549357818842046217370913929183602643516820497477967870465440933e-23
-2.69683240170543553695800357255228808828347666459769223650344339493142990386562152417552488225228533206314393588760684782e-23
-1.89930281626962278666538944536012958405388935176223104798453063788322432138032194567412503975799262378931297824037162637e-23
-1.26103915778729417611564776250442138278674093054015039753306705628095088054475303486262382437438221797796438151794778781e-23
-7.75898575435803020411791675889093149101021064890376698854245539736628080526004565948820061177955194358737397909628038415e-24
-4.25151821606181421544053424372192196993710903844755823010443991512581967061072581938412770611659095992170648235528710703e-24
-1.84890866184486508251632741205697342966593325510202725372379818368509716884658484377102960475539212961685469016217325380e-24
-3.06926942386106495766381051141408498456327965930391844786575793665338915371771710231485948646335354282785042503995465629e-25
5.97191984359677013773191289018794511937530580682687311230386340919841462379384500753337065590159484972759602405049985722e-25
1.05199505618267976986197339652532902430830593111899918291978355328224981260143063022387829871162595543943553788840324886e-24
1.20808442454046848515123776447393458618167918050668634751247948508246636854829300418060332057812596200451725868310462115e-24
1.17981016225817503380782318964383862951114700807211647722633928512151966090142910925252320325673622205887228246581267933e-24
1.04982475265842651893034383938485287376198271618902296030553755828848871515730148313054880214975128971812964927503902676e-24
8.74784479038244288514639240184899621476042170657652714304801446156006133878481726787917283085765523662067616567564201645e-25
6.91125154669212426103224496545423957274650587657101121089082670291212351143424361053970579698594375882270953614871888739e-25
5.20305481635609027107841907628767178183363045215999882787429717515860409303692764551902901078165709512777211417617554235e-25
3.73231961643280176198033426861399230648088579778290224059423846993053490154878770430512719400102619945123645066615740333e-25
2.53786801365080954927520611673371911778622521007894973829462694556938269766211843782053605714478464263732181026997448228e-25
1.61503937017290818722749048832089755710807773459551999429277940943963394643068080868082711048407085357466314850032107887e-25
9.35028804047592244048455900999858883138693346490592977501848643994767606098869827261710818070258377160147000371441498357e-26
4.58152633102305083446671801928331751566654966684532191089717124955894851056913245706815648157549881241026332560072326353e-26
1.42396455696666318102563203432330877861866358527386964237648990019098414725343681847377425881775767167885957899987181912e-26
-5.15289015464570025051145012560222316838107103075664073672311680763123317042391336660058470310783769955523377810245759497e-27
-1.57592453126596746191298008277571248019171752002896705221046595289042915556600822882952990209350308250448718538587726375e-26
-2.03488462474412358094670577985849811617798752321833607448366502990314421776574188987051900571299938913693385203121807711e-26
-2.10700240314521380712822118797770861168384485932392506745574060487204156968931330174137673634872347109209180762813708640e-26
-1.95132939606631591475116733131228050301552814756056869023819487581217384902103419868260261257665235734541950563914992728e-26
-1.68006849204394906599481945476861480368127089719670786303661159122532867804822316741995100680319263187475866207136266155e-26
-1.36811997678573520950367651289380769020694728261545889600811211069412265441025156799136436463052528955742592896856637746e-26
-1.06205758879771205606896276335571196065064590811545343688315710170289267880696934134509717684090050144596814889778517054e-26
-7.87921676246916320875618970492921157397056385959746791336578944110009831936983416622097866937678632526148945335720246489e-27
-5.57597075462385588227891808071165227994562815014977544420838768280163406562057700144750204153932534080453739140622573002e-27
-3.73780270641101800999283615140707041812813992436889528282695830343384244518119155112092825804345115467821993045929010293e-27
-2.33673580939131770930200535526200315797007328570624049304358491840781658813497389873316127232017025236139005898219383266e-27
-1.31606026371175000504107743656103277383850867295754472920487565922360808742347586311130787612565145992342439032359625862e-27
-6.07963116196040336877236776825093050566696154680195866671330058680478241306873847589326233827480044109351274589232519415e-28
-1.44616492638184135756543595127021108512043154744930412021513625894933229588915892746708817357834088188138252003476739223e-28
1.35499528469695081781882384302236759849234626200544206832916641543390477846878531786792826036657243442184201105427590870e-28
2.84580187289139065044280858419356151561211468601932563153838293673350665049368032806468583724777680777053977083607486324e-28
3.44644563341952860419961819839594095843188874901455720134905672298517096406685054939361116607629336777204551072640021336e-28
3.47997074053459138487254625628482175441382595331458432826854258770848574102985327295797897610522730164780090179254891481e-28
3.18394001622449585400640172892984062573860688203762037378034033803487918706137460153672591713909450789769231923360697137e-28
2.72503122245903660772854211756110747373191735493289497855851159195211212305038967563276060889015755850578520373743738523e-28
2.21394596159194768091688897035075955651944245225474024588614410609431376755413251344827318036145786502964505041382684781e-28
1.71911133776796368404584456593682167443101314231378292359872079666896651788737121549014286826338074731637040244918789602e-28
1.27842135779951160677888469534060300422535773823008488601526552968234417615615814421587880087080706263174984074524317264e-28
9.08771494120162462246597217734834853121886489504096213986724396718168602117463268074170239790535972768014548787642686373e-29
6.13450922005903603017183769674748380924750959268079559758849546627592892107316397518462482667829185229466024902173471584e-29
3.87627945825728557526306815200365415759293110028534676298207150298966108706871368797647640012622658474146141113921435804e-29
2.22239555581393170730029795502535910664084458730869146941868908553614891646340002540575259558110011403309992331541421318e-29
1.06610122634937801972143714735744687731211638866728229409981660281673731360073092639158931478471344961979247900760863283e-29
3.01021154985068914051990884636466176369601078093504290147005443415708696195907293883086554104894855302046551851500198563e-30
-1.69389394279380211046307983309042718731196986384711411337943159747911876500815114890393848959959443868709197228201753705e-30
-4.27304494668921841890657036925378497533724570288470899001234679918473936775038345454501016561109706594622939449083283516e-30
-5.39217734625415194602169959332232198635596163926523021415743437733204073529240039907287824500123037981729139940697110043e-30
-5.56605660629050559093102212530126116435869681323165533259006875114367659020950310443129452163550224882206439153036922981e-30
-5.17664234827883316749016671000171744569628682078082386816534374910341137253151371660371215310623496179832750997334323044e-30
-4.49504544879257812046885118347799789915340776687375848746187070912594999898057890257713574773843174834272504792489498993e-30
-3.70414035409638861096258161876147388950200495977060903960554268516371913522556210951527120882831962442120182365284527517e-30
-2.91951412863122511559138871560976085240738425978464370941595834451910436738242040958585813533811290575408349367559026082e-30
-2.20757202437407603723648547927614519657492450566791384890282255196908725217262434191131807950872636797296660415769617668e-30
-1.60037884291417347265395879262093057485702827594957305880071296851070810728434098826147830746613266414736736035117695261e-30
-1.10728890235420670238260489107724142230387842563257225752084566671362801769920893470853935493936623105830107403117523362e-30
-7.23684213131039465439357757036387351644901467827010358016890812547277732906058242164819230995952865096315264897478029962e-31
-4.37264647808295390254973276545941911694456211654412386902944830423515017534026695241457487809232431171914083649825197658e-31
-2.32365124281990788424957792801382640298816113219591369972945817530525167165002576777251638077550459268236875458881575925e-31
-9.27499690640648752246052679383875380929647562750262128811622093653292191993446866197150943958646374853389220773434181430e-32
-3.27986909853054971249415812923811424705441800653633557089471279707988918848074604666136354982538001360899357058805106232e-33
4.92201470343805631758121954571473656437850738173180936176618796942520742333209737292687576999444185902712384426484845712e-32
7.56311976646143382340764375923028914909040390265057680951012951426069578120207264138720506648024671662168495941827941050e-32
8.45513937629535846325728647864345302263728512572198583309203416101988544550969999936933425136283901698782195856524784039e-32
8.25025284782274080797123667238062204566307784442170924722463909922409384296883848030884398923403672032795124297286408792e-32
7.42318430884946567962345177203436480489545931429019820166672840261896043909806321109101971350981827723025840009035693176e-32
6.30422706272496695191523585562811659388840916943803038939251894997762119929860283336873585343536408409269806796253693155e-32
5.11101679329805752016028181362119146345052215577612345457735236061328174618475481805524856363960157409041316237285484270e-32
3.97679488087045182122247140573906222277491596767227871884577518894393275101014343159210909863776189455070975217318671611e-32
2.97416465049985500301898197678410371606754025009604281352914306983493617133842760516237443785021436478315801475316319597e-32
2.13415962496233005648083779198519434737672463793966877151261660724828541120391655963265674969974664169450333562080459657e-32
1.46093015881929501566877430116760746050323601740454747256973322472774592149422479825835350468486528689099204365521528544e-32
9.42609384384135833665768815155449181930362655769654890728110796616509514957685359292458307582314975941167661438531512615e-33
5.59017236255085090943168835596194741921786769636039202742981393814122276469673085268395873307563237179326846572475781249e-33
2.86860107183397141975467357631446797425723267791362901902124524117761797976548372288996499893816191962162944047262641093e-33
1.03025407551128608409511183261390745273237328640587388088843088288069300777117999493521471740079150683476804353274031965e-33
-1.35158118137765151393131318790828452718512015566522862427430827209118833539888505949626149623532891438282996159564031593e-34
-8.07796499971331859616285321545791376551192218912949126559617252416635945310304364720798886174547755825158598761171191668e-34
-1.13486309526829577419260525966063765354475994530151817792542650059048176355054076281764255471075303203155652153347038302e-33
-1.23177311058531620710427437818982978470114470453272228497213959407714997574644995737626115236464921361691436649537082085e-33
-1.18555572524295604404018519494476988382935551780354369417463338691185059195003781264058453852617530780490222509586072675e-33
-1.05926059231382811138187890908413295706215102992798653412699134831488961132030541511306343607958239348363555671137902135e-33
-8.96572614524403301956056723021296045549823728859176408185012296835435788787850233046798470507431603857220824058871107006e-34
-7.26153398098817735127847005585143622083894994224523888027363380563126511529091350730819108154814350886137950017687188181e-34
-5.65452697410558307643236382694960480151671503458887869345851621653427703719732141569113502552886759553269422179274493076e-34
-4.23885896313962415658903219789396618908796084653421994402874531330114101248812004444349499981342353614531546072354557066e-34
-3.05371250537657605218633129961445124648758839784277580643625398765328630609069698002275094707790224011691681753057741544e-34
-2.10277927918437127885324393238609218262088572461841140654759122241065058174012554191260381198874441998208878105940769388e-34
-1.36864832430814898005368948981494324573518748759493245977111248093024756463700266801432394936576769886970240065081223421e-34
-8.23001907937935152495785150913658006762013350539673354930176549486995510901237808971298104913123868978892111301786320103e-35
-4.33500058238220566749946740899770733544717149759388139070249324473774112322755110939641513620495554325197466265133923630e-35
-1.68148720370662470202768755815823759010887076191559764185366123047667846478776264098876848852053923251999761663633019383e-35
2.17136449747690827849565151592779923902897451757518384473304739080710588898492510594614675522699055146473186787672944846e-37
1.02464206687480609812790959109573828592779995802106281728167688127077236771520242829322470685504697623081699824284179665e-35
1.53236048355678647537712183489679886903761105014646026496122053806979243122899217488188399956869397738824077592708635187e-35
1.70646953446267064117915865992566288788281955228549402026298962105606297225470869145365872776593316255382917797370220706e-35
1.66962310693270167860567787930482789553487266603644166135383649924078205951839575898082987750152585892154900396222835006e-35
1.51142140194352748312067732582132392629610532759786954984635969399012300554265361487969281218572383954982674526311977963e-35
1.29461848597745485664527844475651493821190088527529769885768571313705771458197949559991152304972657909125302058955496133e-35
1.06099592286339940071440208985375521751388558227394481677656566140843475822540080637135086923356520910442268524100004850e-35
8.36551099273306295733111186549744069655734261646980364681464637416555751365278093576874358027340729753629245136683252542e-36
6.35851910144835163939027872068684817539295632307694577034155116954357475897257685143670175472028560509445403838127293204e-36
4.65540584083988820507494059406157394171975624936030813231058878768772870158657907266105624013703481902889988752091379192e-36
3.27047522059854868393388581414878900176793315416701769030340816490173650959179314142745559358947937181095314668575634868e-36
2.18616598637393968950580652459920347123580997994587102066805568123689977726970114648761829825046071817596430194788161841e-36
1.36758635560910867621155031510463030826457685363426782692633569391899537684815570513319368884090769409496691340392564084e-36
7.72489503427388519785208506070375964045952723166190547895410456285571176342209995213886389528086112055536294517358569723e-37
3.57747534884708987384933786222830516524975345948002218219425693783320411935299836953803356049578612696923878382217510405e-37
8.32343643572075407057196747712854851029772037008407999655917941243741768665340794557930109168021807367641757833362366723e-38
-8.61340098158186059478623900689452958574856565921964861338517781396202632546307843924965396928122779649381053510868175043e-38
-1.79610332711029037633307481853363272425751908323901203297030944002525776918384173604442093013409739376579619011247982275e-37
-2.20627543230306004960866530459926361345458420752089786405298340547171912001119003182480069182303721554682373059218843725e-37
-2.27280327496652510961769550810586545646385649814753908325501757908906501458593511736039623687109383806846448692167823950e-37
-2.13043923037975390195337804681167665170140801457986571144186010049164402061819078486846348559873852714296056598115967755e-37
-1.87573837468756595913448343026099311700079403331022257811057028878061912317476915018890058247295370156716265681749001592e-37
-1.57487934564845072558225166480301378081389439450699676377994645762574671380101722691571647100180021224017100517464887011e-37
-1.27074377158573607675941884032786888941277242629808188321130483610443407622736536457001583157035816029327847190048524070e-37
-9.88982471658862058785692972198863192268220192779401469567002206022213829068377758626760225418131647092333650418887894471e-38
-7.42991244484384448875082397146895075295378598149580163934375326320141711277432883089470764534849931015353743682630424543e-38
-5.37839753708173321796597005949455701732021219774953304669578720009381607572996997600822945508075175688155572573593220096e-38
-3.73264406710175562886488784377146368865204814143678682985328129205514868562041731676910925733705796328586193033643954989e-38
-2.45866685879344747552480090521341475316879409632419329923364459971281747144448016122291001603122066443373944171490552192e-38
-1.50664824869400268024423313421824687462897587533152118188755020065671562882997326507433609509324233408468284142913603022e-38
-8.21384538811739526185657497633569051787910856270505820008360586796819159977339775957875409522910921710217223011753759064e-39
-3.48896071107086424876863111917478436760234670267539496581318502281760354008356135729834276124470847163294161564988378509e-39
-4.02389961582658770997401223930427857005567425006265976834936467556919244709796819066213920907200539366987410001868696260e-40
1.46642805390505652896705737339889682574648791277057424747677980267741673745502293974018812692769945774727378827633864609e-39
2.46372756690174748221057574025119161493392832957489920916653980928868438442958327447477982587137992165896675668040724595e-39
2.86412892399103491342556080993831615354404738301249519149229638954453287036189695780884159512942902078697937475431834912e-39
2.87796048986821275796938369253115094657441410871620561224700957007367978591565800001450989843599482841903939726150142311e-39
2.66072015020863083043310660261197004510862936565143343142621405661903602819673113906973921580802587724050978318932442454e-39
2.32304606441486824831656078476645759792592650962820587776252154829653893444997776122286747407226226880132955873178884088e-39
1.94019253581819819472164972398838134952291671376078375230777644817909255629023040676220884518120109911785307376300692249e-39
1.56045718696520014952993725834574631885382121009064827048985239577803155791869734024520452538662898257232727077641061335e-39
1.21231593910790792480976845570660287503258861653700735151118564063646136383916352068811759076082322097448790118977876141e-39
9.10225056313634809431131109483930643593884818182306141083300417045436254486284069148801065083499463961132325580003509429e-40
6.59172531825695529421706765801172004064677203588557759277060917887261838528294164589120296167646067108601227058367575446e-40
4.58127182908147480535950249767463910560624104853161247844988599138188449330375590382272327558392337170455740804621212703e-40
3.02561012467396634839952153581261874562169978679117607124935327334212349752911440722220177161099838170475389725365189305e-40
1.86222450274898427705520065744812179048878184268994721294264972145606520350347345599262947534917926909213501430565027658e-40
1.02325136162503308027729607640605510626366640907454121425628056311512884888148901715409956108689293274627781181684350953e-40
4.42961321287351726706411244580971798729845727742735684640816250167779956813461559126574521093061970425817408116999766392e-41
6.20371254853980132209672057467589281846381146991607338016507667714886929743637256282990891705936806642441873256650944850e-42
-1.70387121423396370149697474110839786959796605362955063146996283672935829507973341956781476791135116640645405544230900972e-41
-2.96176112225328116346069932219341226708566533472817396695045022439643365440034790884139105645880114980732158155053602159e-41
-3.48571064750536341835330054161473510733785995480700439489390272302060366521003575707950291340686499638955372288697770284e-41
-3.53088685765610258717264996763083142366558008651827093918437882675102024652756310994800441364831723439941966853473106672e-41
-3.28659277184238828968093301295559167278246234242434002254287929314033006597445809120411297696868708331930723556789565570e-41
-2.88817787758863958866532687191232025694275989151727218854948535800374357130988781468480726808812109541073401513156003834e-41
-2.42833138821342318372057118832757476577577078727797183454131412463944918745016324138088996283608745169825087093689032684e-41
-1.96712591115472179999735801598840036280432329001296712884959070616636659898956401371857250246759824735466784783918227567e-41
-1.54053398750366521025757872935340882354074868063235768996187046649112221523596033578466898741717783497036358321068454572e-41
-1.16737221961412064657085966224089906391367313618009995708380276105601190121047876804976015876641010879377252699435025651e-41
-8.54769053521594928154208666676477161743460821012961450376610935346384966077298357164413014171745539523068115555372424094e-42
-6.02328629815509079609446233169898900232096008772611707607038185044707006032994674427495858297922771883895534681777811807e-42
-4.05194927409033884691148923375728240060867407562171275242731326328684598826555581335224459635875343096517532067913305356e-42
-2.56223330522288961772007168008427871230517313304342491903073536184301953027827488003765324859230139592627795806226469476e-42
-1.47452284881350981477722913672514117549264117900015812596964595681549988278534634017263240355824744359249199860727241922e-42
-7.10440746463407366748782674275955440600447516933316211128858368072229840455200475733500259926386686895459091767789364409e-43
-1.98365265389462961060760221707789023642511650470137801435705199323381671096040533359056873266200712603705934024631579803e-43
1.23797791039940241178841166226443253241872534456669545207432267305007450863675426923797490866085392860500582062805587857e-43
3.07693113708761410285997918040071076783194260376200145909368816989971829243247810480572560708088238316128896310731998579e-43
3.94768065690984106427084083143819126108126744082449931208250930250287091831027779335118701066671939273312969769271697157e-43
4.17205624999329529107079695645504408176574520444889094062907775199778864867362617689454590241428506181138732809856028248e-43
3.99191604915456678927415215670736588399040367314248115331715840038072970261045073400148899319079231461071203174587392969e-43
3.58283912832558485099518035580508997878643141992079127173316515532792114403439158009456470230068157286702170546340437597e-43
3.06737576589860483543409291779383292853069609547322794507450627560936477102662580933838437451496609475009015287919750596e-43
2.52701751260030493109843052131746154250696857360069868680953191891344614274547962723515950975603209142207666447508631615e-43
2.01248594933276269533536055368524592667568697156352493951971548645352469950387129167544197441599888933207846257973212324e-43
1.55223008609482572185984020239176994097630771476215426884478755216947950523046201770941743430784941711659785105277576153e-43
1.15920422915510871787398628076465939351874742377488182716083507811793716963161853970633218665701883810032532158596051633e-43
8.36100990914001872123742977566192405379185829280425976483873974251994937239600851018302604095458735651826829579517283805e-44
5.79261986855137398555997299177874906048507901472360995898824971415901274727655157434518752916717195391343396815605804478e-44
3.81500211898659572340222968358303902792438325318826975645705385986094531197490570574099544038718498595478087296839983650e-44
2.34056965196305903741430356940638682359959199339912633358158212691383634801484113733973108316157910864527821805154075429e-44
1.27892480327037085314004531381695635844671957696270232984366104245761276981326233674830910454200144151014682414652544986e-44
5.44800276076731851166699161065433594057133582686630129267693411658759062030988565386992624810611390255877992466805663693e-45
6.24273719977618515457084374731035245854478257718861458426568000006741512028932748571792389325558789982601005640819539047e-46
-2.32564585453215258338668493482091338499939860438196876135810751773824137939607497813705058327380864559350537811415522544e-45
-3.92870111805171211239995980883167546335774039677346396595515253642642810408951990696401432136423793162662272422945346613e-45
-4.60220914890039608874261780527090510507685976922802600447892242966789601388763782541142493260569743379203618330010732267e-45
-4.66638936486389246789926510306374963823451261290395755321486734484680942022160270582085963649014676513190932566424453323e-45
-4.35917965968854308412569309041491242051049318425732798552549400184305894385354988042373983724416105524657263544136572036e-45
-3.85130408031948968187539114209184405420912553595626227603641437336888131347027358758529621766180195739784545145618202253e-45
-3.26035589052121260909517273941530504968284598049139439429696465732026469941102692312806493059570083065667620949730510098e-45
-2.66323061258391892790443395866017859537227305785183016999414035854020655649863536402412633995314004128209129960144387941e-45
-2.10663527350261278432952858383805583833341710686530873454937962048884230138751672861818370813745714411152319051385570394e-45
-1.61565499365124652418284156660468858496339868261299161731483871670405041878770642627215079288825670763837500753528911374e-45
-1.20051194858689637654986796295028645462805249611825240724509679826876344516612816064372342166253895009273297158545592450e-45
-8.61733601510894071528094705201306597303940949799272642294854970664010908872747409118348889572763874972960137550120940448e-46
-5.93979725813216522581611333206548355778006754671553493828427331158849939324947474110313833021279026215530297878255117044e-46
-3.88778454088267129368795530502786204930370777749232669933416093464749451500576028936396319740626755723769676347000767448e-46
-2.36403176976230261333649625933426628351956903927608244451515088315541332553367382277110823274326699255651561858118594895e-46
-1.27093652139768551341864698491974020624787743594112045354795713428784329581738703075371264366481370954422979785927538848e-46
-5.17923559988290232778219993305222252109405260431762399339862083415226452344708477052046188929089647089868094988470955490e-47
-2.53490684615986314622987918894024178400306990456053836171432377352217283642851881922725784340781023759033880243808521468e-48
2.73963179504238568915388802396549157502200544958395753904785251029912873026287919707663879164277887761255250977973522498e-47
4.34722248901863834915059805556451991176303708438580800439616461063882289822903883134959169675596042692986166731429194237e-47
5.00093547720038338491113242455836269809891612918565779978937638754887289535457759627601683832921541341884545291928683662e-47
5.03108403626566311164683927520016727426542857842638834928369326869758503943996294875891129998244490349964238035872639961e-47
4.68261200903855933555015143187001683223672370963115262593681594416076490429036703269174800633552257361026095237050674864e-47
4.13100899944983623912441865114223752931628391536037439984406498313684971124677633375407556564739502074105901395067392589e-47
3.49701348839422160862948486441193765908709553907376614463349638726585459547363659251055544860512092010189431153406467790e-47
2.85949955833204304564341660019371226669920232037884923575551001020875821893228625079700555513120091850288014757436231843e-47
2.26631888265856690404686039764968701794324429541046215426209868461410382243942566123112586319810206595441193172390060820e-47
1.74311226510840366484038132400860510037668279237730234773726425344194721790767327443782992076181583589861933674015518608e-47
1.30024960515872888448119199235029475542004404620514779811959620667795976615120375219151720064025590329222508390838741836e-47
9.38132190919481360269753387476906595796727348755148723157318924610877903350200214331348864952646119734797416624416947730e-48
6.51118935545841029786860202376200202446435003383155243360803337098222318596752157153010929259819847857720837435769345460e-48
4.30335442391528062116535915386591969725126897881400750978011032146425679991855593670715430980564282895221717474804314315e-48
2.65603986080959640638155437577613377715741309278573244138620223721870498753369566911148176288211654659467851810779625293e-48
1.46702397514235099447195385893808217663160205335888469589813962635814081792002261209123677340451460185276293104005412778e-48
6.41263888792561012383152462291088170573563449854066499266560942162072586852394806659709666197076886929802102727761675532e-49
9.49686676818237050434553890102077942235552314970585589149702586972200225155097678790012068084149517911413782050888521846e-50
-2.42764873738024933233405200434796459304595975162230287303282268177252769143662914441870361551875018742692309543344435068e-49
-4.29904885887483417667402729879111825576588549025678211451800828140075376055923256684275661045737740357191593122062779067e-49
-5.12398143073375883870689377392896710156001217079082810752438441427860111776161303072822140904741402391495879594615250916e-49
-5.25596303902914522328859948920365679298064410121797063375938075756324616417766005655303848583126848420665939342710862546e-49
-4.95887198886066394731730305507532184743559657429471555830964868188210066428826913833900600907984187617895681784077589610e-49
-4.42330856578753059231312562555463895022596403828726583371338465962181181926787751197398390353609857744917577397010053326e-49
-3.78179239769209056080313195664813763440797019207838457244059175650690817599277695368142400250608945143706210044663460187e-49
-3.12215244191759482925985763435900515573262317840961937621082882722969020317357578022136799743192813571863255284401617415e-49
-2.49885297325504673564037967904919006971448432080957312078425640845516038316175701433664374491900317545673509585791208976e-49
-1.94225128607153165567300475596609053601024128537208548594681572576031866001805345583631063848050003681770597408420277615e-49
-1.46593512762607506115560096785947375536251272506583084255878064555361092397949851352959002905196543964538514025503288246e-49
-1.07236882872088417056678789944407375247516156497140679988490808473859241332500690609053575327280752952383241450898325718e-49
-7.57109174859196920444980805783111219583509965382789711740937573594494920814272471172800413552576319163017432145660744745e-50
-5.11852371339837234729109113825269528346086164320374131099053602244973160674622595085796906636869302144402866926829542591e-50
-3.26554615856610632642296647962588812763771495077569917685771444838031225812186852785940218479734710806193907791621148862e-50
-1.90839794463498643221534046676421835438812047717309185182596713784352775249931753751559875196213915820431801325210409253e-50
-9.48748149866019058971054642585862394670142421692149997130885231458715108011163094589094455529020117419247827952043630024e-51
-2.98600821715190345208449540328870187774809159590017701423372603284756542052548202582253167344608738505814176804690937135e-51
1.17479930689867954091500194411202836224783098277218132192727022009692010477400399494648625020876445731375878034389632078e-51
3.61924985564157565711081928935696380212123659776158625928034018995808893685694093397312588663163532325107762380767320237e-51
4.84823583100608801581454257758931676809837091506508169186959430649971294741675427318090318813002079929438733363815165136e-51
5.25209238570220505794375529286351277224581296989426873972474901987906917805061083744012111278355904273035402320031125828e-51
5.12629814209805848388079229943953041749161872399688681878707868576203844112233885549307443423627575709008530382620783884e-51
4.68776803104418475023332716462103964328131792455885353317926146974470842678992254392081316910062442907476027583594875549e-51
4.09033604583460693879224111317988705052109109126175983123090466816471860384349967503694046991731331974510102926860490471e-51
3.43863848882642225981774975305638249107612185810245601696235727524439161563711393615507629201200189582826509270629811401e-51
2.80003529135954199422069429104187217260019276137422427156846442001099249585849247312781885402930805973678822620447000860e-51
2.21449103396566024613232833447433074220605666812708128488984843585291774006883266554820473779020254097850187172287076685e-51
1.70251455421546813970775209757737757802492773355704177872368378801114833283227741651161963205096160408701256999370309821e-51
1.27135604240344217227366892404577342149449069091031154784353538438200508943505976561562107356570768632562654374834339306e-51
9.19706690880321807754750683864693820140971740119772965476691181457019937208585482855985659498793367082040497983120823758e-52
6.41156286878792304613074109553366055173451084157031531954711190438358947120915147956778947678088028710977175736273486343e-52
4.26652071709502224618219670421982840398584621549969341760386918020002622737641589481314018053370063046541305417556794912e-52
2.66177462821544986742418618330554253483379848899276250275176891002153978808071235567709548615104383087031275440019217447e-52
1.49838635284802985543046665223997678819169108786087068679782111935538071068499999221801679925177472854683381492472450823e-52
6.85150051288146560466620212292200075450940612839620872705364702384671665536739152321005879861153498837633734079709817501e-53
1.41991748630180089291717465522438976201572557119692095068705249673969052479200213917045850485890673564886949208325058688e-53
-1.98755075947145053732212356779395225220630032324754982843765130449507752851881180525395647998020834910706006810432810398e-53
-3.92452150337719873799639181940842357809947499541378237602530989263395367013324909033687314840531037636428114712739198873e-53
-4.83087638799960516346101265231738458251907857235322514189738889982638732928797351594135741726340199489206873764164681090e-53
-5.04644021722301146884070019082268858474710544471583507389079144657941101240301220049570917316919897600683204295435802957e-53
-4.82634122430613784103099285136215592598549158430300454390758367203869483197374843359500399862950632544918322584270991978e-53
-4.35630606978455023145615906019841387623264316917214296360214123262057242034456702267700565127756476802352540695495174171e-53
-3.76683523333183640686860431863196496085271617577772597038567804371728641543878082104059523687193281869678637585798131567e-53
-3.14569875051636698104361690479329368616719873183703873211710433862139655770752978009907229238479851499074945805160345448e-53
-2.54853144280803524664058324705974737976064045694724764757328129112562428511290393733793238026499493282569875610407302717e-53