0.380460338095398420850022293575779182953234663812734156454230267663357332168146096459818139160589422797206801245740290401
0
4.83755351135884725513416017444807129718983814062298439039423406214892075495228225919050632672011057781624544432056760928
0
31.3359590763669149132893961048708858819265620454732212840249156796644933620450236272251644030799927033538792488806977860
0
138.144048173053636613913966450639376644208007090205604857585317583937446671346570350359076333895734122866946848520802129
0
466.870396664252117902579248771998033896089779121664029952332913671426538629515784281801605230088636856841941520377941351
0
1291.29710067460177300964885275823759985771956767331897675383068830081340176252367195874921249948304209294982899610712520
0
3046.36413795133899466719673783441667199901854874852834312084351169686388708928768649643936549987383281545680754685697237
0
6307.19117966188643848217748768934637935874311153322552186213980800540578207204264424118836646722868848669611242785453381
0
11700.7619659444827855566977055505422592251206683097075186848316162739910719278512644717309835124342981827346157888365918
0
19759.5129533033113109571324729976174749317600727762684023780713223886217402162419050545951780433860890084944083752908573
0
30753.9182002250210970259725462200959237682081423594332279183634214229694310929882214926607182019539650956078273842609958
0
44556.0416017563416700672900074030792066398902148209313551542958994990266897876939826073994906537219580889025278245289503
0
60580.4504668887205543051519407362496304925821850765828394405824138938812840140685998241569555039597591373543741005340219
0
77825.5496749855065299124723200007970591792558776657731012185470342256347253259311786130025045211395941055192701841027433
0
95007.6489130908650500378815203805217278775943292552873117554055102361277608897673069665886456718605285361394432640623838
0
110754.008315550741447862971396578878329059951841672628195520147142377629344042061406466996852133001508369555345161572914
0
123808.088250855316887409816129905892242904361584365338009363160566908593128812867505292853699838531932068282529743279319
0
133202.354418757423404646641027825273895052672999503784998545024805437049472997094008251484293866236449912019233617570510
0
138367.776017704949791966855840081405307333979159581387232237086528482846622714797666498554506887611665213817927698196314
0
139168.198428957557214149433503820421162914707063003813735389295520308219574713824297234156342451638041081746765762745498
0
135865.692623628409055585217543138708834458000689287984760248549150614858303158345816483706783838376278799465464440258281
0
129035.444227779845082462567061254026060363891406432546722343752522443577612846356943795904219084895544337941995283153536
0
119454.137749349427079126064996612345731452918355206083913060429955131743287162444221333348193756529106275171929872393450
0
107984.830477779433144460996850049488375125690054638803298056060638478074827513797278473912688070543859588078461860933649
0
95476.0694425596246669641836500729075494349980563820686815477742310002039302224505083425922738900381669692782732814502558
0
82685.9067401990051464547281864339458342241435729399419980132654955660563636701407901030723875479139599809730725477227536
0
70234.5526977435055448253622757446521938375732252731620698465025055537598023715867763776294767215855652735430712721197088
0
58583.9726143181284938765976550102387676871150656187318401168336301668521373189987483799124801367424019954322860337389693
0
48039.3115707102433388255592116361644632397971736208177660101487769031589856897205609778031070294949746961916270034567209
0
38765.5542574481190135633551750945890843594422417393841086787043724876215303639664103105450125667640511465863412371936341
0
30812.8692357199668446438448017755248851412695678719844668488811531963146134736524317892973171314026755924757348752990277
0
24145.0972963088286192494601994245787558492104355526457581021576594488316612106705798045456741252405412857212774885683639
0
18667.3028520147589295553381325645594342911937236274136617291978299670093170690839860238006757117555614827246056779829270
0
14249.8178902473842657542125752700818986858487771122007502485779296233978765747992102811721533446722245744910015319987053
0
10747.5191569506403931031450835688418310329982695320993329560205952889489360336742535821564128948719129775767660672891135
0
8014.07261884578706248214356899180743563988197170264492570030442510401576959239658154058390395561327288837231786420924371
0
5911.53501527991565652788347227036118315144875125627604407149769792091846623147694322335745074244416283194621054589978043
0
4316.06126933056593117898099525202735525479463505888021998846763851123395062110834780792822468384967173172719842341599153
0
3120.59768896945604248242914696266950849344004098960039581722859650812338856565305145605395256317560561896802369029259631
0
2235.41824181862412236662741517416340543635673415043122183159312946395202389967113225928893379861785185878920687868484497
0
1587.24987542514922316964556647968622050015097687248755657131160155208499798730012854582649414710306273005677673024678600
0
1117.58298860404777959430765803632011225105276387371770492789555217639994535127395143779502181050015094748305701000949414
0
780.608856022509238989186113263517283114968186602289722946000135504579230396255184332262246218003519681806978537232095127
0
541.087221287747183970784194596922374902034258044804398452758722273245030236124746197141655113441799339240082710058633940
0
372.333878323471932047729052833377937096236285392358915762402304523651080165198997915529789938896296345662603107459622606
0
254.432069094559836812610093553922887613308753640216957838063633249621272427625181365031260235352375023780893276286784065
0
172.710821904531656047450239466061902232164150845571920163403043413326686517333118094249431463483395763012734375695948663
0
116.493711352929795654858884311679316249235852327317826169672755709377699201791923597197831300642458492028405890700131734
0
78.0980959808183213702483477984797990163271989637719943342383561277514655720459033927775635393351117327860182901164382471
0
52.0531149747366638463902803260700067821342972000806387946356958453768540736354224022430208247975586754881410024956232150
0
34.5007489215142508066846288772559222147143983292745572483596208025933877751175868918165205555224645769743688590183792642
0
22.7450759703283980040272583512863389151839255808607061361108852580040795519096755049306879777796899962958029093778018827
0
14.9183091179385002664555972844924522031087013989021327722902952994849972715324000040164939591568730887566542287451718663
0
9.73680545341697558512073770046709003045156508275269768755256705462176129611592576544098628310395855379895253461740760978
0
6.32506209942080505213563818148876792603239630515846261332527908544899378982916817397416941910158544996063713612638359330
0
4.09022236266215433990846414719146908140223308492651582728954465826303608499324280658740757145073934987215884825895316687
0
2.63354799438041784815869723953149407050587984255592619235503691858715013233640187969135989295925964140907428629306057077
0
1.68858266295491955520239553745732973892898433352058973289897899823285311209767006554496717123805124968895610343524107507
0
1.07835361661795432342227124284223300626480160353081735641248136185926270019346955922312583218748316683156964103783764621
0
0.686002226204868911300745945238081359986906899250225241523337728026796300986095426019879808531667740470620822652040518648
0
0.434790276531300634800923512028584060230324576203841485598310312782953991637536004852072217702088356907101496598161325414
0
0.274590589308336232949820889149138807757864648432926064896184873716283130071761657027300406846612168759124694185124929769
0
0.172823090082786503820608937262226840926457770626384177908533487269432090504889817288722545680189719771808514095201485411
0
0.108413734167114239857947505322951879367800277854812321923246089556375382423142952874436642887900943309385715322903160933
0
0.0677933203364436896147118764993632949203984333551133793439806767408279472896064616666158195614148573095827502988295915853
0
0.0422630530979862824849761510685430242284282253381960997263047210892190425384112522126189643613107753964637286571375643384
0
0.0262697093764945454419200526115943195534596951457090059721280401262774276910066529525044255558425777610132700475673565559
0
0.0162823500010545868433904329666464224274306949885160761316324210100868524901076997066539250779460941197708238604879036097
0
0.0100644793447277690245635703866075411339117248030287216680499711168680446008865983382288547856701798869104463637965575995
0
0.00620470387438225341902759417648825379337492771344377957620041736650192516584439738715132652969029030106588087208044271096
0
0.00381546655907331490197830230374924675871369489971501317875815547333145729562103719188413284073891702143732870178419096552
0
0.00234051120563188609003139995675284922995517936340853453644160598944457727422198933507755867625641947407911451406095499986
0
0.00143234721600128720684170323497477214279624798473703207913251846775684994855831575698630842417817626434485163492097465981
0
0.000874574694085194956292233887574016461545255484590042764785435118036570947462948479348874392761354405373947655338765889303
0
0.000532833566999409662497781958958634572694208281830923049971601704538786057450829708157716507321554354795749916478329671996
0
0.000323941057275945751729435066421449710143529236436121210261631863857707827778454765997030003432258306022432961133484067474
0
0.000196540715093636925082982028436793166678843585028972302063647425571447445613212432321743957085603850905642535296989044531
0
0.000119009685329001253245289397488853893319210249872770452028228570967284064239003496601618904738130876060594650608664688183
0
7.19258914876596304078107776568525055290805444527465988430206727678520996792359782852437228645861002605683509388281329591e-5
0
4.33900522277446749319675140374880077525248616495480036691575539938144006490099758710285456346000546128164986020925084847e-5
0
2.61291202390369228901851757099581853392577929699631980345992360002997065240387764680707683331703909884398220134359884255e-5
0
1.57078154485662415063531110011234036515405337224012228599954344531900068610285479509638213065998511699094209796896718296e-5
0
9.42733395795971903924882725791465978936150813875108729637470878635070663897388173847186810014972199995635737975095483356e-6
0
5.64896477181601496577873514068349661363076745635343796008746059188376901545688762916592138729855988525198355221988411437e-6
0
3.37971120020732534786336607891537839590867123436972514875711673608886637965288969115596724516299254041371003549637701745e-6
0
2.01903611541411646305626441376597838255488482432671065771826447713350314053621301937730081819947794891865191905113042617e-6
0
1.20443830575880796762160481076241860058138518297263829325285849801126918186032494762714291517149433211980972925299754536e-6
0
7.17500862228687209388292544656853835577084685493496288350147657775098124005499707713818726639747888701723912874855336499e-7
0
4.26853024826648703799315561755558374475106943565132641226552435926476427339320153345636201923588955722542217174593128372e-7
0
2.53613473552677127883442738076177212569607609775677589422328431338950189946328655314682415038973110182302353430597762912e-7
0
1.50495520223173471551414230242525620170969882011810643939325460302309517035563483966610196471674988669676316326677921999e-7
0
8.91970979337425431740170404351114947186374674142908464297416013532553722607734063592180066781300056083901077951707297863e-8
0
5.28046001915610324686044566619041019196904974287965003076265412904877374378213887423099904488907923726026075164767099389e-8
0
3.12251152813970122534009538496529879186753799904554448524265613166886345693877136008111484799387177710265477820755630230e-8
0
1.84443942065497864376594992972974167099368371787270426853873588876433421921735122657382505099340150353482504397592343535e-8
0
1.08835113392988261448699193634821144379468654669111190576712260871834686644265494425442013246312221665121349150476932714e-8
0
6.41554670888263952204750601607972529419234520576709713865463912132401665789984281255915264343140606006776842833645462373e-9
0
3.77810044634446146548197287466787722519944498285281816190261959047025486537731844655393851975575970441627729373409816004e-9
0
2.22281449986051016070434331934896907966581042434717191077953976311703144113174739265747827437288326278972266166496453680e-9
0
1.30658317536652620064123332975983751181394020794748432790477592930351546507378101397698429957915746931578435101307071773e-9
0
7.67341689376895817762721007198549618956693684420724437190197122111732849614353529330095005222048614601473409017312346173e-10
0
4.50268694636383783958123811026362510792522643354389338790927364843383963634118586250467758742431803743025371585400575865e-10
0
2.63996916469374293962393568943282200894679759350355120562091868501443218979397191694503530083593823287419415535613057493e-10
0
1.54661638488064742447226720276356574515387588677205434188804136254960641361540322699973778453746733803262360876744578719e-10
0
9.05388828222866688341601289742418647999347455963214903562509504420275928097300473564539861742106302394960744333311367490e-11
0
5.29624629899801475598319777751373014693112804105407974081980324120099137708726139978895861126590404345595642969750664156e-11
0
3.09594415280989340633730248378176231613063815780093772622110950257282315703160633620880266642719063086811160354055474447e-11
0
1.80851036176339546527904769322686576002275092958686301168417310995248759929787019744716075623313313524600929358622845752e-11
0
1.05575348980819199789028973688786792072599848087842432906940450097387048258119301721432697276653301250645767186048783819e-11
0
6.15925336797043039430347237160588376687504814950772513036705118923274404784226116888734419924494897532095130185913273332e-12
0
3.59110167001521212017541061519137882630262012077919509181039362084411161109484545141949873795607362348961803033662059992e-12
0
2.09252756017171067530816052894592522001061998429448630954133274336180065783098109169738128149112886476422385258175514495e-12
0
1.21861916748249335426168126344944771981885145254803496552850229280202301284758182266768570557890240024094427299843618928e-12
0
7.09295743372181253912164664397081373396920731978272414652196038750105287436676234636531950063570205649553176730771525573e-13
0
4.12627493442759533716005108562338682033311523604542449608345338663277873448331819320439772461119867221305156867856399541e-13
0
2.39921461162250258429778970613476673111167535742789388446691804960705423548560131982145801168447468934696163407091655439e-13
0
1.39433965406172104791762544037235373078696631245683952518015111525512634976525283267258857252816304984876910265500813573e-13
0
8.09962251212578012868455877383407936224746278593164818065608080543579740902496382000988050103861476838298796005089554648e-14
0
4.70289885202908370359335402439434013800267299939710891507667879301823289931218994625785659843684669856145830141240340145e-14
0
2.72947342493015929847485437986315758880978221259131203700352051817066885482835334251587905601025199133543519542195201387e-14
0
1.58347776400785697248584540273364664286471238370079214338170968276222736440435910428926805375771562587666965141780184581e-14
0
9.18273851705757684344523330859640260891254531484241973431345115353621881575574657085282527388264280921269555209953278973e-15
0
5.32312536018404991304352300049988026118438557744995747495321865793589889793815474432011437824992129890745664258909444377e-15
0
3.08462431692516267269114394378094231979016915909193171103444724249993608413488613975076134670195731337928424029004703904e-15
0
1.78683996791664923816692136707480549055712387799967281146480066282374216159947643615406307416045498958190188527289406273e-15
0
1.03472117804063966713033866885963958714571888389020309469390683451757632961687735721036578069056011571178283386077883828e-15
0
5.98992854400856787953398714843522470111104947301332655508844589195323065559807879099291724459710536894554162297208658849e-16
0
3.46646419859716995965949653650125297203724327190120082340079545192213309394830446681040133135263723756031852147131288037e-16
0
2.00550871419568634280517794505390793569852126181286643461091153995595780969946902505760876044798481561334491932702326930e-16
0
1.15995452625573945888107621754909851358173777423156254845152196079610236920743653124754214246059504836498133362009002809e-16
0
6.70720550201580662254122747366951966253263253630759092681067558311395667434751040601579704993029825890188304363991228257e-17
0
3.87732325454099819064508745660053973125526313584613163326770603106573165007594906259229498450995762151315909790432564202e-17
0
2.24087440659466328086013146209557457747297348935014711120985288036162075427375688897230884075584812291784045132232593721e-17
0
1.29480196843454669848381174891322638632549180141567902782148883210924623381326357479317822481687760234966639922411392144e-17
0
7.47987934840123597630317214978500495197451132009209833193039466207754669780016183009142170734020386133121763632928753023e-18
0
4.32012373925327075693677062763770325715718486504825575152876769800030401246481454322395641739403108680294433115913344941e-18
0
2.49466908913301527749132908098811705242020367422520921425402565991282568395802920647859289602169766883095307610587137256e-18
0
1.44028871780295439819970204427526531085861792926595111655266466776806734719460823291556257363875254746512288754742310163e-18
0
8.31401090095836141235196874532608762547566544847239981504486776258680657923970022499778511101303164608651406897538482116e-19
0
4.79844458579719766272901040310245686828885919927985335881033720961012378912726905830475576090860644941062287649692804210e-19
0
2.76900392303683304647605006178000640133964984224789032787138876098583569803051625519630578160652876606974514930258607865e-19
0
1.59765892162402219694233879976877751244980294886483311328264854982677560320696811046759004141392433796538833740178824796e-19
0
9.21692568959357688214056861221759499397629737248481288779460955132677124432551523138053561748243242248940796316281039277e-20
0
5.31659557275608029035103585882913377858380075794740609482876574988629477057180476002504518414243443391161762847110962017e-20
0
3.06641257229072967881989814776945137169028395605605908032942952511563413571050887072957885089200221950483137125199778575e-20
0
1.76840107913984315106906648242512154950973126371795588524089464035202788880611242064214358975279547570220194450397125780e-20
0
1.01973630662888698600015690307889481620280409785531428097854365071257392645726760456600380969897583547769167681233814127e-20
0
5.87970489555307578441945771509487463174102505980078329101770812277363507559964223788998151482705919696022538964177192020e-21
0
3.38990268282667082837630399224443016227235883375214529911654033819890719882737423804209953039323949437266396825775857891e-21
0
1.95427832808772554986977122332341153095210615427821043432463572867767296251584497848658681081841071418552983865307989038e-21
0
1.12656545067876607536425597518305709600992597466568939105002985798689700762363786366576219916392772376903336199419230646e-21
0
6.49382419269379940516438653055722134472698511429266816233856864626469575065733432778449220119110138069596785724440336967e-22
0
3.74301777399709095340176268178089672385644379043976538805098476528869573741618105166101420766572391017896867453258882371e-22
0
2.15736492974649824251036761044411968330387278364102337994855152683493329251099806549038354629135124340029442401942629309e-22
0
1.24339387481069736343826387361655497836298286602780429206239669252875734014300186861997802942616366664371009525447040257e-22
0
7.16605542941690912204537492815582300310453922866273348802961838686246594318044690988237803347612594265587924412221851291e-23
0
4.12991208294403341308746870516416887298268583813215445352544151262578315122473259936136303658189995884392971796186030921e-23
0
2.38009042153240958459971925220081354576852678587374295885836057142563756797457554741350336880184014826377357547836412005e-23
0
1.37164222720667644202856274451666966739787386387753206193702198756530826889880053292599267194578837874966404318869862443e-23
0
7.90470457778756038457057229594057200234100332313162910202902761254660969244438233662036442172905328329191143702189672912e-24
0
4.55544123330907042666105425121387799828717080622819722424107251236380398068806064594137478501968647112695608885605124167e-24
0
2.62529310929733121878735829516326787433335261036617578861977171619107201551768373066663745999070874394914502080455397898e-24
0
1.51296948876066246675358006767795625478364552070157389499907251551961771950944861984610440278620721830057915231411647815e-24
0
8.71946778982347413653249375853487092850898506191012902021585210066057152021479948000810765284237199954252332061170998846e-25
0
5.02527206020515401760571146345075656951016510923251171140541484336375830584209724005440914012539490244543202881765923041e-25
0
2.89628485063586237442837036247269711273423923197542554591393814309901139944273423813957073226307217784041053802962044530e-25
0
1.66931118529530890071320630335042223458659902071021203799746840116507744586523738812987342669232336189767578151406502033e-25
0
9.62165677914337261031208835032706084954291778169781040417639276922120389840198378899900706112177294887804194994869881309e-26
0
5.54601553712665835597713529053183054600599654355078046223260057110328052456951342179420640737713644410801053273799764265e-26
0
3.19692944959469400276638102580140894276141125131824091043780942865200616647224040910812099982525257938424580139022151635e-26
0
1.84292561949190219735929206646590114518398257779775236473539006083073280293210204436073870355964022881374244010711924311e-26
0
1.06244714556126303130054917660099933023962402432684339786823386646352012437650873533536358190026593221923555889462102759e-26
0
6.12538754648074634830313750020422667444350043283151873613354153130203510218638765848206254562421562149401654815736991161e-27
0
3.53173745945696910497959443809159209132327948765062298497004069139898102236099848142469871370887572303504854238699430461e-27
0
2.03644977297531756411251045430158517319056544435156299593954497869503767957399230912598517492766755739899970738537036359e-27
0
1.17433295580700856676435595045015346312048200505206496363396909022275062536782664552231466199974475774069032920891142887e-27
0
6.77240325048790913778770181537651898245295041713411137030321617666280430946895693587666624657681339866605585844195616347e-28
0
3.90598079577575016275110733736793031304858023495357951296539751770407215876263018704975113555667466879455744159297059076e-28
0
2.25296688999312514103608519027491380497527406447025500385264819549092982276102813068517620650585738786435598817456717506e-28
0
1.29962651814758784586891749588673473992821108081610827687493911398436497202053209236571472769072096260175271502858356395e-28
0
7.49761210066841010414437873730972913582947491906328732603969599225503023701103281611984812332580169143259464417966281637e-29
0
4.32583132492416047140867516080638318130445199499969970139913614681881844602942410034954462542343320048213644817002853359e-29
0
2.49608820840865918400126701098243786244982764748654682671280314331252117911446494418221432453149790628977181680719816121e-29
0
1.44044107985825706959721648160930738934517758701747623198860632333277816694185964674547616510842486518428451530135397450e-29
0
8.31338213303196982478340472680087464713226247179224984865458878239830142801426574730357583237840722274307569433077925148e-30
0
4.79852855067481426152416861846964474873953754245482872531485976999063771675027162657635011584384886604317697252719039428e-30
0
2.77005187319058646152241574249576564324980145593226873051999561813192167441939909880459480798173370523225283894162695278e-30
0
1.59925807636529022075041500594938505019068826883816260372526220568723071979107980043154302744135763910735447493774354852e-30
0
9.23424421095701379781982113762621993297099429610261392866163897834278209028170624270676967957272856425878352931775714653e-31
0
5.33258271974075196303998675124399578383258185388405402579244587845699852273408471148939701426908425429696002840740138241e-31
0
3.07984278037713542677645354490480125382985112133198897750058473636998353630780180212597096012072443821800696118522815318e-31
0
1.77899785253358520018231174565929429603859937653688443207443469766909567566454442067488690130268117229856072181288703000e-31
0
1.02773093994401773070693593850188201957107201009047388218377981646304989644078302030429222840920500229311480944710737423e-31
0
5.93802116716437618726698743513926268679862862717622256409063641942877263023328374440001260738641169345721347858332940900e-32
0
3.43133799174271560468905354970328413873055549572653760787963724061404603697418303240000084166651260068303252102049187452e-32
0
1.98310550837120458756679593296933305910514810334924129921720363211752160244323389253319059871033314297696454955569617775e-32
0
1.14627758122479916743361708393557531696388386142105917300348931967678127697322428468248283420699275098196079434059419703e-32
0
6.62668760131374988478911461924626978133924099423082496910242680449319866841712711356881082533705866552549377130229591063e-33
0
3.83148347839894050874092776429675252813706653042008798589901815157375292695359030538161815585455804361780425516575383169e-33
0
2.21565528797574061651926063914223788740445320178982215852521207013226129897113720868473590422956339802427074465153225178e-33
0
1.28145452332631570087669174252489155656008176634594843988156830738217754002304090091475939597713777159269796387490940075e-33