0.497085978157460258976810920523383402807968242161023738124324, 0e-750
2.36141423777111669458495681527411631350306046945450742375002e-5, 0.000737941949303473967057799004773161347969706396704533569921882
0.0114948870011066676967047584991146704411605572266155671462641, -0.000737908675721509945088048691481455060642474905101620043866564
1.54998379716626462475816863994023888123750244789583582906209e-6, 1.60366279588343080071288338969570131630640053899598988706886e-5
0.000124134153750576300012979542858843315666175653400252445315721, -1.60687461067345603366244123954313683533243916312850019686847e-5
2.67737057865064398930774046494750211792187080501227621669609e-8, 1.64607652640271696252031339961066807445785643960778886115102e-7
8.44151122878059060001179165415830625530980899428809486449109e-7, -1.65746983149886475459021452884968952950227750377508081415905e-7
2.47340672123100737304603385855313507932215432834398492138035e-10, 1.07250755736448778539555196295659915037325484993629590391074e-9
4.09885148518510372830448411009614899741912638699831461805680e-9, -1.08847900547817031501393353107230530616850133383821601511771e-9
1.51212149083481961371408828859907622351801431250878571485989e-12, 5.01933036620854323814372345998891413854934361205416349121360e-12
1.52462579807551062276072088719750890872503145113840772393208e-11, -5.15069007252055536389036022156519752298847175151321161596357e-12
6.78631301250300997329203971701259585285858838885020651368889e-15, 1.80778531341664192265820489216437452969150026653520535970920e-14
4.54537802363174249858851731898038588961350460317783141998306e-14, -1.88210255317549098778100814561407200859162291751688018186923e-14
2.37792012711520251421217859915671576714722872342366738693999e-17, 5.23768744582264424132533159114477548682549468727409613045410e-17
1.12100374028779634851689625951142736184430141026945447894335e-16, -5.55287389322945135421695223562364273540816349943659408293155e-17
6.77731024207460526997863589401315711302190136220977559037439e-20, 1.25905544524015462774170603519685861218600202283896664414402e-19
2.34096309867074584141096628310346087836053671405969208536974e-19, -1.36480792584857794945973403836678053129962179233780267058485e-19
1.61776640900003043967367913468199419096533762684105362100466e-22, 2.56889630256862418866040425431398610588693031922256460833549e-22
4.21380241898152774195198538256348427465879041660423465003973e-22, -2.86017218730942063739262409354967601077049027759766062624951e-22
3.30611307720399365778400143445632757229802557723887733623346e-25, 4.52681630876925634604779935015124430583268924584295797877108e-25
6.63001896740290846082334817060962262329458677873528182871858e-25, -5.20338625389617207760047539830647557924722202272798097605939e-25
5.88449807667972624051659137301527340187127259268317033357376e-28, 6.98368509834859978509060681477613982586157294260379283665936e-28
9.22020736973172537666419192173498796062604292988041968216913e-28, -8.33650305126202694219778375155518608680618720467126010526283e-28
9.24845494036411852272804466966924621805516422866209452833680e-31, 9.53432276139241772910127418613302137281070282800533786654756e-31
1.14339375431148924830403721205765641030871689444500627461405e-30, -1.19009117291242307764872073787567216603676228338895438010121e-30
1.29809481985239164448591747730338216070767736729167096949578e-33, 1.16170066357074564479101935145528112624130296806568321802604e-33
1.27320676093779863046297189759905091958187732522777462449799e-33, -1.52869762249127737467002237225158786910118936645790027866875e-33
1.64258243547155267547051867105705425433001127805100874470846e-36, 1.27157102899147864649010899922669145605502933944324662508594e-36
1.27971551976293313178171453515819463050299991402202527727917e-36, -1.78157344138878316697018082300448037909974072014398286645356e-36
1.88893657614935184891326922282022549273361171240867319877960e-39, 1.25624749701096247441988617111624288943447675254924982890721e-39
1.16501340000708105663033779648840501424706482606718877338616e-39, -1.89719076850158469817488937087085997142622123764964049328568e-39
1.98780308147624911976332175348910620186842003557094976241138e-42, 1.12328925317671576598877355210327243941267064129198707399703e-42
9.61920640066654932415260938456213174670431579905397554058278e-43, -1.85745245996079230002429916117775595795139379340665415697107e-42
1.92573856467389720493778352946240891613091278461056465359852e-45, 9.09333354457543750836986994575897555107087155349639433335901e-46
7.19267096468062640182814980547990472794858797051399948825309e-46, -1.68098346205690894693183883098453299225723519995429322764632e-45
1.72650807907568691828631094063611815160739489594426399608256e-48, 6.64274495600868657934887846164211722251239210759737027609520e-49
4.84108591824788923175555380758676134513516119484135152230300e-49, -1.41289585655138474119631986699250324919940267492730208830452e-48
1.43912264958436294316583678089225537581010202129730601542971e-51, 4.33740154326324132781269160862965310050531901173770744199158e-52
2.88952957711429679543671020615728685105483515020335191258017e-52, -1.10760764374216732654368972986592678720440702404629143284948e-51
1.11987196653371376293141260316820798836780704668687795444117e-54, 2.47457057471839027920985546706425664624627863631103946275817e-55
1.47562427536007175040929473201165787122989105106238279427818e-55, -8.12866155792040797932939543330621908096885499568677619587396e-55
8.16523942693090027539524309537228810226771811520698257101543e-58, 1.16316371330810560584881081730200319827436739828107446817464e-58
5.80588646623885038776745218390991804866279517163297809032230e-59, -5.60356252308200896480805222261480192855629076044329689498391e-58
5.59652290756677628431212831856327257086571535670744916287321e-61, 3.63161180448762775722115154726363272979566318886515622856823e-62
9.52690094439944645041861427630920300399151552028365265963317e-63, -3.63934576977729934483473678736264525193155003728207952698705e-61
3.61646951768307539379705484497236572634476643343877154252703e-64, -4.57287640634572759324158197443379348221371035104894840512617e-66
-1.15426382126513810425820984098501788501536951877067557052052e-65, -2.23285675591305268963148408382638274708175445578971561077246e-64
2.20902638992316014385061835854923099524492929453275011942961e-67, -2.01230911782266277241174905326467091282261658887185941328571e-68
-1.69902700251284384585198209883636165600341078222957935029382e-68, -1.29722564373968947694255360416365648211528840144450361326552e-67
1.27841947438310390751593530996913613550668532159220623200329e-70, -2.19207103059941204185019162987271625204867123712929748484737e-71
-1.52130409246852710873451503818882157600742958334875676007759e-71, -7.15167427532421237092803095667483233285496393143196502313279e-71
7.02408569980539437243332471206505377040356081942114598005793e-74, -1.79036070026755487068649331940978238593525998370071929044486e-74
-1.11755955072442466494195620805748324640609465927773111374097e-74, -3.74837821853636862345714774528054872516190751227292744785854e-74
3.67046261857227666287262124664152690865861281015090867453539e-77, -1.25778250739291324497058467638053791352110328044609860360876e-77
-7.27147560072261783410869394239469494306614065110791623541560e-78, -1.87074082439397168752101607007907629873003706771929009830439e-77
1.82691249697022550942478714499038448165975101061681338467213e-80, -7.97329275956076819665198283291852278906367128034152790662389e-81
-4.32786402257679168895696024593951686692267091934426863505804e-81, -8.90203204419978261118056255750637532390890512497545437204539e-81
8.67170770497973444511642822442131596724403514839968471292651e-84, -4.66704975783167177648795115582891241654935748505005381241622e-84
-2.39699771771191700104697185501851909867210124312384750645129e-84, -4.04304436231831448879923504806322174820577365887426642574629e-84
3.92882085124792668403114721790383456309123685211308032097439e-87, -2.55612258040460157790471420153990540341775721421089559265223e-87
-1.24844960339047261302934284898459860203557606972019928069953e-87, -1.75370550772364089504870279594262453261624572286997837924831e-87
1.69981153094149311726628443119052522934438824679352552671809e-90, -1.32125783585107705591041117458548201102548399403537984166483e-90
-6.15848698426446983008255964593078138180922275478355834685442e-91, -7.26657431820783553398213710602800010025775157034378835876431e-91
7.02287422002079368453511803941915307813844464636311442861677e-94, -6.48465878262790986731410427951827373571888576855925640388376e-94
-2.89215740195334995207270136291017808673901505422755988578252e-94, -2.87525785168455163848019448574258092278171959688157349846261e-94
2.76891107212672799924128202360486794667894723548744597103242e-97, -3.03560977060421865087825635312792500319002081094495585689817e-97
-1.29817861949808304263287233430033642984667915712453502690617e-97, -1.08518344566571535905958764436043092434910576755679809273649e-97
1.04008943239823756175942898831150136220191712628616203326595e-100, -1.36020182699655473361166837940447834884181916633467917572901e-100
-5.58704134946797660533383985655310098737239212720101084490676e-101, -3.89764530130936609158581873312404708058769461077089953998172e-101
3.71061013511402005756722182819179951479916376500620908332145e-104, -5.85068332756003575458396912485179535465983144553292010654033e-104
-2.31147128303896334465425306537062753200767355812104290708202e-104, -1.32662517336391486318999801805366262142723453439092364078955e-104
1.25028099465333873292400156192112575353612316320075816806480e-107, -2.42154036294678752600879948292636212094484969087615748675776e-107
-9.21290013234596835483552139859995383217623059660475865954990e-108, -4.24701918604707177172960746312540613325588868108493555471770e-108
3.93881834198012808399210476413659593648429062197083639615085e-111, -9.66349950356148759585421467637215919993626467665673709037951e-111
-3.54409961144853835352538162180615345585477552787194386123026e-111, -1.26114741496095970625066950873747553282115990121862777309163e-111
1.13768411396425672996504127417413590023954011714121246735964e-114, -3.72462712313621291210457268528907258688024465034085750599421e-114
-1.31795992756273558410653289074392078109459572687359633842869e-114, -3.37605992693009319345002233754850769641843142157368164026342e-115
2.88460767119149578084891111763112013276731773383273434156595e-118, -1.38860354071725433579170307335109782433839785816460003359992e-117
-4.74429243744181637729141318266654250497473672733508358481708e-118, -7.58873741287425243533480765908543751163267604000155088538791e-119
5.64584579918670742023904193242194553181929039983247037217703e-122, -5.01381861411820947983649141702181894226781516204477955473543e-121
-1.65504869126863677192167869822703026284585657694471601481589e-121, -1.08367853165295052597062192392658894478369800915521920986078e-122
3.22276499772499330481065040015412832900709600847802609865301e-126, -1.75515249464654210651275886277903687108050599127486276231250e-124
-5.60057127335029917552461470583367891893820096706384531519422e-125, 1.62138648389840961870995330355100851246393465063667343205075e-126
-4.57138014626396835927029742541651589384757147450743978949921e-129, -5.96201176604248055695487356456088541655487048521682621881158e-128
-1.83976491369811263397622552255128062376931177006546680959702e-128, 2.30041617664259862627827741872298672610289660272311104788801e-129
-3.42721359696593472897846699567332334530535442584852166555623e-132, -1.96648070082628135648014509413600321990962709912568258691344e-131
-5.86995386404149180387735196117983795750999714610561541809191e-132, 1.31877229292212548707740602151755236628647859695135123085529e-132
-1.74201050504972909233926084466862957164656080278125842015506e-135, -6.30078166111516414448984289872164377491198094472349631782330e-135
-1.81960845098012665609617039042921090244632463166672972244121e-135, 6.00531546761220093451029934456905997022536334465813752960093e-136
-7.56541822656912929033365925433163429832172001564237390485908e-139, -1.96146587428514315387356169266220387100336131381100539646706e-138
-5.48015924802664515672667623504410242401170177641848840497696e-139, 2.43263817516041636351814402777534393933755378668303599384375e-139
-2.99615976047095559630291749760981554814699158935738113789755e-142, -5.93169670999664410987599484261530024790617733852351882457286e-142
-1.60294382938220173758309717280211163688527900931725694844226e-142, 9.13531130933831780912110803312679159346348659314097663879391e-143
-1.11280167054394008446265445717511029412907157803918378681606e-145, -1.74152878354102255526830595978344965653433868951541859737039e-145
-4.54957374151594305206010664849629049482956056723166120709521e-146, 3.24455194075814114469341157204646369443395016027203104448991e-146
-3.93403628717638526481633420945550708770828888109441318269658e-149, -4.95810575083278157086638618727167002600013061017378724749876e-149
-1.25098749377826259751195497652683421762104739849354927992096e-149, 1.10231250545992848047090456672397782221567267625101734348893e-149
-1.33569642653574941388328744971440529042637516454325994037691e-152, -1.36593429517460837904458295829854650121537799846750472101773e-152
-3.32346779312596818629117254775308339273349610502377849182905e-153, 3.60815722357818784561429342134664416101061851223107197601587e-153
-4.38101547980002876547625062202115301818295970085928618306647e-156, -3.62884428050793130939148312660040539758895740444792473437089e-156
-8.49265889969491952269048301299525437155125415707587079963578e-157, 1.14342778203431370055154392627591427107443901285902425994585e-156
-1.39386132630304381672517739976037028066531029344912015288563e-159, -9.24318155696062691742830628387915589136758689937661614671813e-160
-2.07168154678505492667859992384264486254785717362163998853831e-160, 3.52033003266858051693206035374884798263049591063658915762224e-160
-4.31459141488454063680053746472713154099058869763833849298641e-163, -2.23478658790000994791527423146060489134226636513326183274612e-163
-4.75924376461604798018256499685853038682925201833431887106916e-164, 1.05566196446942276709484563605244262285890595357153830623359e-163
-1.30228526757815661808940714795776818227489064943350102649751e-166, -5.03318051429348960033344135014429316711912309337565038370865e-167
-1.00219353266628514897424118862014567397827711021874914930971e-167, 3.08938920932345490446964742355807395413426838940431685174444e-167
-3.83929908217951204909844820121308564892764739639974238216415e-170, -1.01389626674148757983226104205907585273699332819469470414820e-170
-1.81235092167814290281803545222426996191252517456386561696585e-171, 8.83602226302105647417614745838312947980130529653833368729588e-171
-1.10693521629397430177215050083492680800059027408996749007466e-173, -1.62799015627108689236577868887680271235346922830908069516947e-174
-2.21502451325804059278912496084154163906857454392273627818950e-175, 2.47249231207007188594959648307383399644421893739210035614737e-174
-3.12391766950970645512581133299710315955383305103690815432128e-177, -1.00835722365760165753266843452222824883202772742676557906799e-178
1.70883064080520549500747169802290796035257455367921590929475e-179, 6.77341957285164707283085014397458781667128608185979438132478e-178
-8.63399368064705605180228721362713229204528358271746890890681e-181, 7.19396020489443055197227685412713385371651085240314191319454e-182
2.58794432089924324132112163270681172598114068452355497715943e-182, 1.81726946795297800019988829698661240261085826604747209855438e-181
-2.33734174939584313997964283397665927616655422699767003950334e-184, 4.74321154716760261097127715147172038556936474991635084041059e-185
1.26709571063264489649926809380872022094688340527401373267586e-185, 4.77460122578903597645017491978859038025211324434826032173412e-185
-6.19587712724316292433196905606128772174435427551528498145413e-188, 2.04660649062205602475282138279825081623937481983778620933616e-188
4.89120353530828190249170226087842294227787765532910856556723e-189, 1.22776345443972651484471716686723651968268951479236075564315e-188
-1.60686676506179808746412329419489276478856584288813983680745e-191, 7.55782558812880858188066626506239553227160633154858869052233e-192
1.68853327748475421108769871158326507315905045095560311408694e-192, 3.08616679473380787004320793703997850262988625485849822034671e-192
-4.07042605822701304690560875839251801754993607533589241668851e-195, 2.56386244122666122319452000175694060452295399093720002459896e-195
5.44815290649522638409326324528610485333454429396684212729405e-196, 7.56670535642558236473746098526180814777992851713422430209893e-196
-1.00429601758152349632240657311747006540942602671182823481172e-198, 8.22910032528784865817414253032485836085857857067729976142642e-199
1.67751686890298875959856780240123576206992422503546098027642e-199, 1.80299639495963740308801066912066272783172176196381240492344e-199
-2.40218887874338134116824061488173861984567649546072059170217e-202, 2.53742248844938639864710283620530578645546940871895643305359e-202
4.98612469459205894638296005546591403861624488054962553612417e-203, 4.14983898430236348959673002838894845553849485578624506735536e-203
-5.52590293021821138062364843904830862603973007075549656941881e-206, 7.58389115006091940004658085182307217749991664792288495511388e-206
1.44076381136308356274648735723220499934797502579166464569210e-206, 9.12825720398587703815448757026846795028654699377294601517852e-207
-1.20494979881126672943342167210456298007685498496974321018080e-209, 2.20953695959802867583608902913583333460156825755902695735096e-209
4.06569733901906654893406333506516406355223541488190358960684e-210, 1.88057735358808185806804475904803429672636699345798687362109e-210
-2.41886187867789343468070044008013351436145457362566995929375e-213, 6.29849209668767873912484806174990932382684979756518308308327e-213
1.12383615246039008474319502944122733418495718454507117510310e-213, 3.47083170083698495932213233784108649627874791162008724706844e-214
-4.15776451691436145323666305932402095431147999990864924797735e-217, 1.76103475427697756920510721744356629255573223500569794480253e-216
3.04893255341121062829700677114523087516501188419434060312214e-217, 5.03248126927416158150252785242110691676094967098657913200986e-218
-4.59549276642774516712804457704415025999195495504505204398841e-221, 4.83684597736091064742872656405468706080553513540074907571019e-220
8.12749220918642109251913267456188377735888789083153150706357e-221, 2.05445310310927457873356627353352026986448014082012770334795e-222
5.85327563550191683143976143062335476603391393096137351544641e-225, 1.30600669831748975456707851045329814403139341142874966443700e-223
2.12952888679132272248930485571525393226333016649140947942964e-224, -2.46988259046439383749496842933690446374054088778997367957757e-225
6.55109869721353723791407937802036938879444074559473721675690e-228, 3.46661668296547767902657813803861226419577829017177137401578e-227
5.48184589401879108510776120294692946144739803346449898748777e-228, -1.45078894420845287404206080996502993414789184567362421914812e-228
3.10887050962572527904403586601898612584972216411926486867799e-231, 9.03736658178573042802296558117646222915496226035581520626167e-231
1.38433608756458961224909639565769662460205695832522311307938e-231, -5.92783272750367937169073162492364147831793264130424121577305e-232
1.19778524273878206426772155162781460711160152360789913616016e-234, 2.30904806439395097427511465730180744410189627082818819085325e-234
3.41944372335703269895291659195843774376901701726411206414292e-235, -2.11133208064045781925123308835897967585066793136305236333135e-235
4.18588655375762286757448364685365745806371410717929840631456e-238, 5.75942472916933196132441472506636897285681964687012823687882e-238
8.21865476865348345900138995119365194701504103833694200638065e-239, -6.98627172797857484453475702471307160465328353992163628573652e-239
1.38136910567142574651615053089141407707763003478513613391802e-241, 1.39275105555148028870997407783271549096726333405531563040546e-241
1.90433141690671631673500027065936627239085536908138034500467e-242, -2.20666903430044473064156025340227943227214258305600624439824e-242
4.38794918638684810979226103244616513737877013191816936151394e-245, 3.22435761778454008795894337674021303877071569140988652113995e-245
4.17997602008375989162459591891929015458293434646249706619462e-246, -6.74676176724673760952564021276707049979301205254872934492117e-246
1.35576196815982667264020763748281870265090658597684501015293e-248, 6.96961003594250682639589556965269979189311807595495841927726e-249
8.37217560803983766368945745867711160669288647490815918449893e-250, -2.01261639525509069690818481285786151158440411128439508098652e-249
4.09932686017981256856657391942955961058451576195906685990405e-252, 1.32560343968376484346022330199320488637524046757288753409485e-252
1.38081112935717416575086249767114668608449413431739461010432e-253, -5.88483195967234062784823908189543432995656123392525061969157e-253
1.21716078767739590301854515432625897995595335038007517237522e-255, 1.80631402272337270532575022721067161234192747085335860014988e-256
1.07193610359547947642170747162992595441144250627059634210005e-257, -1.69072333515602601902388878748448621580482413799210904839415e-256
3.55442690417303021928022989883173178842890507569877968925283e-259, -7.67360159792059387425142474583490853057027462453066631173040e-261
-5.14922777717090147299646625077091903167665418200540644937305e-261, -4.77618045064697537570521004683027055141341045667162444557671e-260
1.02075801541644378099946723458041230728243729272190911913218e-262, -2.00691528321505576339190299492253176620567267042849316033291e-263
-3.83698526262417359133097600541424492733012705765882452556184e-264, -1.32526138577722588021593142238509956280521250440314934408801e-263
2.87685394920548815303996788338786638249188771022428250472161e-266, -1.11740348359564367316716876279504514711580251827628991063928e-266
-1.78419760029728269502811254567798711107633409121700422831473e-267, -3.60005828195546109764159816008310307662726814769447695507990e-267
7.91929966846448016747205065990153642604376960889734084776954e-270, -4.86390240431909233846808575767009752256192498327138223258788e-270
-7.11729839526341385657433240704882468996837930319309469927037e-271, -9.50995812711163176277479318514626007282195662873132891035945e-271
2.10945331855816892884278080495122759935042379466182898918334e-273, -1.90777038949019805692715629617510724921805062881461681747385e-273
-2.63154569407205379186488873775133548371979687651672827229249e-274, -2.41114688523956014493608842234608804401521793626959740307803e-274
5.33721964552110354183515652290582239155705592790411075563163e-277, -7.06807374763805426541456195253105601116735904459096733636284e-277
-9.30004937110369346436798231185203395065699718031701099961052e-278, -5.71060038674866758406592088333603526429909508873368645278672e-278
1.23093855591719811033617112972618943755820167802772968400680e-280, -2.52610467962661933468139483015488972788753713999880970989310e-280
-3.18824351528397220287808317710419703393218638131979843762220e-281, -1.18182429159548894323898528553977403244420926467318839797163e-281
2.29717335526376207696548559822093666194101300690650449242223e-284, -8.80119827139036554886579459530270422336127348874388286344925e-284
-1.06806675681163551204241073706780467834740230757383116892249e-284, -1.66220726647143421905847316377242856483872385447523121289306e-285
1.56902900606941287491304181359157717132427036788296327726195e-288, -3.00408363894787140999048559181249644591542573178067184151719e-287
-3.50633495218779410280311768685443268951028309260860793726203e-288, 1.80181368028273999458761830049651366374185074738142454695664e-289
-1.58369961039575294023824955076817731785542357020285883049007e-291, -1.00550759849828590424273441283238165853502876636529280878350e-290
-1.12694439455960521307133894624318941999420079800858710179032e-291, 3.02790930552645315278498490729823776968144435825616808752404e-292
-1.27694388626662625841180670181469132022480232827610444049367e-294, -3.29055627172913291035839593814096345594034152254058076172180e-294
-3.52672476385777213443941303126516064587440256479152837186907e-295, 1.83303701813212086866174047426385091663380985537909438649194e-295
-6.98913451585105823239027490843808146926903993984429974107421e-298, -1.04388152713176168215694244642935079953564307462467797626243e-297
-1.06090065453944697391338430403816188520861933928028828307846e-298, 8.97558579948785466942421295765963335464701118788071680974627e-299
-3.34851089828408214632976803544559522375623490664361718617287e-301, -3.14972485104516455690029106549130106023021382268583746775821e-301
-2.98093566920597559345263888280890955185216384817100321565503e-302, 4.00880799846851840771642770766416250148177944852432146933840e-302
-1.50171751918508187357082892609933599381504221950721151910369e-304, -8.64381496024824064984497268367500790325381438052475907218762e-305
-7.26219714206021614744974392961775017052830800054925760805613e-306, 1.70132469053037076130951123159152003089380647116501862886526e-305
-6.47179117457679745746582136599818295619023095869624865240855e-308, -1.88074969791067392314378142480941109881371748948195985448175e-308
-1.12867824301767266836773480828032500139361893537177483920905e-309, 6.97812434517032355707392520581543203487628341216816129782685e-309
-2.70879368965239175169657080188268677977834069971203837236974e-311, -9.75626774139626161623675386457233723806836143998969380538253e-313
2.51897513502666492045017115687195334851367927290621520259542e-313, 2.78177023271790071383342082898480036201689268092423492592279e-312
-1.10272769659709997108302578440556988726435381311401148335349e-314, 2.45005400625179480140077139179536248757890275693666793224586e-315
3.91116955085890598155844059662085505363262760355098218086672e-316, 1.07469419855973690391083738192182962048029175684008730970737e-315
-4.33304323961862990713021546033468913683042847293687577610230e-318, 2.26456431894438900592519602788505645269580161777881949448881e-318
2.81122580184271029262785806172341444561817309578839285119396e-319, 3.96829235003817022133302104133412699836556361876782020467557e-319
-1.60670674709152999100946411073470682308256174932353190939886e-321, 1.50710560322783080084814476913224165740519134534358547640618e-321
1.67676371819206165614445100756672112903319190415711980659051e-322, 1.35021429027400028403615869158898245793553194445356099666337e-322
-5.29111441332362491992713669126980981462020786959076311637097e-325, 8.90676882629953969464682302495492328804830040729369114264275e-325
9.19351418484627714107919840835379293947280523253546492734252e-326, 3.79619662726204669658316960869157049868618684859713092627203e-326
-1.23441746184722290259666672553514720979711557621375287465553e-328, 4.94737379515213003845226212724070261593308571291797202401549e-328
4.78785191052027856384035439026665005745988527535927506046541e-329, 4.54792275038752456254402447604537054433016221155105584406984e-330
1.52568512203554872253773694078854797285151661679148668663366e-332, 2.63005501715365912942233516776708849348378885560878769167546e-331
2.38548709732314635825733675828153930556812545644360858257551e-332, -5.17282308663318148392956791384407198518689771346447090349256e-333
5.21260809430495840437131145892422171805689026490689119478440e-335, 1.33523001016716011853799828088794816719151147582160879262193e-334
1.12284824987809463677382360254586193075487555901992734270434e-335, -6.63992194127828656442918441412875439617901575247568396459314e-336
5.30392262849472207821004184742521573696398988787037615694975e-338, 6.30751729045352573398315372227992783158639349193693692976566e-338
4.76230731014281861876611758027944575948137942169270240783433e-339, -5.61949680200546901099551864437781858137667681870135984572225e-339
4.33431384460350589290838660659416454919531292652932138848255e-341, 2.54436957044421699978415546009279665992026794690676864732977e-341
1.53284311476588287244837774376619161528567341124574622017530e-342, -4.13635965075931374519063948252341657310320068397357881750264e-342
3.21477252077875911817687791438563141003902338666270092787576e-344, 5.68514058992596831757304808169971138841312092618400592868259e-345
-2.50615768952310719962617222618993995535637024019387950439159e-347, -2.81302097353399009726553599002619882836459514379664392731404e-345
2.22492076741167867546976321153508198787376354799555825450530e-347, -4.44370633085769568377376613235587989067448313654864331400756e-348
-7.29251353303150175106904006604154533858794874100763161643327e-349, -1.77494932894021674141956489932114329667293560290087636544938e-348
1.41145559846658966032804573700344370286891339581877914612819e-350, -9.39389370460162977461078491388115106618014545229455541011388e-351
-9.99013553014333727398775024613122790581020341324646287619093e-352, -9.90755594125966782277081844062802813382207421915639553884613e-352
7.43565772676642600835594815885160263036273144065244591270296e-354, -1.15054178910447106324134425738105061818674797181025141430553e-353
-1.04314458462518767678817322305904488563717198969280114241233e-354, -3.93611602863357340646093416056103223825809261821664656443671e-355
1.70584553280815322866165632690707344456867281146966922758004e-357, -1.19198537983305136815780260771027577839990196068217995006040e-356
-9.57342615981538705377065610481504327712149963686950190526324e-358, 7.92247464734089821872337204145149488816994159932077752046671e-359
-3.57730847909678547832141151811478033603952972031421623146358e-360, -1.10286541688653096219561394958370034811466179207979712722685e-359
-7.71658497097289881318144419126639093792122948276997706427233e-361, 4.74694780798044989293274531915880255959705317281245802054068e-361
-8.81138856521248283921377230082791837862986290802912353934403e-363, -8.61836692680495670752853842461305118459236268291429739393770e-363
-4.69712021123422816342277034492428890881518656918603629514415e-364, 8.17011846651030824340139058727655130770472913680087307255609e-364
-1.41005556984920977214466045395534933662761427061614194571826e-365, -3.76868730498080399164230298186216755471188417524459611908130e-366
8.72398289236779187387457187729124053497139409261057260597975e-369, 1.09050132817480832141003484862129087330828250968900415641071e-366
-1.86596873195113355985560039661090908138605903147815019326966e-368, 5.49317204005100557907761029043814380349823225704899589776896e-369
7.70162555726440976182010682123314518888598693362385101337998e-370, 1.19012054228827041869090976409970739503916245809022250402232e-369
-1.89738785596610693416926306454370573482193711575072406680976e-371, 2.26208790621473994984881138660361595632708147286666857499622e-371
1.93738044158048040991593358549876018837651503859192717791144e-372, 7.92385663222190058347347158261593969015705374269684415616878e-373
-3.43916517766203055312861228634094561733176901615035842231866e-375, 5.16490916370719235248227759942447872054840244404256231315138e-374
3.42874074012716302747902018769447377521386213098773652328217e-375, -9.42467201808916244560722830347314613445364850221998123578748e-376
6.16761410027657096134614520741538723007880527620701909080709e-377, 8.69390676548385932504033652577881472612038969915361755548987e-377
3.92250365230247098264766062450739747275192867417467571268828e-378, -5.86092242935387400933420591110499867391415687206297658439082e-378
2.57353208900292551081396576144372515753026711239618921416891e-379, 5.46624743560013230215285009129288167849470076113612144246468e-380
-3.12240106750832084314831821469070810424204404048865695132977e-381, -1.63031110009664397929782380459639836448986486154215492211424e-380
6.55164060403851510490658948058088640505751590190663165379291e-382, -4.55428675051081614895912427786911011621515132744778144468362e-382
-4.08634627815326982624397518554596497621729514722018854703927e-383, -2.35871011608391347662074718132796682985709722629161651155682e-383
1.83453264180728126412033961369773389938927441393023478724225e-385, -3.06147985408237214526143239069519971767188984535689986818752e-384
-1.49385378294277454212240673238803094791775937126602818029661e-385, 6.85304103527896355156957586675887849928255848075030330318281e-386
-1.26300592219812145275040558769507369288503342413111617709186e-386, -9.04619260601506247337939427927463789357626289989618873861977e-387
-4.88225122908211597123571694496186836440691506253815010278935e-389, 6.97430415702499789293845208533180306960326330240556885322609e-388
-9.45985538413812526056080869715784780267060661380067852946694e-389, 5.39267748631632448569710506865997833959102290085884473796798e-389
2.97197390762169212091209289323491579513190824580465758444386e-390, 1.34108139860385085904486757216802564565538695117877511786519e-390
2.77457402023674082240420110081569846051416697654216950539351e-391, 1.08275252142799905423875825659734783874529143086418504192058e-390
-5.30560794593186381671255528921163072274332996477475971739423e-394, 7.86778897148231959119562850901026062519073297673434394025394e-394
1.71771309946227333025021903881778644457029412640918952219959e-392, -3.34089372572066504428478852129298633240820957948094503536266e-393
1.16732047625739104518409216434387506848360631468994832777348e-393, 6.78837841965278280745076408349777942455714263559658152984374e-394
-1.38936125275618911152696139529402992218141226274389344106868e-394, -3.28099257206580999220936158295785746730880807236588380965139e-394
1.89101755870280861361732794268522890435766978347819173500089e-395, -1.18659706682093398949519116162527847435618521095380190346332e-394
7.26183621887478748960689318826704781183885595067546288877201e-396, -1.01358098607366774462496942720152864012939675649233451885877e-395
-3.60489343453211594779409056433436529871864230478488762760626e-396, 2.41546394427034880428335915507727786129551497809783364544413e-396
-3.07117707240247484217438448101172738658323865551922493217776e-396, 1.10495766185846428876408760970022724409595277630766007335502e-396
-9.60848674254629966324221634115366571240186884858606006773042e-397, 2.15882200889103247018204236132122959066248639253144517347243e-397