0.999916464222088605161361507321827058337884241267997202911145, 0e-750
8.36553444813252130201864024526842242354011574154347696069338e-8, 8.36553444813252130201864024526842242354011574154347696069338e-5
0.0417437966912678944051838986124912373286483608674187557677337, -8.36553231436685350414478946570553883166369928999605787881277e-5
6.38856024002443612917279149835846627482378434694513424296365e-9, 2.12097349189367532951225896551652689617462456621361343490130e-6
0.000527053716063183652219911314032456594045567940174976711736229, -2.12099417496070782696009429992331030781599538267349902035868e-6
9.75993375067738663601355354622194584433041887704813258239166e-11, 1.93629214508755052834850059393488139993379245791723523098508e-8
3.19479878970597662884670308717954394213340796989461492798195e-6, -1.93635694257754907164099949616317814043649409676202029981548e-8
6.54847201674968657481683335590338172608326590676621787452417e-13, 9.24194297741964765960906389392082776349581100859441875447775e-11
1.13902754233931198054826141536491775301894431819911193386595e-8, -9.24260107527051968387193612115529521309948518503182453047568e-11
2.49694804836812682695432325380996785099791728882002527487316e-15, 2.72962056583483656186935761626435738067932637356731845554913e-13
2.68035920625040466449690415197625329425825170518928386368857e-11, -2.72995718690588975618439700060113125206112294083416725380200e-13
6.17899243057411487147815013501112931565667983019152254226798e-18, 5.50377398995276990145749826622420813231760578078731739292170e-16
4.48531068062837590151129149193076237149211363601606676521410e-14, -5.50482058741460950984425024434693576045089437045589708171860e-16
1.07705179204734875526369171870518000001007571949974725370292e-20, 8.08379613914997710132928679677832004758733841101441767141788e-19
5.62361503091894580969390960902339252455819867176856166996986e-17, -8.08599564845052630450281363945878068192548696064964930824461e-19
1.39841019444613180375789289640231898266705387046273052538201e-23, 9.05811636170173347398473003855345654238052639484560120222408e-22
5.49102991978400271511554161252778093295780080971738437821159e-20, -9.06146320226566199556713814804681522485286712920101857862392e-22
1.40857452392300652141025272473384095789433575248125631368081e-26, 8.01647900897003120456090666346419141733269485250618929808261e-25
4.30176982920480980495879976655835276148165665487055027525345e-23, -8.02034887997668204702376218104367549077756201130001533806503e-25
1.13536849019568318160544632540908406335378897174600539367662e-29, 5.75678029335173980205180513832108692454284514701549360009025e-28
2.76871473384608989272257645240404780248964099034107838018359e-26, -5.76030490239053739098596002832781755419256779447133680166646e-28
7.50449757807456582099414861044964382759907652674930969300401e-33, 3.42789618512173285225290371180413232616520847019999305990175e-31
1.49251403785774145007290299105806846670346701572200635232409e-29, -3.43049604720813973568774212812907372002242640262703460749137e-31
4.14885300570170304454477806159147086301376412342376665547191e-36, 1.72281824180775379052691078781744049384161804565467504805373e-34
6.84729192771520190814761578966863273035894288657055123241043e-33, -1.72440622343692844031327026690927068336719002986661058006018e-34
1.95012003427961776762129791974897564305460652312927440202560e-39, 7.41752893021513644653841194182621509136785518329655285808904e-38
2.70985419212627612999509424704078369080666898089257578933063e-36, -7.42570729798644702046362957260757361657392337645877827902433e-38
7.90129747189782434733128063972421556351832695722684293820648e-43, 2.77048443311506351430882615669300147137690408587418250090916e-41
9.35878034859213142822161456931720131760289566254168902045009e-40, -2.77408998052433382803187239784624758348641562131370464057253e-41
2.79215925955373577607517495555158168361513728040568105121308e-46, 9.07466555124230469886587086349217815410119311441239088524204e-45
2.84894833677480227427721774892679364692328475120487363671838e-43, -9.08844751584122664193721108337097879773625639583579116003892e-45
8.69348212043886103306005165156492022720974683259151634383702e-50, 2.63130889361897380864504161677936332914091065808364906238518e-48
7.71156802421160217760756248141006263831895848764948274344955e-47, -2.63592686125691615709361031562762096913921346844766260914798e-48
2.40606441714498715209363024483207011154405076650140010031963e-53, 6.81032852359540472717251812556100794357474106917231266001735e-52
1.87045626974129838711404217974022295474241744498989831525092e-50, -6.82402240651642589239756355457064375955873187830198722007607e-52
5.96584172563269957377295909277948852164402735423228363998353e-57, 1.58488152596443372791027038152470947497296966882335368485192e-55
4.09338086671275744410440092232026289930077391127595263872004e-54, -1.58850533203020402347361882622383714146254789438468432047204e-55
1.33444249706010298179789012443160402286837546528458730841379e-60, 3.33804902720773697141625923008298876507452869427948070157073e-59
8.13238997271937120299401267778594232341614115499814628381020e-58, -3.34667034546037629946102627434856196943424742439295397642422e-59
2.70948953868956694088010119909865864750436272856372890906032e-64, 6.40031974688909881020139132665827451547094355984699564233511e-63
1.47490383454187735897751867329028278881655748739233444330229e-61, -6.41888120358378265558841761170809402971562789833737833755174e-63
5.02183524791579934438025545816173552812910878097037787730736e-68, 1.12311466148983689622706640041599407610081391500696318066716e-66
2.45415174553294570313034077420440082680553870651350437610831e-65, -1.12675252380622492270749770199860635670761915675628111212489e-66
8.53933694149819616380243217756733877818302646338684817756585e-72, 1.81238318195540914438461573727419522060228345967712625599205e-70
3.76374416136767894965308962548534599623731695003494801176858e-69, -1.81890837956849521200080313490320843552557638671477418043828e-70
1.33836753144545252127977844336055527385593763866794554536210e-75, 2.70139353055570892635398830103903203075547180602961242910979e-74
5.34244911755009846905169653304471950685332394459981401284469e-73, -2.71215715951937744402196045835892551449115739758198484741659e-74
1.94155145460301325478346474177179110441714603646572400503873e-79, 3.73411890714841014715745429301943541326278184878186158662497e-78
7.04589717558942618739032545830771148494582029989903924630203e-77, -3.75051959954486964144353342837411133350223684951446338579286e-78
2.61715333321161581721620985448698765137322356970892389925538e-83, 4.80466845761535700600511487283600992233781448868661937147106e-82
8.66469260673920609622947147840682749155586263843191882977307e-81, -4.82784589307102661386180249063608372346683767927928223676523e-82
3.28980951820163026920606287687388083255158292377386948411149e-87, 5.77437407616962702469538911707179067902001056921507607401446e-86
9.96834115132896083687460118078646084573457616301572858501357e-85, -5.80486638676908098960239853400884417827559892596220071931195e-86
3.86913415086711492135186109364873209303274648560257410843066e-91, 6.50274384827439704853590209535654023444221709219166921565043e-90
1.07616024283255544903955599251696451550104684775435710377781e-88, -6.54021842366542447105225382250124358813600259888880495979893e-90
4.27068069629230709064878461468453263469210147382071574954617e-95, 6.88220394795671598167506955980481383349169001118205400231466e-94
1.09334537288429300604287663722943355847231638903157663662358e-92, -6.92536541531304537761156336408844501684021828960975599020769e-94
4.43679609274735496465183535885292704851098723181828650855536e-99, 6.86438684516644032866367670860845796969321571975175252991544e-98
1.04815715072061247883491405221372949255590957429880073112193e-96, -6.91111349576993110558932814248515037688270952471872976325551e-98
4.35010050093136341959809495994829354141227628731304953455716e-103, 6.46915613026097417861300264552869080203186690289489960087840e-102
9.50549428683174052365248742147427705118407540344155307667647e-101, -6.51683793093804451278482033109174227191908126842519995237335e-102
4.03536634475157741719048219699192546783261788768503748502199e-107, 5.77464768419446821066767880998901785593120453698692655489579e-106
8.17388658868951003368002612972199122175229422498292509945001e-105, -5.82063038890012657490038041904585446166945072648188280110033e-106
3.55019493400814345233472231087244398547149173751419873236784e-111, 4.89366655788484051860336879351461363421538813379580128466656e-110
6.67969140338932043551874649084153230235567055272835486362451e-109, -4.93567689534086146808226376396116629654891278260392273876612e-110
2.96879603584756720497739882030487234315976745375915152141423e-115, 3.94564496920707857253929635743849048235613990815209186685206e-114
5.19845012444194869585048671484016990606775545341566981944852e-113, -3.98209030812685905910066660173180924559227198710723540429248e-114
2.36476563995528836290719181488718795641760012707151522631125e-119, 3.03298339686719386878895128865609409806920297055927755171173e-118
3.86055080301311474076269220530662648697849616118945660991572e-117, -3.06307191580423748623216710761076500329534272709692565599152e-118
1.79782873878490737717279605290997559294355085019277135480415e-123, 2.22709460245024342319690436007452255209608059674499666919110e-122
2.74099059788751279190902778806746151393586795743403804659180e-121, -2.25078275512064249910944240127843553517217081404270207581256e-122
1.30704487114269309249872612321712070098709346718181547231657e-127, 1.56505925295397994813014468599420084012444126951955341710443e-126
1.86395021768508981947302531425756353808348712886976634838604e-125, -1.58287836799899129223269602952299521242459325654209498341743e-126
9.10342176865561416570115445499778724742365205444906101848566e-132, 1.05442482666710695642852385517248698443097996594436252138715e-130
1.21612791371765749826562879315195435617405116736307360603021e-129, -1.06725631964354174383340161332976125826259008427177186031677e-130
6.08477961532611634908737761751032254717855339221684915897680e-136, 6.82225664528140293591653655303419121106376055607961055930129e-135
7.62534114878442703592955099338799944056304396636201108835020e-134, -6.91086572253686963689395320153637976048412460308156014937329e-135
3.90959921687695466377806856509332761769433110863977416562235e-140, 4.24591742560395846224723059280000299175892240220155490177175e-139
4.60215509267589616043984207112391692918523171454364603455597e-138, -4.30469729849638118581373062433961884493081111478194455925552e-139
2.41856608378797851570466562794673186232143374604926552185485e-144, 2.54577974766385711719168582555908494968584234087726726163065e-143
2.67759300000187842344364235260924442083230213467263123690220e-142, -2.58329747252797885707141384347617353722806684011372987715241e-143
1.44273196640943856019534084184079754773700657642548678441553e-148, 1.47273399607500124065572734023805316308711258594426016281386e-147
1.50398468416471962612732767839600959590493542531917323996572e-146, -1.49581108650568334520534079408169073503580909009329735604165e-147
8.31100965169588250463641748359651402547187421481933040605973e-153, 8.23201731188204387028348935572011796973888632963928706352789e-152
8.16711892997272699434883955551306118019541498589105115824891e-151, -8.36901564953812190664591589444984516215823293764032932873493e-152
4.62996523501168995433367164046366369315254293067013544854404e-157, 4.45214047312310233535318652981836128230601639966630347265752e-156
4.29349370447112814373568690055604179134009713720032305915528e-155, -4.53074872180292153781252123791522862401368422491466983112034e-156
2.49776567456600451053214678407605847717983376210211295848442e-161, 2.33288803835609663996722034086069162274321570383892318763828e-160
2.18796142660555078338772736655867230897866049229504740074899e-159, -2.37654427889364158463064988183849375169541298713262641947379e-160
1.30662352480755355708094853341241453197590835483788793161700e-165, 1.18589049333418681698715662662908730848515231954597750332848e-164
1.08220091099350786827666921073772151051583977256193621788200e-163, -1.20938879700558070244663133849317052257400807785720132225264e-164
6.63637731717680245594188977541172247099436309918091302767535e-170, 5.85554117473963292979723624637367745673353041051390852307174e-169
5.20177612234184060240280222379614544919996263447466739895373e-168, -5.97828698710436503935593493567171555468438861133701663221355e-169
3.27668109257237333444782322770521599315123436029309578999329e-174, 2.81184701655408829821201991555060273770768042220915167166999e-173
2.43271949211384875802694492006882553397091659362848194888492e-172, -2.87414986309015022934882779452444593366114802132304863346387e-173
1.57465546721380539574121268280044391992424347521526424414507e-178, 1.31472409328294357539335635840451387734482163578215268696398e-177
1.10824644778271040942487290456426534943403957979229126205350e-176, -1.34549041742006473797814108043717687153342540618907109846455e-177
7.37390068125976111426577001921090018164670563908568620087754e-183, 5.99237247700655984246674068039419252817080993115162384773169e-182
4.92356098265377562992047885001591732362013779780596643405525e-181, -6.14036204863913548368642533504371997988843654600790472093412e-182
3.36875191297562188612331848559863686564386569371737742614684e-187, 2.66547863172085572375737842520134911254380081700160677399559e-186
2.13552268154728196677216186683900947284381688864308897884150e-185, -2.73489832283273794329712121672590950196209329417658950190400e-186
1.50310413493765117690226984177700849744616448711413413128997e-191, 1.15836094252776627531187227080817768945939907697170331916494e-190
9.05281658996349684654070236118822375311175800301343942368086e-190, -1.19015359484843443119223573940614503833847319061624643735516e-190
6.55745603443861447314865987645486230102136142180249796249829e-196, 4.92351275735901066822574422415393119136256194055301676821691e-195
3.75475153934674737530669709012128746095185245157294039346221e-194, -5.06582723512845782446070055303527131809867373282829351192109e-195
2.80012000619828886128897360101745914763471825971826979661132e-200, 2.04894312047231275397897223729091162855105516825044626437723e-199
1.52528621893950253864223815209274087244777956175990669170558e-198, -2.11127721367055886225540713221767143936850238717123765981002e-199
1.17158313764834692257479420718365210484246195838922925582475e-204, 8.35721481739055712433534142339573961200151658360485322379408e-204
6.07492831438870380176815083195291469646413651269581273811348e-203, -8.62465317394145767114536161335933900949351792899056527016011e-204
4.80814500872960235311129342932614185691246089440369834328533e-209, 3.34438303645474407165864827638831925721591874018584217315695e-208
2.37460168905376316715701388503041343301328347179935372180410e-207, -3.45689601877848124163057266995994786490380543457727366513470e-208
1.93747488971675435228605168140902867770962966252967490683005e-213, 1.31441592199082287139103079050711572871900876572091629380893e-212
9.11872764206530696595420779162007682882502664459290117842866e-212, -1.36087974156967437418328638150266568877634608867469381165406e-212
7.67341944704320304184456641419940238481435757492055078820414e-218, 5.07862248644075843591809756109124438898921472912414003912645e-217
3.44350173498437012947553450051321552021996394895035636602764e-216, -5.26716392270631807065721992533019945197389335956942906404587e-217
2.99000074338608971399765265649050113445179987661336754873325e-222, 1.93100985967332320391721499456882213855035411709040961558136e-221
1.28000923483763589555984091653176763886610393332055204293299e-220, -2.00626207842142726056050127706525255010567454202839691158277e-221
1.14739777046938157049672171131373169137247886525299631700880e-226, 7.23225102054670348861717519510088330877709901856218026310292e-226
4.68805722157407190220053999978912275760254667950123244862362e-225, -7.52797653969792416053926003607514116097780161222515902727103e-226
4.34054539362714733289878860789210529734469510595191245492897e-231, 2.67075789927132112342257458722937303246286661678850544846520e-230
1.69338923312691705372528890850519760771006329535742835431347e-229, -2.78529544598577211009347718300706065295175263361734522285417e-230
1.62026690273104073533506841209763922732790571958289581431180e-235, 9.73389043921134943235906544156772640000497720568370837488255e-235
6.03836485976273538615649560939937281589307465328810880083249e-234, -1.01715395292006443447589929408403997551306459386950701996775e-234
5.97396880240928760291403555307528444136754077778729367534695e-240, 3.50466185348919014609228791907290884831345965747586926420417e-239
2.12761630915115936822713971811960029402487062382906206356657e-238, -3.66980113471788797583130491629896443306083725693365554377496e-239
2.17768040839959286751783011412586372416501438740416838213837e-244, 1.24775405784359480758667967204988407375106460794915687120843e-243
7.41464263379275996733888948507593371382636584911155318890984e-243, -1.30934919370079847313086787167884153578045182692561456832429e-243
7.85597322947556955633689750338963557094211678840669713532354e-249, 4.39693276205323658036271817263063819888234155153223229429688e-248
2.55812115821154061249469340236821539073498980708039541283582e-247, -4.62425326079902688620022011877591733377007104918490534525023e-248
2.80737361413761368340894894587610027959117762980050249717280e-253, 1.53505288959934655889480861820874336702749109569121550587534e-252
8.74575093825584743169487568069364488419307615481565629885354e-252, -1.61814334632092588460113142974770656503081779076854921879885e-252
9.94752519688840656651112779023469416296651741790111997130126e-258, 5.31453035094662622251954565643923107720615352039371953883326e-257
2.96571981867691178321672578020740453929543009045169596457837e-256, -5.61562890817252883072607802912088270383855996913786311667547e-257
3.49837179496742242828761978077094988135129632655381513043695e-262, 1.82637982834979870280365945228469886428514637867678071243503e-261
9.98466480420906723745619167891346845486478385198318995380424e-261, -1.93465700198271091786142201511444373250088296656836116444435e-261
1.22229583802234755822952618848024346928421639389292838194170e-266, 6.23620771737571716864768039020803002723490242865356449371204e-266
3.34058594379600371779520997401557955239709943603036192814953e-265, -6.62298716489434210348706019519575396968466756795680435699495e-266
4.24690104055410573463105951543053135456253741921181830691661e-271, 2.11774932821796829225220630600539863796208191991607031946723e-270
1.11177218646490274195067586123443855652951218226470560788626e-269, -2.25512763595481830355619446514406532960116932838501996820466e-270
1.46886775287559056710133640112587843133397353870563594211242e-275, 7.15941678471063710882438293631812304972532533186319571089497e-275
3.68412731522449929192423718127718701850633073783531430442485e-274, -7.64507924235746593421954709697509205980833301383837187603474e-275
5.06222409481259753810215035984849793664925968033321090332511e-280, 2.41189572318610763574286259097481463885710449759953703461500e-279
1.21676015100857622219041771219492847407904933623329012699971e-278, -2.58295624633748929138953466454534479754735895096287918579083e-279
1.74014860147512076546434823951581420888958040788493193766476e-284, 8.10495655324161426615542015525409976862054358633782023038141e-284
4.00919904781192745626526349314212009812280774570789811253979e-283, -8.70586181323787553716172655710116040747459892277388160659810e-284
5.97257200507828587214617020884645723053765645564873034061163e-289, 2.71952600706398341912377737320228189406030507927681936983204e-288
1.31925576295895701342404683599529363966357550535002713039726e-287, -2.93026785003373811282598144234489215360081360968312025329005e-288
2.04888104600669137455439240239708508269938606117453793570779e-293, 9.12077140526909875306931690497389398598923738054061115460275e-293
4.33972335818986557226967640755901912572588559637919723214138e-292, -9.85942037181215710653427424129011744765760977152410885584280e-293
7.03250203876717217803565078439457356961097601650726729931212e-298, 3.06068369522158298095649619193979560005645662588046934795883e-297
1.42858795941497439618426632981469094252770535013286246577373e-296, -3.31970125616967789695056490823897899737689712130662185142510e-297
2.41772224835702399087133388994976690113185795833146040653325e-302, 1.02876138471386568062451818756825617199071810477992603918151e-301
4.71109899270030609369775035754990446852013469947154967961139e-301, -1.11973040420349982847320645190265368118942205324642911849135e-301
8.33453023216783878000306111817504143833644885624509378774523e-307, 3.46728882686263293220566361046826582873022854867175027217927e-306
1.55802812537571531039454307151611552611497839522473299541845e-305, -3.78762760238163538050401611715923845804633812968834518139590e-306
2.88415701013871907663527259367417372703889834888394280913806e-311, 1.17307127388969370806027863680747730457031554199527165354491e-310
5.17301536855097887944477906611085432640835006315746937691261e-310, -1.28630239981806152323248414760924983140135012323729647383454e-310
1.00303428242678809588698323588485421215755959618710212293318e-315, 3.98849182960038254268970864735830083903612793960559854015084e-315
1.72630038572735371334016409895193503773965049377077902496448e-314, -4.39071054516824745426277235937171569951155396281866997572682e-315
3.50978182562449546840805773205330499362354444049614858261986e-320, 1.36441355903446107588429037109207251304183456567022748971795e-319
5.79687621586711576861472585538503959366724661755724762336561e-319, -1.50816460507840530567087333344645761617404736495544663847089e-319
1.23718263529688844954876197364266401153491691097433107094536e-324, 4.70167721504047371614948574982153058949004623601181529670662e-324
1.96106096059958145129842377543872973870202501585941775039666e-323, -5.21920987388299581322629385209023751185589536429789782263458e-324
4.39859092790920845658040955037354329398358506943209646716592e-329, 1.63403047480121030096870088600586021150865883499532318860157e-328
6.69170217022046219530920733051747260779156670791168638725219e-328, -1.82195485019423215397114276114294137708252873407812569004825e-328
1.57932802253252469379741545515725834104656445809873197855166e-333, 5.73475897649454156094144496782523931171820739407223931200864e-333
2.30608678718574761802230181245104887632642761529701298748749e-332, -6.42389344554853863008350380569805193685716997200502593748470e-333
5.73430535937843470912504636037705721043148001649246504156702e-338, 2.03508473634164628567212332592765115533477434095515724279477e-337
8.03657245734352811083027032109320282711168958089640217165628e-337, -2.29063425211788234268287491340968818840920902787640851912510e-337
2.10828394505144248444716519781042148310976958207305781480932e-342, 7.31216360755464314452427143845736482913719737203940900763439e-342
2.83598579720052561358689781780300295802775813576304422071800e-341, -8.27176442775649762686463118831570449629336420291853099792640e-342
7.86010782008207137141791500159002933034457236023373651802403e-347, 2.66385169218468765299083439707182189597475424190749540937338e-346
1.01479406714291282796474140425226320250084993088529198956510e-345, -3.02924968384073455645470041283512464706806385721312400923075e-346
2.97586684209283058401151992007183230632671380827964243292938e-351, 9.85376970661501454028992502720105892142561905194071071764083e-351
3.68738099732956758826507542832189852382207874488137234489505e-350, -1.12667644024337763965229853941647695474398028533760948171260e-350
1.14589247811434183840486030872808724520772353857224419954069e-355, 3.70659738059945302520952745183525703505583013156506739988261e-355
1.36262017198494521906222676816661994798220405447520368683876e-354, -4.26234554538051402708825624508537334431710919388633528544034e-355
4.49476626262215507195976435383390559248656115363192406049149e-360, 1.42006665659795746927300313904095604363860276377764455098054e-359
5.12892149437028505024559525026621444907388068267734210884970e-359, -1.64274133373900835246228516595626802034892430986203047741522e-359
1.79895798671815565906562663278668365573014409063802069260678e-364, 5.55024094561829377586970513643586297033545867814853250407985e-364
1.96960554163722121976297234351904117829694798827927853783223e-363, -6.46066048510399390884809956779274299940751148566845388648480e-364
7.35930151754261637854011009473151322924072260732821175543540e-369, 2.21680179264972880354895403441783833953361118523680938726551e-368
7.72991268908403478682160157599719103771276430117618629330930e-368, -2.59729449491889184743770669297112973047808477887175282786166e-368
3.08277106177161898395494954567029466510197218002654587988602e-373, 9.06424712218578385047142736018524974245387464421642477861794e-373
3.10590355567279986500444835030439853120080565829197325788681e-372, -1.06927100154605422480459667994456812140861820455532857686931e-372
1.32483719214110628999937474989554065416310833936013289533150e-377, 3.80140106869743089696291747175165674387822126839658376793671e-377
1.28007252103600216393909262268310815389897406686486601430393e-376, -4.51650510256084978100071345306683354598483946677720105600331e-377
5.85290972206984270823655838881424350388755019959877819828335e-382, 1.63841231763437140043324188047800615174136480816529115936503e-381
5.42216563124787805119744445210889663752286688336991634488378e-381, -1.96126011583520121745517243570087203462494301021246590377338e-381
2.66372454896222190750099290890531513341834193438596790723679e-386, 7.27241081545859733457553436929278667980360406971844093578944e-386
2.36542141618002436311417157972328512149896762133342460231004e-385, -8.77413445329706551723472464664142559582843363402097896209543e-386
1.25166690526855597738393879911971868424334766078562196234508e-390, 3.33173200257840980948744518811891965413425154427131699921017e-390
1.06512429855416451657781992335202225556401679165266658197853e-389, -4.05304910364372161165108039449388915476977111117497964234005e-390
6.08700253216702329175086389697681045719852345605152484881980e-395, 1.57912759905251192977418679893218889572214089312518190107122e-394
4.96209101627091932054884682756139403490558965341875501822664e-394, -1.93775778415664182061149275821344604598987213999915051150352e-394
3.07137494709944408265987299403732274549661954443185585877182e-399, 7.76253637190019051519699949668769174360298674938290118740886e-399
2.39763472376920397244199788543446304481461490213202766166940e-398, -9.61290743971763156623615659418578611140088711451527784879295e-399
1.61231491986209756591985533347014010938348092212191908053742e-403, 3.96812304598788346384956003252781799906058013545933112216155e-403
1.20478131608382972799085722611733071758805199696497547042493e-402, -4.96156706075177204254632248074170250913474169774728600399681e-403
8.83100174757097621603971788834542630796906667777846014647674e-408, 2.11542653155846248612517807584049460397846441087333602619934e-407
6.31355015287479097207131636042525236242615995641812719300730e-407, -2.67205413868103537064589345242881225398578217558456671295911e-407
5.06245185968554344258267922076911926216258080947335656946128e-412, 1.17969188331892306610964841656516953717820193853116890799512e-411
3.46100701651438156195870042346182382422096012101603348924126e-411, -1.50618963515667133515435412271803626110790373961883259027602e-411
3.04757593476533809788442168316732102405797782083939053465577e-416, 6.90438641165418429090035196521310807421585576402756615019255e-416
1.99121961146150552881798038816046731434718244857207680620576e-415, -8.91603453822335911640432224222040891493523980810744952052226e-416
1.93357253851425271123976103753165321946967364130573129081356e-420, 4.25608424827526486701153549423961924939638504108769033351178e-420
1.20659740273017242826569926866349971848295846730183705164110e-419, -5.56274004214617497848969136482708704730305138350175138716813e-420
1.29802239143431522047079962985942080258759210982572868592316e-424, 2.77393988332978128549067570289910284016738547078855011007405e-424
7.73037571583352243590303778792056493246415136654087887174761e-424, -3.67224467564392229855054071374171008652770051380935650692081e-424
9.25925688329664218528785958922799232182637621335373301693407e-429, 1.91958504472498877568226701998169119014224912560421043309662e-428
5.25835935038402692824037832739560514255604763327407349854818e-428, -2.57604739417624814474609377396293115588823760033791926717927e-428
7.05138776019701778373071134479483475497194001145204901461171e-433, 1.41688180149729566630848126057864825322768220836303767488612e-432
3.81502691116298140758744797215962294365870058472641620648724e-432, -1.92923223104838751915011714138767938824627511545545379281979e-432
5.76253062178951178509506947228578927523082585940684851967162e-437, 1.12115442555415989175737471473736315903549528752914671290182e-436
2.96704989532364642383434544594524764063937831582251298167895e-436, -1.55044197827849287344023710299031044121737216289369473584734e-436
5.08235129661840958245051601729737867312387644912420978245094e-441, 9.56360521512907166282538271808955551435235287589274299418403e-441
2.48737893676866873327419972994625759070138500086668864826781e-440, -1.34473003128195485777222686459613620793864423873681649460713e-440
4.86832642820423416560738759012555285130232475865961635037979e-445, 8.84890878971264991328478956419418217341939205180513809590554e-445
2.26165070253287287471599260633269885491342568028197611793877e-444, -1.26668562402861755110769231538801946666419799739045648492760e-444
5.10080333044336190708539514381272058234558912652595952927385e-449, 8.94282346880872209904560485607582680686856605771238549824769e-449
2.24577921782599951403945301152451055105934729790530819733889e-448, -1.30506065161827940895660125205387127221247559588517779599576e-448
5.89272031126791690404040535868904153383694822947000494044943e-453, 9.94856205929085588920963825808724435291321789328688266725538e-453
2.45433173500627956973930402508021871159383085828079731284918e-452, -1.48247465998101099944719099424420897621988588360101127403228e-452
7.57465332555031098142255573088916853259320968572602457336335e-457, 1.22910093074070415659026296321950512086488786882654437978059e-456
2.97812465656308869214451781504382585549995902577025455474119e-456, -1.87361312436052158789523545616898097533209529103020717008258e-456
1.09474992280235665622585195963297897070661698821426735212882e-460, 1.70355161905475296474893187601917148348932152250920482503241e-460
4.05289713070695418110781747512433021015070538419345849310493e-460, -2.66214170394278830246283290905380292641428058335486632757138e-460
1.80067035003347516676173854063553985635870302484458559808347e-464, 2.68011640613177281056522054764061982652843818667616109670850e-464
6.25823532589318674116799148271531429030116173276085749428772e-464, -4.30413188044459563877019235630018878870501202686004022968327e-464
3.41901544873623826560727381479287983983750644997254604526517e-468, 4.85224523802109016442688130796551605855610628956707220994168e-468
1.11149316494199625363339121897963090240088253334128278107075e-467, -8.03155613895611618306009131693394859697396772242810434159192e-468
7.62220968784805858557236904952081614051385042548848977193795e-472, 1.02754037423363266216985703464348897200893328432818606351768e-471
2.30742393513603459103130881076665948327130427343303718456097e-471, -1.75915899863062513153833483604253560502678274269903802329052e-471
2.03659494166826788595785639093538370083817321222320064769377e-475, 2.59575215529788061670902251084459374309422611251277655864688e-475
5.70868938697273190097864827912826826749973355452696072965679e-475, -4.61617992128261881679469008836768183767644083357356589720593e-475
6.69009256485016946120729627494302724788451496958700598627059e-479, 8.01404629821151374711223548705460424073914576592336967274065e-479
1.72371238964626474392441424662977558363936503708778122203324e-478, -1.48838477403587532114938871134411873125649000136927206813463e-478
2.79076261783198031253490740409515611952732814226547577066766e-482, 3.11769773354471768622031311899700851583885043477471356256206e-482
6.54447770663544744920309044283428048788457478126433847531751e-482, -6.08886577023394363078724004253063888803695534587111446051465e-482
1.54262373361674863156997399703767519266602769188778039439290e-485, 1.59030525904070896599321936178145148635356300872969855456872e-485
3.24706013465172628668755547853123943639764919833430702771652e-485, -3.29616840350702551820594413069081794053374671769285024863784e-485
1.19798153296724697627637397267322962001761778432070668394267e-488, 1.12253840231347338491814008176298712329634853243889817902510e-488
2.21636519295245977256006558331791347114568517153151596539875e-488, -2.50102967961795532715506116136863487077952317642976260185748e-488
1.42385671556758367631682108454770307448086930026253464891159e-491, 1.18449690453215427416734342709440215927597969843074867218438e-491
2.23567665699686082639375019983892882071237875776960518643557e-491, -2.89143464825950652729413457015223027990020740872718358741166e-491
2.97203883243900391513861752189531008941357845806689382584177e-494, 2.10630663412532211330726362602996641282075007880800613527108e-494
3.69665198474012593327327742572693163917842923388172815658226e-494, -5.81083930696882162084813490017894073424956738670186471838744e-494
1.41116919866927466529275217820708943770021484940526186219007e-496, 7.78581589658666330117250910859508756004753150684231799542495e-497
1.14956419870666391947529610481975814067736838917866951981001e-496, -2.56710446993665482947217952193445697766045778226418202612394e-496
2.85496885581144174878985270307921823476256617410128798895171e-498, 8.72747740782441564590736411434897444345740872455603051983342e-499
1.51427969558961829182123231427544253889166300030959159259177e-499, -2.92670167414575691004075196634904191805393758299440024258665e-498