0.497097715671312082149044854972873115434539931514531227804098, 0e-569
9.22447946704364055649466924491629050212268048785893440394370e-8, 4.61223973352182027824733462245814525106134024392946720197185e-5
0.0115074416676095060282604957892997735952277621182229438555671, -4.61223811512266596098939144242393505517584672789308309184214e-5
6.05691471993041111557066660153390528750090529561818313193771e-9, 1.00542622117761515467358901916237447627913753671338634711936e-6
0.000124921091334165669046388305299384448332390250551046341242800, -1.00544184282180884291960036230400735792474774230715682674055e-6
1.04807047645148070862009686255928876918254727336390260449411e-10, 1.03961829326573607270297086955354055003720734261325486368593e-8
8.57649154173252445510721078903225407077552612487036752543301e-7, -1.03967374308584544806411284499319404458519653220477382842297e-8
9.71304248087279345154557980403598508607161367507348615809471e-13, 6.85373394562177564118597920843572227666773221620136204686216e-11
4.22336326727711745575142730100661222105212320717522448507240e-9, -6.85451240625747649880109650641353386854202726968894489702474e-11
5.96571927205841360673325971396494002523290740485047702790271e-15, 3.26054124759266418739311423243587739518853887824813579508290e-13
1.60080243284251897416203531874081138812607466610422960145733e-11, -3.26118300978063532637995793687538394247058499600938889297955e-13
2.69392410883242281035982095284924525971836758030046912023171e-17, 1.19962083410978729429035082312163585439445677048857898136683e-15
4.88798933798847478653239715871122395156827096521624615646625e-14, -1.19998509234180835144882467865666410672974006853614045827631e-15
9.51273333657998507041521104956839227073566313898802744496306e-20, 3.56925393348935726923819102731961030491469520365256691949517e-18
1.24144906930501921298563885608183991332745173189334646807283e-16, -3.57080522943375028203450502542860887953465473408097826720493e-18
2.73670304283316394386038017063221038391279299645113581746464e-22, 8.86131006010346700029219773930449348755737538772176274469266e-21
2.68572734082240817557365603601930206256881163446700842000547e-19, -8.86654168216249311798276417720024266499071290876558984379739e-21
6.60512119307284975233131709064293719459104331414937789679729e-25, 1.87897492981621124284006421256212769637107805429467736079428e-23
5.04114664848110676344634708253032575176268091564162100926981e-22, -1.88042467938941367048774452204817797984806854987196340051396e-23
1.36722230411520368085793219138332519457892902147748528845262e-27, 3.46484224715210247185594962288556478470609342730410698750111e-26
8.33150656726550958176478360367360739507737275605458780885613e-25, -3.46823366440229351965730107158911992587533729011591651443342e-26
2.46934266679161707436313514467540167595571015934813083998820e-30, 5.63702134350227808092437515515840472658401051754134472671465e-29
1.22709604978781614153448538061593868189871536079083303758555e-27, -5.64385793498820021913974412572509106097516100863613207305453e-29
3.94567382623924464699834536118653258058048898739385406325574e-33, 8.18749678054027236277921176468357653425350449185926140116506e-32
1.62691606931129522265154829759263110464576785862575426425395e-30, -8.19956718306586477572024765853223681402832349504554397616022e-32
5.64166354259218261639870054741536883395013300418349487781462e-36, 1.07219872185043692348009119490021537988524888726645182249301e-34
1.95836212946530907324067540283984310377650256408392142959760e-33, -1.07408994662806478416514083146689924093339714662697429281486e-34
7.28766984281277429592243745132491315829964418670146420478082e-39, 1.27662427605053520667073415264853259900828145151782335053367e-37
2.15602605527323496838355928960608725575965270283134462794879e-36, -1.27928276658797027347139663293142379413601904209769955574456e-37
8.57431775582309717257074152827823691980748474406101980538217e-42, 1.39203182477679873005057097668670685864643320975091834595815e-40
2.18487553767250039835419120637053397392308761715121685237803e-39, -1.39541546077263380129887994608238424728902989838210069654518e-40
9.25314737143747367868139090044886449070906147643423393046720e-45, 1.39882612569911657097193965702725999318091658085324388113709e-43
2.04953015364897735427211397243770836113856820755525953376450e-42, -1.40275616213489198211825414589824033859905680766314183670596e-43
9.21552469953231313714494332357909425151060091131842267844831e-48, 1.30259368236549133386119521683161411687967089277304067654342e-46
1.78856283006790530513552113192287839796381568212951165601223e-45, -1.30678764247515934684569948868152140887054312333213252205841e-46
8.51603149755656654473554775714518145082820434324905699284968e-51, 1.12958012542993711871402883023671070182246960959523988254501e-49
1.45852555318642540496041580255863005741449901895875985974755e-48, -1.13371677555763454614836412549150348004992147896452142823116e-49
7.33713538126136437621212858724809761961663422664228834447516e-54, 9.16210527936884341871826833306776933166490033915302543843810e-53
1.11590753115909521346400620203615398160632265589667512485954e-51, -9.20001504278188223745965218511756616369261850409915627056769e-53
5.91910440540725762797551337859640202098003013829686708206358e-57, 6.97849385243090960093373398699712961790358071824216232601054e-56
8.03945966043551368088183027572193751426895873425697751664536e-55, -7.01092505433661677398427467575239209139373929139416803847935e-56
4.48859555199727066672439315457677233741893341963469597888636e-60, 5.00925899002636373088275381338014725149459246999012523423559e-59
5.47204282783798491390857686842057834019268971228768531783453e-58, -5.03526705739935077400973103646896908933074614793306619120463e-59
3.21084080185311923419276967614771268582707485238223960474355e-63, 3.39977349883604490779190306846714812469400352704779768948244e-62
3.52950802964938808966549472541057034713820057162881623300545e-61, -3.41939956655010264978944965890210673448006839114306702829901e-62
2.17358121448392921539582188023199089311568741815355620373989e-66, 2.18822289672743902244089901480930004341851961986165319084352e-65
2.16338352381728862636263878718179629625816366298521840314976e-64, -2.20220702653012492689090319099546330705399966114246454368011e-65
1.39656474480913517820924949282487481818417385282096929110496e-69, 1.33935334177284229677127884784444215889113584553128467123212e-68
1.26336229153122414327922044420884949190650109066551878981094e-67, -1.34879138759791653971738360602086690151083967213986532628629e-68
8.53990534643428979157792899845705051154948870853325225266368e-73, 7.81569055935955633988780772475558486902107713518009367644899e-72
7.04590369500771892081669035662318402039769368210066066837368e-71, -7.87620079852085639593931840107126329387266562454612018095025e-72
4.98244419437998147124280496246568035126427149898423066736186e-76, 4.35848147309367272633700073951772521473253056397672168476100e-75
3.76121076935628213917845174373205254517446362160339835312252e-74, -4.39543313928074921190350528396562635784030337038038977831863e-75
2.77998462164403741047212474674445016294485217504808605501627e-79, 2.32785312726510636252797601637010935081842186290550061928130e-78
1.92577296858839158486469235326901195054900481069609552689302e-77, -2.34939931220293267099699137639971976771388558291078431312346e-78
1.48661187494357400943108912381141217191481188294569419722530e-82, 1.19322691332222374218172551659876944011007123331119371436071e-81
9.47581675009466341548963789551216835198838968314312320043690e-81, -1.20525054264123672485919161560075999907212162149459521989673e-81
7.63469964399673655096816604212266069310111092385196592492594e-86, 5.88134517378321539087242408317108762909193154583064666151368e-85
4.48910228462824946918707437405418239284262750976825736855943e-84, -5.94569697684684794522552812483108557704471359092816516915755e-85
3.77272535125167877785127578970780593666996641312893219056373e-89, 2.79258182246076288607178085580599369885906330418255875781395e-88
2.05109317329152779817939074382962112466308261193844236498847e-87, -2.82568104562976176647140423480172117243679906614494575650172e-88
1.79708475599941883578194408460461581652765657714030188582960e-92, 1.27954535194848780851167493756407772929936332387710270203408e-91
9.05326552993743200908352978523575367876061417102641078960519e-91, -1.29593713112396198224337122588753429275499411267405214253049e-91
8.26551353340410641584366056521510698576734575492792302143591e-96, 5.66670852098717990054250198268540225730407641834837546160033e-95
3.86627928058781416079841797831092722039961243316417972878512e-94, -5.74500778651361881019967224533390058984413215980552947095861e-95
3.67669561817869371852791623667808182298111826358202627811115e-99, 2.42940667846002661987202505791827586581151074279284457213197e-98
1.59988987511131609278156320295199696061902452234181928019405e-97, -2.46554286417284549160946706990186723122736282323923015330207e-98
1.58414674136407913101122483844415439369371651232107224682348e-102, 1.00971728567583299117234011600922925124317820853319778088998e-101
6.42401414461385846140352993630387360851507318109848313129099e-101, -1.02585609734044457519498392889361197226093493350655933918828e-101
6.62086067759703564094480784791078652412854649512625274320443e-106, 4.07414090295455571259983497117906043063387035424924872801509e-105
2.50625720568035367785936587422144374032359135036704715840852e-104, -4.14399672419325590164613442661575709605541434099247558497130e-105
2.68792589237783766996506273592438710599488190089846335587261e-109, 1.59804338301011977018133980225880240206870984991774060758844e-108
9.51274461083942803266915725124264727158830367315465748723460e-108, -1.62739023466805497545036342578976403915916666287326784476818e-108
1.06140266217620356477223971573547712216551143843985489147230e-112, 6.10116118856889211526076901355017904946249868734789367790252e-112
3.51708354560982387592578823052012386060931578360899766273576e-111, -6.22098583496126587549778562782217439805361176938239860231138e-112
4.08183527223061772561680995682388859519834450048660206725859e-116, 2.27007783270962967810328348211273429389129070021274883870124e-115
1.26815135094490230395339890969685735796373548075674264480825e-114, -2.31769118815254261710031522124333034661701097172481163250900e-115
1.53064284330541867621911512341239719047709073229813609269397e-119, 8.24111440508023175043116111630586209279730585992561099436919e-119
4.46444089619462222807025883754006761903379229454318431141458e-118, -8.42547089310036908783247209366850885799256775650889823588809e-119
5.60333055986913076851217006018714593576987996990170291083608e-123, 2.92241731104589200080233837731922027787981926881511880807596e-122
1.53620596265899007425822256917306860092831516782327473670007e-121, -2.99205797887849250168592270067301437922990321240463100800223e-122
2.00477432717929097545675124240418642714433488362891831406007e-126, 1.01341399613085334938918895776272853064569511435006106736668e-125
5.17227077425194208844399237373140388180616066997942385460023e-125, -1.03910913048109078402156057844167277970762177213035792858813e-125
7.01791450571376781405472355301156985499598018810859613675280e-130, 3.44018534694051441114718121229990027857688563658901959512702e-129
1.70573353189074123111231634930061713276800893087712490063613e-128, -3.53289253077427177457892177334053778802590238669716943707782e-129
2.40622085270559866872264053865238490046113046177662130505101e-133, 1.14439230919196075466574114553698837394573408846831126367846e-132
5.51537224525989216892755196170547684860544982054226974919119e-132, -1.17713584019707353222918576538443015700243111707937097084658e-132
8.08901425377863792871686844568985490684707573916046568628194e-137, 3.73423152533088818881105619612913309171524880537354699026460e-136
1.75023274177070657415269002821690563278064101769547690192784e-135, -3.84756228961277736007698355706550567412643950897236817540677e-136
2.66884826644630722572468888309985333753139685338468285004682e-140, 1.19642148417288504824876197723311976397766181116124581834851e-139
5.45615688042607213527913620294132708948830881685552026559297e-139, -1.23490082635125296627105396579615797042782421657569698988383e-139
8.65056609661384704955715762662364118626427795224847097959228e-144, 3.76735596700731991493141748272065738930016897286410430137656e-143
1.67244100427734219044558044953575434820547195322422632265615e-142, -3.89564817745886907621147238527446013906836771392769931303317e-143
2.75722056420080381730029219282559698502964539284925099242801e-147, 1.16697576928825747358158246676533958674577660818952363584430e-146
5.04523670133119410667860609584510957552994892206039442700563e-146, -1.20901842832741610437495169747648932488872099746413857695983e-146
8.64986934139021148303143367722136032565990850773454161921991e-151, 3.55921555092124416449935823628309159866197156332913311333380e-150
1.49921812756381230296453641570349245812870034900638775298127e-149, -3.69476939796114276717147144244781699502959583548137188797290e-150
2.67334513191047628888743872361465223591131523621147355920467e-154, 1.06979539008784900280590900786997930737753740053445048526106e-153
4.39216954806319623389546287046452945884314359961065274523231e-153, -1.11283525982142720324230563158722207253861781997473385508909e-153
8.14698393521509363880809598881362485347546099713185474886578e-158, 3.17161756689689763744178076535232962941796879993346061765500e-157
1.26968583445789526331593565246157600061147174224808421496681e-156, -3.30631680073789734790943079219748901023779527112973011939599e-157
2.45028870675165575379802331753133217939790441175049938906714e-161, 9.28256455828290737342371109457303045828610032281917533572280e-161
3.62478664519592147836577458128485657850857130468788331048516e-160, -9.69846068656869138985732139415986825433588713882121042766356e-161
7.27934876087692292265978994471540456642264411164268141434528e-165, 2.68429395170390713195124364169721650775312590352409337306416e-164
1.02281849878634529824420238729984224446534259044124094120445e-163, -2.81109252080813145876775359485903806426045277905643966914123e-164
2.13793141964847369860032261406895316483104306240597399598411e-168, 7.67591383687996897880109269286415447573390446260363366522006e-168
2.85496715818274578891140920938316358639856328549730885905869e-167, -8.05797430968213291877194357998832660058336271807079638311439e-168
6.21280293608165345213803155416766802116336418042725699295906e-172, 2.17233506815616107756349044310038723376279851826405152867695e-171
7.88937652071499850219965547504781823179164306943399592158058e-171, -2.28620572706724107268096601064986811303814308772978587467294e-171
1.78787312049432210514654785124753405678178073125897523459398e-175, 6.08941304856497615754339259562009586032560834803569763835768e-175
2.16009384707386397132750006873140045172622186399383725629138e-174, -6.42540048305040992218840269639168883546918229695847726977168e-175
5.09918356337817720452289561004699891480991547138929100985228e-179, 1.69210834266321923458077998406442496466243668208772323032726e-178
5.86458916352997884112617177998138662693488749156412662792130e-178, -1.79033552946268468949966800663485058097033705226595958360646e-178
1.44256821008061168729603968194186349365378572715678899158475e-182, 4.66481938529735144669958454195085121787553358036503756598409e-182
1.58009120857146715458603989869508456199342616251758646217694e-181, -4.94959379501712786019603382793099735807619408851586038227328e-182
4.05134054908848343992128107269433845423690936587470246014695e-186, 1.27686043666785915716341469710883607656649923576793588826271e-185
4.22813940188505126016850114790587293172187877309285844596331e-185, -1.35879962502187407350236899157527867726056986463961986884518e-185
1.13042389556889524599615084214405607600570722544790320986525e-189, 3.47296728483307635293048758447117953316316003340524584978560e-189
1.12455572355066604409853273393240730074037398424129812545251e-188, -3.70715440619227622957844148928161581544932764537152838435740e-189
3.13629387552354953704446852029841756213563107409958069106181e-193, 9.39404500396426375359971594531136312254260336099946028091415e-193
2.97521720788092759896154615935463097950358479777008343415660e-192, -1.00594302483504309194886504219483592931687806126144554548662e-192
8.65919241728206242834900318745203915526297418922075263421211e-197, 2.52897833495079376961388078359656999140548292907767751090977e-196
7.83617084088965820914824805012070221521526170455569873418808e-196, -2.71707444449088610585630047666466190087560661944011615109773e-196
2.38109054217679303774379364615531554758347633143289194763005e-200, 6.78147745469208414677114383539637953059559995634706936236239e-200
2.05626319853043250391615374746210986131946605007940208532302e-199, -7.31094670322433315835333044162469865170177485885471543290686e-200
6.52628163781230589264977838110381466462011936509555637487876e-204, 1.81274782979867549098718385296341493084406675098385140263173e-203
5.38004923233401905028115079810739970388781045795860959748502e-203, -1.96127791422672582789893672263517976746761176420686303762887e-203
1.78444021457592214642137218175342736600889264648951107870596e-207, 4.83429207059167503410486866214545258534724029259384554057803e-207
1.40466027053945486154859817219569540231354658060583049780955e-206, -5.24987778655401846575103298417328407954709103426264466894115e-207
4.87126054595606909096794134331989496050045710926543397493741e-211, 1.28724539501168152693286713874883303696683598881044681113377e-210
3.66252633536206111060764289564687994229427679713765104607402e-210, -1.40332097899994343037457522377720275208681223364672947188201e-210
1.32875008107450640894390083881391690280061987280121958578365e-214, 3.42512059967010573525750373931395089702208543550064044955285e-214
9.54474237836326215216934795688999722911149373913541247912488e-214, -3.74902678264223750181029434716628581741538727346773434390364e-214
3.62468596235744586956928932556982195628056879019791104093695e-218, 9.11449555983848487510854731169458613384471968207340343036423e-218
2.48813812990159669289910025401122591592288682367134442153927e-217, -1.00182755825641659274079373696337177522841168190741076387631e-217
9.89666516955970622990020405667689211130994186957216128783128e-222, 2.42768044398371867201767858346182067777235819634064479071484e-221
6.49334091754941593530458456962253716725828830004053374771923e-221, -2.68005295858703559408748569681781831381002905338151151375881e-221
2.70688239268195420305338757492518450390707784293581553550527e-225, 6.47763749362103314202645529023845207276331775032337877142245e-225
1.69787754604629704806101097044221180353936954718879785080387e-224, -7.18351953708160076623803157154466403284544946428701303167366e-225
7.42313731195329615596629594606218010038242585338292595170772e-229, 1.73291393410304747219108151245662643865229238983602059491026e-228
4.45199780585791486797225686978842324482124718466820457124739e-228, -1.93084448177986788251836240806315091584396391200231412281621e-228
2.04279318819263715565698494662068014541930239701970189170945e-232, 4.65207894920933398238423665332580371323067329102094825124422e-232
1.17161657707208546394592830766825033734413678163118056165113e-231, -5.20896912696779754752608075044355591556161338552419437071951e-232
5.64634769227409032940660810759479498464535000408763990340897e-236, 1.25431766060586303878337687439152076745713362919410261383139e-235
3.09724728137849205822168705239831175692361997516293467339812e-235, -1.41167754433244230012038808761612845726781763040080145702124e-235
1.56895928841772063196529682594978477579977505772463928073687e-239, 3.39974123840601596666795663116771816690250559031452424814102e-239
8.23210301112192709611639842746504009437032229438350974716268e-239, -3.84671797719488951961113694101595530333128487092314713364573e-239
4.38691147542285393041111629722164256237350806932328614416820e-243, 9.27165145106029617568952274881529078775306341411854864543832e-243
2.20182410323512717658274905514676917348829263755524505758844e-242, -1.05491155260692280758945766636673601984655042603062833252758e-242
1.23543546082860784575655625324502761262047921208601443965906e-246, 2.54650532831011243545158322353007160865617478000951061176207e-246
5.93187647498671836142159934179437562356575126728300458627037e-246, -2.91421101851506547020096363276110103064130214557121893480973e-246
3.50764391208020950629163318255557332222246819723245879460848e-250, 7.05051429089268588000764202834796649929431993145190285438018e-250
1.61119881923616037885894222203229552347625381983441220538796e-249, -8.11751398570278228251138399670791772708412753676275867518373e-250
1.00502230631476565819972850072503332311161213670514840098236e-253, 1.96973647477596330821186142260859379132571794451369811731502e-253
4.41645326305659362536257680856598906240119435739768656833066e-253, -2.28218266838266829782119227873864729747947965220122855306000e-253
2.90899122871943364196175486614092287586559077750558777964775e-257, 5.55827246053571160268997220300056685104680325368421835576070e-257
1.22291538853110490152819479406575499418237434675450595378230e-256, -6.48250050856519574783662773972294515082955729094961694869668e-257
8.51470479995042604638498914190302417227794038827110142502306e-261, 1.58584583793900053368257660443111647566576489356593914409371e-260
3.42420760056845438741186585995055580383927960876442665202320e-260, -1.86230707920272782798790510791453827992768163484674874706786e-260
2.52304223553140096311599104524943604817961201365497651882554e-264, 4.57961969718215358587537952773391770561149813197861236137939e-264
9.70555025882709529914763776610760999201053146736018595463359e-264, -5.41678684324744818228177237401772500568855883332079182621917e-264
7.57685394439386993747864421725503976315257566918055249874692e-268, 1.34003759161579835140257185902325105273878631554637459910147e-267
2.78770025217183327838799135535867833273284466709669902164087e-267, -1.59695827414378133258137392834535994419071085753703131264127e-267
2.30866129885871750545752389664802227877362178900259728973909e-271, 3.97750358219093558768776465510336878810450800508125174875877e-271
8.12311072900680761383336990285658030103025751571358996749907e-271, -4.77751630064707607755206314252014258100087726688635008582602e-271
7.14583442920905151492834375203536594011074915463097408793807e-275, 1.19898430912757353948082808419324327078918962244826647298003e-274
2.40408595567977354081842339524456454715593384994109905195619e-274, -1.45204506320568796302866172925759920948124876812345137245839e-274
2.24957323416935757890347359054520794914090525156849910904545e-278, 3.67491072249295992916517825015274290707750530605209815800299e-278
7.23515114791661597958535713118055388926991869921018194091008e-278, -4.48909105030745770357709556394145805903999431670340852714885e-278
7.21198733048813033004005166085564930947679265932818670728982e-282, 1.14670251714465955543052508897528248685336904262927285195396e-281
2.21693589934617352770513352613160708619759899205274648168593e-281, -1.41347585292004053664668699936739257482257246807462480743515e-281
2.35772122891070646858312743513655834067251758237536170199384e-285, 3.64742700453615339692716995640047191189207385693820425578448e-285
6.92508858990070340138720515046515578362315364007945683724458e-285, -4.53882243740710685010464690943239351428164726946352847698463e-285
7.87066567469107892862206846618339343756978725441960748823388e-289, 1.18423576886520210450069262512532212144926979869203034740775e-288
2.20823641433127567431174909417369534111402245989252488664878e-288, -1.48840040220215222467460600132705214023500440619502377751247e-288
2.68680844173817530231571886451897040058964797977981883492170e-292, 3.93019336047455382925459883901930448098589751676552959536156e-292
7.19813084644251088588677652537165817144223298143634690554373e-292, -4.99161423006098537889408558511798449293205329429984160165786e-292
9.39336244642779158672322450303364435548931496583962991948404e-296, 1.33520832412257260999548556318919957299947208325867562192979e-295
2.40204083767559281474082503339570053721241164401185651970663e-295, -1.71458083333776447056122819318477311528147462421039003332201e-295
3.36859073113957049293324910275682517493720108504603542368853e-299, 4.65058717306121386712451380518875644320737317692831820758108e-299
8.21843311991935892777105608064492538986429463518986489766625e-299, -6.04160660745274816894721758236109119787058681164383428006585e-299
1.24118193911900362044891033067337018344363111212347099472483e-302, 1.66335954644368718078367464632509810663315046857281310752758e-302
2.88761097567332770377847756846561811090128470213967218802899e-302, -2.18745855997154124791752180494126132646793520853148825427695e-302
4.70691806817448963474451514597350887702817660866131436045252e-306, 6.11948029307984910666511247086644512983034966895027452245579e-306
1.04365448033841860342223271855532113655491297120764190275625e-305, -8.15215134529192786363970031642274229424768432782452031975188e-306
1.84054327577035477233521967401443887779071440640998070782532e-309, 2.31985682025753588246146315345966630120640704664651482575441e-309
3.88694198073928088401150261666105699269752342045360531158612e-309, -3.13286697508221132529004867351566542412740441544761394511089e-309
7.43536042086058648874211997615476942535587843464918353159985e-313, 9.07894669321313268239705802435544459438156150617016501762672e-313
1.49450870558708661633532551742858037186279880117140573386563e-312, -1.24389996004687050079450453620611308246678512899397808278288e-312
3.10950760622101560062303370577117492668832146605352615707059e-316, 3.67529305344100230505600468030687584287138807049183711075345e-316
5.94399674970375892663432478591590269886765478670809509998011e-316, -5.11314074066912519661398770744975852683778743666956084524998e-316
1.34913512958069652553825755478081479230750789906446020035199e-319, 1.54217926042858157601381895777524157748423824382724577676338e-319
2.45046332003513791640524651085026823061773873624221456316539e-319, -2.18065715663272247485565290869441766857319629417088169649717e-319
6.08686140216285896773090051270970294835570326195737505542452e-323, 6.72237586368882067074779963808553548153695420661106022151816e-323
1.04944862725167250829551523158294658240393110872042975760836e-322, -9.67123935519871431848305515766463558741889727541114808926953e-323
2.86266910175818218855817033147514123841766026138060073854420e-326, 3.05122701475131009868738281849548105157048155789547029689026e-326
4.67983711394539226915318667121806723508132547239366525206531e-326, -4.47131565927759562705850481170908555587316914194310282345892e-326
1.40710795531543460213630328795344493735336160884314802774199e-329, 1.44568989692041216425473264088864530029544275520646832570182e-329
2.17839010221913231149950083473978343026993091096509536815622e-329, -2.16064448121838777503315655341264299440504978008761298649324e-329
7.24907456457100593503264744165548044397034597334940706647666e-333, 7.16940661923463258950827675809817896196704399792865695825137e-333
1.06127311142726829731896979927900356474832491129256202330220e-332, -1.09431867151359082554288349283769527696511304440147273291584e-332
3.92598230955481420101771972329935867956807721252115780873068e-336, 3.73197530073699591451874828985763013924127470096234185466989e-336
5.42671094057536663599480935091983738966707229043908100630575e-336, -5.82674089930659656166560258338275225284247132740249676092311e-336
2.24253508807847163799469230497419662958212979168676694825514e-339, 2.04537277811208384153443910289182231865057948726428557091747e-339
2.92135721637210009022726192709615461315478844684084717863870e-339, -3.27220394738256709023540392590918564162222364101092997345884e-339
1.35576955855452512065745477724229532906142117368953076200433e-342, 1.18417550711952065889190658444542730134470670551810232631634e-342
1.66107951654024998808885622755863582415594577769890699555596e-342, -1.94497864291270561458694015037479664400566749736424539941224e-342
8.70864383117363765075270770690368314984938484421994632509533e-346, 7.26798794883767819943267996228079706159506498994666424080469e-346
1.00111366000913913443815149557893949653305688900277028016110e-345, -1.22830837462921314880337692732961500733031586842602877877647e-345
5.96823244241818136452949692823682083399926394248534883873177e-349, 4.74720362864939506443594904491165805280499270580451750000562e-349
6.41971305232270313277617637398740082464223331525692616754138e-349, -8.27610524347533104430159460290098240768015573280128134060055e-349
4.38385663902082093341844427367785216815984220119055048505913e-352, 3.31359749880869359002898932650667600551684309610213096860947e-352
4.39820791678124628189960287707681793817969544087038775830222e-352, -5.97654336027912418305224632345093218256387168731610450558830e-352
3.46869536468519798727200167736181538884119547030419943208765e-355, 2.48296990183271774913812555744331679600864775303247492783820e-355
3.23373405458619517727346196767691431588680355783488595853859e-355, -4.64897260646207684021198687924955452943314193359001658613062e-355
2.97296752897896428178408695026459492606864439848433176792039e-358, 2.00725485348800293507138377064449698462090471713338866071219e-358
2.56395128883548648549291441904355448326017153243779187918493e-358, -3.91700352007578747529009575867141313198530543448938062455133e-358
2.77724449869918460459394685501724637834317364958637106141520e-361, 1.76011498421616809872459653247282253695622992076088315754784e-361
2.20386410774012923901260547451960293490176434310618239931245e-361, -3.59680748077592150628289410876654340801463967794330466266849e-361
2.84736779992724776577070697250690555334323359072237410161225e-364, 1.68404855655858125099844198626094188327890684592956462176451e-364
2.06547529998009847734791022116938392862503037426498828934610e-364, -3.62443447528255042106036685303654066867945291732026656549966e-364
3.22898046801301013856949231011847211713325305222125930799184e-367, 1.76949302667683271970486671015923492781385436676761115438852e-367
2.12378536988805765550162979219343884563315424440331103370637e-367, -4.03919381776719629177785095116717202136246448816271405607140e-367
4.08626105283612618620569277497365785651174400510849946382171e-370, 2.05625752703353516833895626255469304740084056208488633845469e-370
2.41182710261395214565504504560710833165423827821893588034833e-370, -5.02234924943255931893661163458360386140608395532184710371246e-370
5.82951802840575349506341658112161328706390000174306792546607e-373, 2.66274827646220844458009534974391941499597278149386390778612e-373
3.04621335557266830406625053254185123514397172515097838977759e-373, -7.03812656318854409671567194302371263143088832344350110548062e-373
9.48604738789857974753003712321229230200284018847713795622478e-376, 3.87316221929680466197336122185545467854550600780362153572756e-376
4.30913067915177220347503028864797587842818668025378833122643e-376, -1.12462708350208959709073355214398647254870881714029569708268e-375
1.78507002111283469966935952898711182898728094477913633550267e-378, 6.37844691427441512323736545192856936573885362694764263124607e-379
6.86930974970245630625259333845637889575695898544573955266070e-379, -2.07720945417110188965500072536369056442540332132787089385289e-378
3.94846525017394316536373492510219297123563160572293729773036e-381, 1.19714430227437630588400505134633661865816029153437900212905e-381
1.23798746796015073482146319557796394829806379069622882319999e-381, -4.50693706171413521200878450921126063248010213735961312015444e-381
1.04700178364302660437679215206096337258459203138427427880851e-383, 2.56554630274847206817701521124504279232259578817478089320127e-384
2.50737769834411999284723550611582906380999317476303510895436e-384, -1.17121877834457482373910247446142002157447412355594347204433e-383
3.40964878506468520786399331883752652541521916144826253493994e-386, 6.19252705369117582863811405998997059912625186542012850951631e-387
5.50215877264669186540313083080966287279082451240259620321651e-387, -3.73300778181578291655122790958769593774107230520594506860746e-386
1.40576745060997789066372745385252948482265611901003523211286e-388, 1.56170959660408510484906615874129855914721376835382192324966e-389
1.08716125788520619560779735829916307034981845639133698712089e-389, -1.50321372995031148547188455560530278523959702106133011449467e-388
7.63186480237468570870158977117491278849580996497239976159644e-391, 2.33258017496384375279145900539925381043967960547113795165092e-392
-1.18117383091085175194646611256216160699840750555961317160899e-392, -7.94323398041554575607684619907708849029911311680650943096918e-391
5.75086678060621285595766880110864692273488991325098020265594e-393, -3.73337389423806446710602124592283231091122122786226903448360e-394
-6.99971710072532386252767345294786757899219160132889024692172e-394, -5.78919220124761807202112736040456082363765755540107422848702e-393
6.47455767126133458836165220162349350721387888365925104162441e-395, -1.19654127954784851309006662807538597652813476163806791215097e-395
-1.61523921963392858304605303337306616747114853600324911353463e-395, -6.22052393497355763833766708934071962989229992452766666793044e-395
1.21295375503299584189662844971052961656339170194842328796376e-396, -4.25240146984561181524541769789525722983067093131393137727265e-397
-5.01177721084312350197592213300393353919332666886178279303735e-397, -1.07329402356129019242000317764072078678931434231301673849538e-396
4.41169374214781679199246541368235430658942950120857092598775e-398, -2.77339537249548992692992712621006910835459364178761044797418e-398
-2.75213328468420529801280833940334561131524821603064278476968e-398, -3.09787464528332695978518254701409465720131963405009918160613e-398
3.11902498670901500818729483811907013890238488036867921761110e-399, -4.56443313412691419222826248028277575802924289792611632514348e-399
-1.29818975319862985959736663092105388198174153231519658637439e-399, -1.77391535107567044794879403206561187894987154430451429126740e-400