0.999916338990520083223587533531735134709579763710300451484548, 0e-750
3.34621352474354152053439952457661931662979063777719713837332e-7, 0.000167310676237177076026719976228830965831489531888859856918666
0.0417436613933920132132128950436025003487415178796649966289379, -0.000167310607956679461310232046126752699199772026570008982508685
2.55542128484340109039616680608699769562666386726776646798513e-8, 4.24190810790624083143114424119343325299517649736118788961572e-6
0.000527043967750417328080305926467373385059600572931819718494247, -4.24197429372094909081177730728737125953464696081491533069236e-6
3.90394929847159606282681034426913389388906947893266437208028e-10, 3.87246582922030974732408458314481340781919045731058494650360e-8
3.19465111050041173014264907144951084547823534461016793837120e-6, -3.87267318080554630066083364127238145331068792446561900658705e-8
2.61934826629659839364180110095576503505737379489743049491210e-12, 1.84826908391214877536174058419113036541423707274983112926837e-10
1.13892873664223778124726215884110933240409770377103664358115e-8, -1.84847967392361350819361861536771218187838171788422747507479e-10
9.98750217066931597129697912884620484667205627318019296349114e-15, 5.45863144120967863562047515691770152512932906721410234749026e-13
2.67998294073396592929148491566323176144168881409055077516915e-11, -5.45970861457539623118661970705394767645384665687748265986004e-13
2.47148083664200183306707313023683686807233022039570347742300e-17, 1.10056548847021097131123295508644697572973565387819523014183e-15
4.48438019201680975672916615814537812840006829021762569865364e-14, -1.10090039210837489641917716645003401685383632374125263461016e-15
4.30790801577513855425917629070091015675648085667541057580973e-20, 1.61636167927563567190983080659415974114745691227676915855432e-18
5.62199371931662968104871108171683265530379460623387346103384e-17, -1.61706549782326676167271042820704590407571896618597067790565e-18
5.59310099244509314487623206806235988160108419409452136089246e-23, 1.81101863504413187189230619057349673325698694153048851262260e-21
5.48892530932981109983589629804802874589014477127843548263609e-20, -1.81208957088498244241327455761996919769293441447451167123407e-21
5.63357526876370271716900858470852665791446576947114852182719e-26, 1.60259689199057409571621219893603875337044426764942449315809e-24
4.29965016257668224241744620197235945602162993921507743654846e-23, -1.60383516731971137129959225272167826601560275202173764303152e-24
4.54072493653373998350987106367586458673687613059655646397290e-29, 1.15071964123498384207056670121197295292013663064736523484093e-27
2.76700627674840008417623190735220392690562329569666178582418e-26, -1.15184741692893678519040778630656740805439528894058119866047e-27
3.00117903576435858255210004307901184290941901901568451216816e-32, 6.85109867811753486439822384833594294741124234885294517113773e-31
1.49138479044990564240355232116609368197187745865163834136142e-29, -6.85941730898479527957119957248589062342299345127031990331186e-31
1.65912091905795781723075484729875633748552204280253731432085e-35, 3.44276992512112002579819222014156332440190918912827814742479e-34
6.84104866514569004975745065233963917981800170028785678025756e-33, -3.44785076443621662132941410144756165760442250792908753953144e-34
7.79809946579379498966678284900008744388546792654779533631886e-39, 1.48202958523914218189850964903183417280413609640635412741243e-37
2.70691942438520823501340862962481157025585237660947076186480e-36, -1.48464622365742286162894162174551886383942276130592023649347e-37
3.15937328282760121332113611876839948077810858058827933376631e-42, 5.53446124338485424698290186328614350891206008503234965632781e-41
9.34688847074408987728495578228023989169270231884194526268732e-40, -5.54599667874947908245121223813417412519346273037782237932125e-41
1.11638867561143238474363676496864788206016867910763472371105e-45, 1.81244573565766335096521267496498338114138128495787021350687e-44
2.84474551147154354322495803233628098024451504113120899232978e-43, -1.81685491929653569623759200018540287583730141890707173504932e-44
3.47567573430824709128083381602369587971693016322212969836845e-49, 5.25428357124884730115243209861485411041270375708731589441627e-48
7.69848064568962423035767590965708332803081315671123826264817e-47, -5.26905698146994950937491714944903284229246095191913298061696e-48
9.61879045905764932775791571873681104123727782579431044113254e-53, 1.35959439017094953673291245644916092935801575522921844158303e-51
1.86683357340493003610883490312092555636172935377369400203995e-50, -1.36397503250734821191084751025549295351665996652747102240015e-51
2.38478964189099478563367114824473696251589581385713316616862e-56, 3.16322336710961824632881680326771955024535334222582798156481e-55
4.08439686467190251689815225527677564164905797093651588597732e-54, -3.17481530124530860261458360709116465940912996333264439932723e-55
5.33384865308420681579867696759514307631259497393562284343537e-60, 6.66053989252898835347786960645615918141394071295364482463109e-59
8.11229077081338404390253170462171055409523891126372067223751e-58, -6.68811662605969906431983454294250772658419371399985344461224e-59
1.08289922848996639744499628565704022895295358526635605983368e-63, 1.27671436271944822363598150357421360620629345003775144592342e-62
1.47082200830608487330490499843537368836095573164716537524969e-61, -1.28265123578519426732970288185563861283321045354802395719147e-62
2.00687332013935867901569038788837019537735467990928284229214e-67, 2.23966452408012633853217617216161046439976090102814288125047e-66
2.44658472773159146535230538544944370961120840358897227385334e-65, -2.25129953662124130520677455135563677593858200731778993350063e-66
3.41220956269219114932069296419290804457443992928868038348697e-71, 3.61299122554457944386153559663669852872683029490296393982717e-70
3.75087385572772138752631529661750205016138237020868959337689e-69, -3.63385954323315626797948932888748687249514360658010107271441e-70
5.34734270349478124956557635060880048281238227120204839910411e-75, 5.38336348440234468667074960429631076010151102539329988973122e-74
5.32227243807467383476967113169741498366161194907411200587738e-73, -5.41778451726137707700134658223078819575034474478807631131624e-74
7.75638863893372049507230425443053045524934556572447523736505e-79, 7.43864191206155751548081041718890826723900968162423522026510e-78
7.01661926820347480623675074477995499063299126337184354198806e-77, -7.49108605064973933593118347828742408726590570158494843950612e-78
1.04540535307631017261875577461195038013189571560871150806827e-82, 9.56751207102542265439626123497646788488747709063064856443970e-82
8.62521557983201114675571819802492257701566604972466380748341e-81, -9.64162054690317402863496307697403003505932736174698403237001e-82
1.31391712878182080747289315375780102076069878713380123183504e-86, 1.14937232401629164369219818861836029509672493291355010848670e-85
9.91870277270481929220683833959843822748817569503296984491943e-85, -1.15912129203235494707232849206467399215711665351229644224424e-85
1.54507427299000939949873269763516410275223373760189743029033e-90, 1.29378628580672542918903572887761521421267745067900083123196e-89
1.07032041914503006397100698829918884843677135039894698752597e-88, -1.30576661817998171841520575958038341136498455305650716734668e-89
1.70516972422103383952219731368260241848436894500544949749829e-94, 1.36865206111716230969015280877326355477512995101550590131457e-93
1.08689730126318599118839570385686983323052578609876885732389e-92, -1.38244923544945498192549179569471471597769619746193173622286e-93
1.77121550331057054154603602698936209458891450278466974410732e-98, 1.36444526148671181630967250205317186432629349740067338053856e-97
1.04145588450825987979145246399603375376959025802487431462593e-96, -1.37938071164999224380248510039215404798846189063007494489190e-97
1.73631706131714133003910772147302652027660127807609690902404e-102, 1.28522672922746621189349143462235944364876856448090616302727e-101
9.43976644694576748663311920092083437077621649313328599414321e-101, -1.30046598914379193140826773304227428155429621420650208626784e-101
1.61041123652096015562180006114783783071093609544718765412403e-106, 1.14663162409946889949784363293072007588270324880827369194252e-105
8.11289023072442811445478323759027010750280658717184433525885e-105, -1.16132633644307737792104513274987544227158659452098197305616e-105
1.41653161187814737483752918877158960667465235206386721074356e-110, 9.71152212483487034986540720544648402607641666384200386154427e-110
6.62600647244859415232543033964664518412306559879755223734193e-109, -9.84576022969539131787117203048985522797317220199969685033985e-110
1.18432453613122215557348044644165047605196709041045439677383e-114, 7.82552116448119599170396444676210944424478288904110751327955e-114
5.15353750122523009239118583410222044938541550259358053243473e-113, -7.94196388705126010317518005139149114542199676464043309745499e-114
9.43171553994818253693388122982707627914099765375958135006427e-119, 6.01166922583362441766288693501873473869702502991491524909999e-118
3.82475988453269190794052878698831501472115826698988897327415e-117, -6.10779048751120691270387666645650376745056020767829248212496e-118
7.16900578067588542742232215504186420234945123997715651156595e-123, 4.41144151898538638162533023109206615656618542120973731708117e-122
2.71376742291991593839095873932474569839373498960082223067090e-121, -4.48710662469684001892463123546900606923176396370512125644964e-122
5.21080481994575862482148907732616564241711256141357260165080e-127, 3.09796195880426877795551306649611742092279928365438718960768e-126
1.84414881520625170476345758149142903919613074159648193417425e-125, -3.15487264287702627386538314714953645425823265838777594914298e-126
3.62842547015962987385285230486511259868726915429234680487425e-131, 2.08569371860852765688302075123661243118013312746212295724695e-130
1.20232932586321542512372813751756674731798057873961842765927e-129, -2.12666932933397162171211017571515983958333747313633807892375e-130
2.42467215362375160262485645598038818779640253484424326042995e-135, 1.34846071446721952835854882804761319153650236044748171455898e-134
7.53306081827671115696446119253651355060685973715819323331792e-134, -1.37675275631163008200740959493091122847483408404487768603362e-134
1.55750800930423385356348624228125224934792352659704094222232e-139, 8.38575879908503899134514799112924097648323324232201613085766e-139
4.54282966324949448776933185114438841475786191462170518333598e-138, -8.57340930028811187849192818586475379427234828114037740318124e-139
9.63254356004266382889722554548553722668825460736438849997382e-144, 5.02385353648130536498913180649081870055587134665202160688078e-143
2.64087142441056726228121872554619658940111067087074562280500e-142, -5.14360743849935743253130714054751256053199294673914231610741e-143
5.74445177245194916146773192489621723995682530793411508345767e-148, 2.90382201496580926184508909834217805513279978121518010897057e-147
1.48206600775261767531382500221381873176658718788536079962537e-146, -2.97747041453787023642682790635568033308627970193417517150310e-147
3.30819727481039702790837799786227277838356062079873231991677e-152, 1.62168002763860500852675383650629863393402242214716334002491e-151
8.04077374161974999430990721613742142545578596036259893317347e-151, -1.66539432814725825237136388351786680080341882288010192875300e-151
1.84240294416539123133893932779816454715424972683441867580447e-156, 8.76241994729926820416560173557657138758184991862455831624966e-156
4.22306168465838882158631629920031449549504144978595919181414e-155, -9.01320353970083703728350826658450485610549350511766621359723e-156
9.93624458111717450060920571615098020964396977674575433967842e-161, 4.58699126916155198067349120263745738836383101730596861699386e-160
2.14993870774871258896061930540051805546230168916475838656765e-159, -4.72624177316211387547966467685278951504025287838615607206010e-160
5.19611758555933763766729624232006063522857334992929045667517e-165, 2.32937435665071044515110585663527014303312440002091022496175e-164
1.06229633545976133587945927635320040105454915741279427593054e-163, -2.40431250647383519877521479808811911030867188097313848750030e-164
2.63822306641189122220103677711656395197965851585558249856977e-169, 1.14895664636719326174010994843430249870855994462071965370402e-168
5.10060495673902097444687403036865169232643336537218190958602e-168, -1.18809347252544140249052398235566837363691910995969222494994e-168
1.30214811134558192312017220713066153752005474467802967169757e-173, 5.51125765451854455549422109039159172091687700006604517402210e-173
2.38272804309451313485584350712264133955762146925894429068204e-172, -5.70986513483835986850938930517914147947439117490802695154782e-173
6.25534300431003144696113022206249763968921244701843533698922e-178, 2.57392490205041400444836217383094526535248568139725890617230e-177
1.08420304261858519025714926508756046836012341039981445864851e-176, -2.67197958015152404597242942212592039527981704780438870528731e-177
2.92816550286041582094707453384118048807849126284414214550327e-182, 1.17176713136762396168193153707235859287494478665549613347571e-181
4.81087497226717612283774884230637225297074437001885474836317e-181, -1.21892182010417988149828275478742980110232288863101685243545e-181
1.33719043312638622706278602068324910826165363584156986234497e-186, 5.20567697409869385712955062922668387243295521417408408521235e-186
2.08399769804371365832799910746059052487487673577791030824595e-185, -5.42682009576245989733376495039054391135299568680321024427270e-186
5.96392387930446210097553718442822847186890831005733296184001e-191, 2.25934634877047018478988652091089214785005432627355747282553e-190
8.82271041791666689225905633305430774340751817567421526372617e-190, -2.36059990594342694325890475735005355342451480644435873042713e-190
2.60069746974146802389488009955848275166593295310521509639697e-195, 9.59019373512980517709273692178884931736611041874047663903458e-195
3.65427153346644724082800248675792211976033491670145501051237e-194, -1.00433218493004536761802608665138936747265287390824380104099e-194
1.11003041841132097179461401026737477003469115234363016458885e-199, 3.98539343672777433365859175879877517989932548607989080606943e-199
1.48233839732312253504551461339690564455811336938359473640139e-198, -4.18381160345401550307414901013604751550032789768866375838064e-199
4.64223596480400971875128041886865295910633944659332262741635e-204, 1.62317911653571277080669122176515110735100417655674639574897e-203
5.89505220294619830235455683000949566953656573594097567259136e-203, -1.70828481469338382921048291903698665488493937865548815464719e-203
1.90422953269886866175539859679188572204707335824187903080940e-208, 6.48571759984469378389403550099288351814360806627038263422725e-208
2.30070415058659955955026891177711884416058886667550706629513e-207, -6.84365893665254259344195878207998081734171421941865382632909e-208
7.66932110723588044729547467975228115603541199360476643406771e-213, 2.54498040065056147255920555778519520238920012459133259616876e-212
8.82063090932683676751646654591228980557387942162438023842064e-212, -2.69275280312035085372344789761611768503971614225360729256136e-212
3.03584787295723692628149687572689211080756639754621606482680e-217, 9.81699299182066786117196691299439341525750099814637860205628e-217
3.32530757472256929559315618797388185122779528460606361514976e-216, -1.04164377657986634302129085263649246135270572157186924953977e-216
1.18228823918657878197323894189477376232322039591399037259197e-221, 3.72621619699361010973364635648534410656958533008347150616266e-221
1.23390061462377776706618372418262341208322968629301395549704e-220, -3.96539360012007210172569390798451074845011779528452120448395e-221
4.53437560452120389633578309281455439079693068991975837491072e-226, 1.39308255897423012779582848400751570190320305868592537394942e-225
4.51090484682857193539596254231910319091253914443041826235536e-225, -1.48704243183563413508771927661478862310186175191340589658373e-225
1.71430950540399814432818868284656851251989334418981208090940e-230, 5.13481876496683359918062210349941343730388557536257262951139e-230
1.62628986248951783624787400171887952597400540296534320476996e-229, -5.49860675448454547436100404682020914814602536484910698559351e-230
6.39532392210798579883384184804525682777656497722370861583890e-235, 1.86779954349140059749373336499314369528227126480760120153825e-234
5.78756831821442895564360158444302548145494414495943298433099e-234, -2.00675231467773842345914452216666352753456878315432063164078e-234
2.35645512533620345741284921387372355778137933585309120497534e-239, 6.71131442605787289149979958052462013008159123172591889624403e-239
2.03502310315750104318271017481172949364871572157802941180560e-238, -7.23542854710799420740306485543360731110394039341001527207242e-239
8.58419022325148454452510603899902729662526090463377835485223e-244, 2.38435499130472334851704848812969152553448653453268004210688e-243
7.07664585245616689063722098494482375011519342551091903930405e-243, -2.57976620990979625034945444071992250567015979552471839299656e-243
3.09458485038989434638423674658874075274374788632233695299474e-248, 8.38365268940563115555531798638119319946572459865687199036736e-248
2.43601362207339659247880170117317635333766761046302386712199e-247, -9.10453158709659862102474160133047488220721572620719910669808e-248
1.10506433283144642225946311508274035265276083904011731567945e-252, 2.92016606422300802134476787151323439819497090473031496166034e-252
8.30874300537898345127993709548890853738453929775498283077743e-252, -3.18354935935627282900413955174115612671108314488212617181397e-252
3.91268189453610587411468151218117872571331275492000892536179e-257, 1.00857245826805117885740235198451278312869749317297271310122e-256
2.81063325149953774482355764383939714098356030721769022890638e-256, -1.10397315279488113183414392605742040565500063594400511412180e-256
1.37494151673621727000374225122230023942060788513842099881330e-261, 3.45737492281380147937298811435587547865565673458651127185079e-261
9.43837968089779365295019225546636268292472182645763894469978e-261, -3.80028293283893102438135144859400328337714716776168938541983e-261
4.79997952352849934585002270732236597226685441080636349331533e-266, 1.17744878917742036372664960336302782048443809952215458807457e-265
3.14940299278551436130655622452387916582638795944481195313192e-265, -1.29988043378186715591348843318423527949511455138778806673832e-265
1.66634666556751945101250887847710440102028253937301291293866e-270, 3.98760938688435845527018290466525919791919807566759348239464e-270
1.04523101146821133146923399957059393747428179291139764415031e-269, -4.42224906568186733529836661620968389434363554823401366179398e-270
5.75825331154545380193988737663382338575147871694049240200837e-275, 1.34425068274082804544981022002724832029923222490642782766094e-274
3.45357282748429683477207738950537024891164650836790315598690e-274, -1.49782464573518453306763783344653654639620677641611853252263e-274
1.98266003406700211644417157882471629564083959903121085758715e-279, 4.51513695132410945869517079162230571085204420733870267085121e-279
1.13715651467278545456646447587665451432605768053945155972377e-278, -5.05576081235012761991188031493903675128232050262609268372349e-279
6.80887286518843200336901240077187189108545034095608380947166e-284, 1.51256882308396700260420716103419441592938235458961852101794e-283
3.73503675854270375275247570238611655401374171568551684807218e-283, -1.70237215187553987370073266187245765114091124255258084533303e-283
2.33461162996759367681619628170862740079340579470928359612280e-288, 5.05881541519638389253347823528165505988772746803488722796798e-288
1.22497068970272945994807978677956881975423507790804370533675e-287, -5.72407411235019611850223602929329360985254694349063158674635e-288
8.00047612803220689311187066956712127699646627687415505070509e-293, 1.69088495441985406010441491834768923898295971971119234620514e-292
4.01561517897742952269650806576010105467006457409789098979381e-292, -1.92391337568832221534039390796893648542439546323768797290466e-292
2.74306012403684534092382859035824164547081731778264906238569e-297, 5.65405271518581160403601411392264414468443179556075324615078e-297
1.31710522607748848023417429776826940178128161300028030528654e-296, -6.47067176561087676023342108176090926234576069718529489048118e-297
9.41971495918436517423993418326207806342336595618933719792956e-302, 1.89340299644265289229165060723456348942528063975401262486271e-301
4.32698265658142428826321890202268165407995508472559164917804e-301, -2.18001290786353064950890205100068524776077734076278494205637e-301
3.24337239126780907783962647234859559926183180486171870012112e-306, 6.35666378767983399574096632140889289280225740212649423589118e-306
1.42530956250536872931831371055896003414599958774318757793517e-305, -7.36522405396991853566787182707810731343817887642174878739066e-306
1.12097571295855643844868579839324749207209222729013621795710e-310, 2.14187254081537364687230201489751943572607989184417285810849e-310
4.71265211592237673221167177336125020697196699526434673852758e-310, -2.49810984673700656308230536679087016894754798333346212305112e-310
3.89341527359689053736520416284788186115412316259867168649440e-315, 7.25140395593950828561457859528190747805893969777920032160131e-315
1.56580322956128005519888345761743021716695671101832514681860e-314, -8.51585762080073105430845369636723863124462842816266462493351e-315
1.36052776634418173728372989757447422142714680908168278621513e-319, 2.46951861113048264463446799038120843320315888201861958059008e-319
5.23383294509505825077601432112359497110029119664027579239578e-319, -2.92106647028708374956725782297429718737801713497370824473965e-319
4.78902038335463227524879013036785693608367931083145645330942e-324, 8.46983113018538028182459824350059304409924990642842646735679e-324
1.76206347410840064690564199659999599414916534424811322025505e-323, -1.00941334792062723376379315645292754216885397974169373572649e-323
1.70013617134822044516960825089707670374643730296479481072417e-328, 2.92909909092895463109761766027381631320065140747488536259249e-328
5.98224957867715187079262060484831290128854814736989120345973e-328, -3.51839287067845215785897875191088952197060729622415022500949e-328
6.09494417529593439633391242649759715533405630316650315058706e-333, 1.02265767610252255924973871990675751255322976491873416698970e-332
2.05062610502227766782344111214051654487845953028767240904106e-332, -1.23855867351313879459364691733831579467797838090535354995102e-332
2.20939634333177986303463294917968462080572582809423156568339e-337, 3.60927761275783225683113135460854659698937522926518961387248e-337
7.10627365441819794040408632966877826206005300538797905120709e-337, -4.40912826987316101773305122371401090263940140532225911642034e-337
8.10930291062290994847520856175293639723315786055900669420328e-342, 1.28937526284733806611996443459601292992534853466005091646557e-341
2.49289354683503673536366490053626423353138271953453400003786e-341, -1.58942116160901368446794298310005512087794893421833354870962e-341
3.01792580251248241388338194176653663008516975079329951259261e-346, 4.66877251423661069276599902285463060898369384259537068739237e-346
8.86471482179240688897305925748301400367275172791880250091348e-346, -5.81008690532053409289645503926767696795712849069898184581515e-346
1.14046210722352104800409472809286273634975764201142806918605e-350, 1.71596161777318115009499363473460164906078465157287899327337e-350
3.19992428698230318972985721415097740356434109866255934761797e-350, -2.15682006004923765745023093211592064879196462163277454669334e-350
4.38286061615308465975238012788240235994251982861885621962133e-355, 6.41113427585726584349884282127379288281725288839034321066225e-355
1.17426728513047858827700913128242930610966344398313990196754e-354, -8.14307132698104011735032377669671095551937962934798096284703e-355
1.71563002472288552268272204918726736998889609974830408576302e-359, 2.43866187767060201191021976720045423314440140163977281146237e-359
4.38743683015362784681139714066598796463971027956824484173062e-359, -3.13175986788846278277342799323436036926061212771925415183023e-359
6.85162390746013841070815845788734648662904371212663542548099e-364, 9.45917055584080451472452785828170084074041232156531098348925e-364
1.67172191423220557524264981907302978482909774280579349626481e-363, -1.22893086984784660196463050887514488153261999343174717102654e-363
2.79650059595517345121331904892153881681947839467855978628627e-368, 3.74770677554268499468567048337231093061791628177786261999229e-368
6.50653657172162315460551074084586185224036291803720229422302e-368, -4.92891156027746358472578077437357773363096358656913957269414e-368
1.16861524363813793435299675417879579415761660816513384408901e-372, 1.51932067863884175122912911605156429672540321687804819704026e-372
2.59134680868907519094147704302719632548338522908970465535970e-372, -2.02414225881754605019089040553421562456629614846714946916152e-372
5.00941200817278876725501821094657428361078534924511049313677e-377, 6.31396108183093551579028667735558071646345319401187050855965e-377
1.05799848864045986860089752079335362618130859201594960116977e-376, -8.52744533150497681664678716469024011505807957043823001712652e-377
2.20712782235143755483061783622336617257278487945806734559238e-381, 2.69501338334813289934743910956135507213737730886667747003011e-381
4.43672795997056725730348216663541291357578692222197545500343e-381, -3.69274913656542286807792340593923125029997222724718065676470e-381
1.00163334072408181760811720242294552519674343719512919407518e-385, 1.18388392165150590409175949797459484215847451494792170118935e-385
1.91486208153512171817434429539978787654839370265646336034897e-385, -1.64720132499192294366864618255359666851989885292741036471420e-385
4.69244024459364013859040477451803582297423160752092587002575e-390, 5.36386894636849406685156548518175633941356008243377342790375e-390
8.52386383067951247051032255572553903681474491774278386703638e-390, -7.58535110995562994041618064499131445758935083371932017371026e-390
2.27470131413879453226615768225885215919693066618046883617086e-394, 2.51219737085427075246303925099175888906286155289044421507809e-394
3.92229917542647229797507398137780809072186427268736594740732e-394, -3.61461182217078459873213982547328990553610621277930897337829e-394
1.14387331227908684098900672417896200457516176069546784455957e-398, 1.21921780960831421654203745446225816750536536400079993409283e-398
1.87020867769270222791121464865873347140229704255171983521394e-398, -1.78687700940819593471946750472638692911400388842631829033636e-398
5.98307453852311249215376915267754036851691749034841592518533e-403, 6.14712636666573654437675383900341892352332287818191316582250e-403
9.26381069634588257834331708682257164580923415491509970969542e-403, -9.18834575851287889360567370786556541730256341157569324238015e-403
3.26445081653203209661762983023879178059054849179052064967144e-407, 3.22857422471494349542885194132111265281478584329678168656424e-407
4.77987760816388256492379804991268468538666868428370929825928e-407, -4.92871180645372791688389962352954163046261569051645594124610e-407
1.86368499603455011735028930784194580783535267914493902215520e-411, 1.77158882163780136788737471805074027070831540831944113872905e-411
2.57649084171101524286358194820571178931634974252624013621832e-411, -2.76641684594586991825769081611134438982374056663875799497869e-411
1.11699589420358706595978334976829483983487742270487231872311e-415, 1.01879030005484401225527562094859135328319085052892618067484e-415
1.45536259437090383256524800724779406968396912700255958502515e-415, -1.63014752166714393887641062641508079367692366900960576166188e-415
7.05347842241284923062115072980504215451725151580993500428441e-420, 6.16074932138359904724414657925361270273709201457420231008638e-420
8.64349725862503136921063424522533889379829269819500476670826e-420, -1.01207783256009126582069923618441430757987543846963893322013e-419
4.71102650456601504750598179287865373684447517986990641267639e-424, 3.93168954037086962366157005742309175864333178327276389632701e-424
5.41674670220142765887082499798699626617917113116605553088512e-424, -6.64603391536825806519876375365246854832407059294261932740159e-424
3.34215303392538525388021955252278695291223770306949348095917e-428, 2.65838858711134714155135999476250876384255307465748835542396e-428
3.59580551923792195614840086823858844940590265304288913326467e-428, -4.63560671166063458658435991825677777921359475989478590270197e-428
2.53015140117810283989427626213709208499285745098984079677179e-432, 1.91244925299922748318529482909613491871995568861248351546411e-432
2.53908588569403996565197214026656065655433148191089415328402e-432, -3.45025910062675893921537772925078296711071013334697979431350e-432
2.05440656079441028733225230489077969645356967912423875738139e-436, 1.47059027106092753603291873710164410871470613535637618005197e-436
1.91579713131481950473783828072272631161375546404324766067507e-436, -2.75424269054832495574347743678049752513967687852670031817883e-436
1.79923703167125779910612698574825679412878637004083714327232e-440, 1.21478866795353883003191238181170441060323441820333052487217e-440
1.55220474861020709232723971716674989409163443021134687916732e-440, -2.37133657361563505171955188604095657364735349929294962951455e-440
1.71027894102219530997311601070026455168464377337901325346704e-444, 1.08391162272262845951260074223217689853389670933674346188001e-444
1.35768146712234449841716359196625085080661404521677290504139e-444, -2.21579853326977375825624635970755733918700726910687299291069e-444
1.77688072435424318348117026014887198707299415959159666776820e-448, 1.05091917493131243581169140331207056984211525013393689099312e-448
1.28949083575840965864667635500277318231919552095135805632466e-448, -2.26276007305859396499161164649392972392437626383285438131293e-448
2.03367997020813362466825884264782017868758705248678086178376e-452, 1.11446401160489832710569897433663967938345288701860827393486e-452
1.33825841100971280045468193465992648542147479386170917064511e-452, -2.54521251392286435091347908790156733654307275118273990086002e-452
2.58716255064379289420775370645002743849949964676932887321664e-456, 1.30189246346075893975373766840140099833006725251322970167755e-456
1.52788830473125812731305449058997316664487584709476220010778e-456, -3.18164957685695628384552347537321379803053358440076190962612e-456
3.69599780533874434967557899106710006637839022138477948578894e-460, 1.68822049061666357460573738082519679725508228283443555855134e-460
1.93264645138008818963361620841222509649091956422457270302418e-460, -4.46528484350143251134438175905448635514317220783272770965638e-460
6.00010083595572314567425296865254493480168130061581882027806e-464, 2.44984690878115457682052781143132551903612756714579644317872e-464
2.72781203581756850660781220194166212701611578694011275360752e-464, -7.11923476590244164417971501150051336368781987600260411870413e-464
1.12238113509626076863989601480911816164469155907444921463026e-467, 4.01051409923489762997383596816383985620954627248958147318459e-468
4.32341736527135668681815122735733458265102190867373129938112e-468, -1.30735747152152721564997702502161245193559007359419058473897e-467
2.45950957763947567431490998176680065176077616221549794420173e-471, 7.45704391631823499945117526638619985145503214889753937202048e-472
7.72095349753552620415787427179324423499375384538939139686915e-472, -2.81084036554514938010177942755650059263171396904970935242051e-471
6.44088592889592620991136176892161245791766180751825375303971e-475, 1.57825815958089746547673654486200315282521286168611110077568e-475
1.54490351932711927726950374038364429043957663391567754522306e-475, -7.21638392876146847444386253102900173068984222407838380004902e-475
2.06588968463144364715937330187859446381731043602032066871479e-478, 3.75202214904343756376312356362354210477526450049734627706277e-479
3.34067046614726539714239207854350983632236675614187159173832e-479, -2.26651926305847452293682316081340587285791173406322319822180e-478
8.37179059244190045241595286885346135079901589396284443131886e-482, 9.30047548284264982065871169244912912366856369317440319873394e-483
6.49298954071848088436035970854740835377038115464525075317168e-483, -8.97783190418140066251589972962746042818237806661710293933552e-482
4.46329270897542817302210655342008385426453844878942240816462e-485, 1.36414734243946921142048797448160895765968775919206324925327e-486
-6.93684447728439033753919646702423645794181933652949819997536e-487, -4.66493392647656707221228981434439979950970792824395044943227e-485
3.30737874787954168721835581993395095908344280877548236518655e-488, -2.14709920204231526496653471375293116736504110534041758164166e-489
-4.05264002168352301272936388974810602550806571906453865470556e-489, -3.35178003201916591530456573457858044371599046707859767786454e-488
3.68618446881738427297386157080620816056714564554803400692216e-491, -6.81231383658198007640941834265065829875886911438779061611746e-492
-9.30891129285108560517447294186340736869501339522476247288952e-492, -3.58499872971444306845646593959819971461665456509525016192486e-491
6.98727512145454879358495768892590803068571313362866809813151e-494, -2.44961515419693209674679710690522581557500073158261860277360e-494
-2.96882299061855299218058886563477248985877935439452975789957e-494, -6.35786436385946760855097425293868226793620433869651295041820e-494
2.79703804306868227598429165751557325273375330715134069069027e-496, -1.75834788603524304525786055092430256839646304981898649151349e-496
-1.92343959085421550019949378025873328103735595780851689483347e-496, -2.16507491603014044028353325906411616019696283104061202342144e-496
3.50346423094952966652457687194712075569074270366798528936526e-498, -5.12702792959907409827692315264524814998063284039036479818914e-498
-2.76326907623498233107558135361958108717417942084342918357482e-498, -3.77587746429848783324976693999339923269980944280753926344595e-499