0.508537211192481063085399068698711854867759226657267254376112596295308385058980141771731689908807111035512442909640795233
-0.0362559736900925321564526334259192206982017975928064210992975208232517088469357533473631247847670793000906691099535647193
0.00311922603044879525361516038711973177383014588607424253830999269276714258037824806872014962243745954371357706549384079746
-0.000325315049365522694467684000898540467339094402208570871588124664114145233653911788765602565218731074360451650344917208870
4.00996786993364770450513502904708780840064226881174227618922576247238501776446077226213371296907416775269219983338989030e-5
-5.71567751338818994078759579378394674316546365616148191102526532390826345552456490469957152370344321959809376918559823425e-6
9.26335389639286193392238981195239086211390402458811670851285838229355566026240428649475523431613836662813112506704124979e-7
-1.68510275227178779577816628223468242790453000805652709389198943143367429632961204356473620787969006634029824101560640947e-7
3.40625549134126856376128567640631947602689368483941317796055712725269415020658152258137419529281245932559895750320006299e-8
-7.59069444984392210440460766486587860057225183831304502011185218603780107549431416992749146281443774254378009288724347454e-9
1.85310008143833960828513168039608773796445948433144847927185347530853076994701297524544711289000770352784279873895898380e-9
-4.93093550011507523184993288267010709252322865825133645735219821193421085286117552739752762010599148457841031572253522554e-10
1.42429861777539731899154212365043214156838860996840103405315883473920606039051745164363552693688698555779002183595710288e-10
-4.45133167204175658990633882197501101316108070238996027318314220228348457994152322192048515869267203915315449215220784943e-11
1.50127847599101281304089874446888403441685184614618488089405101751750689024727314134387961239527226392853143428521316635e-11
-5.45289520310451211249193293653954652197485757976561900310259342566291334046710282259366336425611803541618739130593606906e-12
2.12968943017405996572771322407906597827817893765619151041079574023984892030937064879451322554011856233520283288685487927e-12
-8.93413319806414481555021656501870409985787531709987574870073035820046465322677494131975523139057273766911506190907555718e-13
4.02291409892493558052758702660426280679323403356387748641471681748701596623084861443220472604218410047502889277488638435e-13
-1.94384043074212816715851785871573840750320711009612167169745918407705571491929612943595731987184771364137256450051543316e-13
1.00800915961144611609937068071770859587813140670138774562618971594508609252232253089791961241519965808272699019918080472e-13
-5.61285110596960588926619580067266268193968312984183123831198998829857893948244902419410685535067780182888199731515589175e-14
3.35923568396980853773574699486698081591421326221275707871605643936573695298524325033522850682513755607221184361810313042e-14
-2.16407306016255546737519115911932008691706059824953640526862873689891416711339325420779974387189813996951562936456217778e-14
1.50370757271299977401170841985053915141631469163977863932730839045177983342738320997110092752932858210901279403691247278e-14
-1.13006540310301805043353416087848912919732024296863463852924817100409097985242053486951856734385173483915427730736190867e-14
9.21870535360502014663169437990078425160467156846116410224950701791879006489981551261144582457499897678412014996610679791e-15
-8.20309920374330842186403440058649926524971872859268905236190412947349792384573132394551590312713366395243453833188088360e-15
8.01764128563046422105506634460850409475391175919737815821670239581849442226704325524195091668114175916006701215005812687e-15
-8.71623503291728669511076671649867885871223274706100019653954637714133970975245401585460906765159466655222547927116025425e-15
1.09175401559603611417615229412075901454614210223501198793167251020754854193749199245018650868202159523066814762893744074e-14
-1.75798515287901951590811810362122561864205627469932595137676716082665396144109738189043212299762215811518905802861258664e-14
4.31296052900654808950913319792078427298508146517552442081494494436007386300872542325313685272661106105251678874686469861e-14
-1.50702547841049412422088113311542812083658982487831698551639929744701416360690095845323399852721029954512134078787988546e-13
5.50602488379007713175494722738786729112214267352326642046371956709080807686748834566439252992158352845481455891852161086e-13
-1.62638225128071010319930956696344397179185260083712962395537051394901289777664923285972099687209543782945956512642673994e-12
2.83118150373280814030950739224458806878253888159404652615722787012286656134609069125625635860124593778818465768704141539e-12
1.87920473730109917346102074019188106527783522383026087977810136692327691667277511170497673846261583399171551189565529259e-12
-2.70007180944742400144254042639966764267251126019096325281113812780663986581856034460366313050684589908754518793904671478e-11
5.76785512660653031434689574736902120091936341939569967555791969480975692430148648033482238791019374429538380245752717831e-11
5.97252710252911766152813544931180790492430220791105667105335841355066240883712076017643417927766913801422388125765105704e-11
-4.71783087839101482742580497983377595981348702275493565287386627732605246757200524626062186861770215201454576249337956511e-10
2.25791562978287301704264486604240520092271560227704050370189140526394376606222690522384615464771373192872710024522128096e-10
2.58844793073930773780461935892444945698453599576520179312239362670080520082335244642324984684058654437756776466153487106e-9
-2.71838724074729636022368977063728920614679816759483245118320340567195689467490023278414578323992203446578665736376371061e-9
-1.33866954394291449735261166237273645390360449618215103098056986728687902174270382061493057879223647771023118602306724473e-8
1.39130805185634069801813347300310953840255862833734706041595599224791242948716802811951111885834786594190139378170802566e-8
7.08689111660208725924138009589511037676848822559949020771179455261289582148985585954355604215753817605979424881798122190e-8
-3.20825229908415966439253166148580176819990871987905548572623532651108360105921104860371789819042022553115442123913300707e-8
-3.50858699229210397531330322692295681890352305991851555309468814454030051986843992360425966778024689329370519930702263872e-7
-1.66184365934713526604847163379289812852193052083360928910222073177177511735696263755014644414756994291191290901805178539e-7
1.33207311883074276012649037007704005279568822582086998741253741763095154557651779807194928168857862763602264320463905946e-6
2.28468326043923103252627839128851686111467888943095295382048550315968654976259429964403310024363665401348537556616041043e-6
-2.25411510202267902036737950517686914378825689180246314609749449972863307329274241431002705170182454120459840742315568415e-6
-1.20598940843780640583141453319718281890355494555327515401303754079216952337004648178195927548417457646759071385973552114e-5
-1.05924625957874193843463860564634481971522279081785979659495995951311331329229723632916614921031009389864428700186601667e-5
2.53607414918763911367439594083692361280368008436050271531343603912829017909412186383575183169121579152202112480734264369e-5
8.11155542184636868186895874001037921502587122248988780778792047085149247076034389881349666658884771649894329998348474583e-5
6.50040766231768836756494798561745406185890598939061335586626332857440128348064677907530270257221112454663832032400622566e-5
-0.000135921958467799656844692598569434421585149260895682655296751838088000076613253964129019276233121714908546484455469383985
-0.000469991526946962789359937113442840963255350273821085612348594337953810784340536971505078489137878590529752174064900040541
-0.000548940546762969295059595338047129091344442337966846582858692717665068828208982748824625360998113061536680146401254853690
0.000214553633130209871242661801337308193265958766645917951213824040799941376574097219387750102145384005171560597818028384917
0.00198874082439120667419532095453870667989809471024843501793676279335147880498519905977263010450875739006319655006428264639
0.00372674342199818332976808281762845130603633102848262450785625457905335138776085470234302926682226541042661708784329556201
0.00300598693317834019089453533676632814499314921130459871020882461122776470424113518630844543101772362175831451366738584549
-0.00269949858685245056004708629608749725040521227545254238556382499807542706228315198856972706686874801047038312524711678503
-0.0133905178586656685377080278936836341553159118125199726658358968681623854829030060689207217962983453634102319309569062714
-0.0240098324001646850224881098472627446774034378221810262244632237344369052926743112391146306604241654983050127785035685137
-0.0243328660870096553580292082850448267941252981675040475914938787080526432366605926521677126897329072582389832000894694553
-0.00299747127728528185569129748924805483521646705317566040433309006401288558088577109058999469900670928674802823474117825302
0.0448488787082251284174137507874329404809340063177753797719816014127678925937134860363431317189182919230083246992631648234
0.109597744032914528899082719723144928530609921855999628680190108422038950691751701526956544317144738357551061717980474808
0.163814567647560042299017885854618458564269177301188012693632025063206911964281924618547209785497573591289181330087095326
0.167353354755609325757277523566894741270412091333602899263593369278799581451058307790292055878994297853968426986469999819
0.0813000580985011792377682197055002266591561226358408693664228047116708197345187157338742784010941892790795582504242864292
-0.113428910895383905629662977052580997121950485982185741377645888084455735659142893312464280683647933629958070975906601003
-0.400191210151912192972140014621142970827528769635856200910246367694107827694146365447208027234370038150410227816691365019
-0.720845924224629351319024474506327532088801903261455403697705960912600473582105902137566469167173986380396129634921303685
-0.984192216067445248338776736797816412287595201170437507566971991096430952125710465488849592856571608176144086932022986460
-1.08736928532217661534206320708996256882341572224644924894194155636799749178206789689925982107003668792370261025273400726
-0.943934850409214260295065142928492587998490968140466876381283554759346429390397726965966594254080675192703734535086069597
-0.509710534662901145146762296022242277884974228457588544440116549912721252139872109138125803757226450167891971792614666892
0.201791747611538836083591951542233635499950376550207007699980202736845357509720188207147704617934861328451775771319862076
1.11896345263018487109341359063489681153344409190338605287985360845361382685690213855663351171681960872021720425433390851
2.12642974581635251495696785059664728398012218948176210597435594608604238224159205536903954568810816759452780567426582266
3.08949715263997779189008242622452462647943426184239136596525796314305611259584543412449444490264255115523892567115376683
3.88168895584064074793348199960697606853555631177306661042184848350025371998027752739080900643802665405086993333180484177
4.40833426382117079515521851033922120207641402608377839031705593335615360383169611606242703613206906470715453560733843102
4.62116587875453913428939786856554190030865020378790375925193045085525801012866747867736839327458095783029940524795265846
4.52189516469441035170562047921510360439987363673143353253205803652499473124918933721116152618511056812166901582505910180
4.15569447807472072521088408958406436240672597034807551382097535622470304398919314968014879039338858205039016180338704274
3.59762380139523991495768942266978832319061737678159996493110266456646957187610324989810472652944366521659940179327455973
2.93593430016843899922021091874885277751890620745725298593201289116096353326751327624289907837900320016788229831145717633
2.25594981538707033465839864226105805400771026992595735237842616489140809773733939103506548042059694376860343782732612481
1.62723673258289953689610791888179863210251280333070210955582840123182533415720251322751873407173896395206809483100736282
1.09548685803165469756378718615490218373248218254984405735083006994384111043712548408189589781365832691421001972900679087
0.679354990852830950951757620027149878759049253581724015436453559739672427917865638843178179504084840443910251896941739238
0.371655438848698260984900463928090396380421920546418567699922799582727304494374763469244745651949151047554412195888960982
0.143899892293149650529777932589985457113032406058021838268172114952711361699254532261263937127319322486910081444668372642
-0.0469140701188481795956141973737351484556505698770705914743428609118283547443376620007169615102101875504907905601010056287
-0.250222602911355139083794965465103488865655328891582516190071061496934676722279848896679790873786865793686226877020822881
-0.513303520884651067732597468957669486173917709388621832398900314410047272714050634267899289799716591434929871037507038559
-0.872851739541402731366657466881547946777265402318637305578592456478223446756552916988638990910728947587198735317277161020
-1.34743677613809175780164551153230700431883059282359338526930905784569016741235596641156697262028337102907997006644886614
-1.93170858239731936805695402070502306121848539258615796252711894902247838653248197830878242891839324158298341837706050569
-2.59339187520827047572219343709960588913832162591780384819059627621604970638707825247393251790280189811428666151876462463
-3.27415876866062803305463809143971687113612552468895863586539244311997122774978104427371355284658574065281575087742824125
-3.89523670460870603960978131841882234607983477963848820538637074999964637154321539377239534537473281420685740073963757858
-4.36798009930912498988068574017966595413948056368429102008194043934731899310532349640926028351557942142101205872486656007
-4.60860473551493584673299318846645053334809235687027390714255321316257339058895441265603365233959510582412188202956390099
-4.55500831350517010169487998290191621988446522180290692098259113477186903017542539968375772106603540546935937960941945833
-4.18240550274925345435085525247695628494049784618015774720318776924183448339661493866486902144751613468625778488029846719
-3.51383824921970281224058656576666105196603533223570258122599548702316681199520441985307354813199140675311628999606454729
-2.62192164731843647348338644736676958667942964788944761334979817069236882878217717760799629578636178244915114569609290208
-1.61970136440564569440658412878395448090438253948693723804325521709742107398138836915655419458558515142863080238327534177
-0.641107047966988233212398066759762075204263348126094825444387782014233162469712717938392009235269019546884259871696656934
0.185401827531882002588196541800265069371693644715574252239994652891780443911856451115211888810502876263737138086691266920
0.763761806490603597201087616202587584195464132380090283447458458559669915463959092979388547201378376433763306874535068651
1.05047807972260139226997835060652586937597195394702581410722570677382144514825233245126638852167492422758142822129941561
1.06192570578001415461960730633482959221549571751377234139732443204967567344693785171153911942553948227096085378983318852
0.866155267424539386121309021844646078788640400338568756001479055421028831996679200489897077916222417132926081773961352287
0.561405562458017602653723439951411085710471755524558999786807679558827897115548129115911328716526097496981119504986665294
0.247993496089304342063423040147339021546695475586013185843412873798960508790679281731490219108045695922604889742090766867
0.00255059540753610430139130024076048899892411563071157102129504126039039933111813008161344293525513667494336517356819480675
-0.137402705704962993094367916684853606402895289186845155629946753993581082436751949437190837153672360357406734606394197155
-0.174590887232390512119165068434635783877260841924790996245218531420451656556143129752300508589447555778964928029386485826
-0.140359660078449983569799486011849979225699848708238861444289207071807221547447332523933371235688803901747913752653716741
-0.0764201956660121093434611227618534606464399009049050387318118956704342366725179776708045580770766758703903622432405800519
-0.0177994605942620590339452475912931776208888732909487418823377190088874025873768740018719259005403034319549657140272234246
0.0169314507125408336580705480405544167965763702587125084995777676832783032189187962554109340926961755294218205724226427926
0.0262191207678291902138989229894124628696979493401520556118264110932876945048572673046016589845082389146066994442451177185
0.0192522728816978450099254057006109669912922008079000887906454042243608991837746358981728463325789438312770726732440939622
0.00760040594184021359365730644853190264696500261908178312860977043361577544668190657195381316725756891750237165618578023892
-0.000871084667135309618733645059053917807844317852982451669857177775848953766427250917170797450852605892122323600452902431440
-0.00385539450399669366295098780341759507441836031794064078987093672995002215714497172354279535501636135305976795166729374976
-0.00298814777333496497870420226459733894756108857685208276178750837365866900744144801907934834563851556547226829619608443788
-0.00100486745858501998221430094605851164469132724925360020085921620137609766274530253203167277029251010842803100810985511565
0.000302877901049731448517488013733759378360928470670297628427961962115491158164912765876049777565712980542733247026264190156
0.000578383585973036797527556650915194881723013049745816640738250424538384336298949524012982094373242318767813765804723653017
0.000302030822099869148438255578072869904261127912127968354714406797438969003800528975076949777258539267142646512531160819945
8.99398310060302733146098716830160652773775982166835042561170131008143395045739769512718088759929332013363140177280317320e-6
-9.02618508399407172064276316780234547228639872394869557015818291180717947235323733682880142237708637102187764830373861747e-5
-5.46532453999175926979351055728064248047333971961702275981053598254122967930996843410739433263211204709010867814806065947e-5
-2.42041762489104930399070405691207462884845219247267143403026802881580824166808693083288586075463014661867306349089529052e-6
1.44026527253704621999816146822518516730985421107949405672840050935312576525899139455505058835317825942430092564848400925e-5
7.09077197080533268469715855477145257416540241364194001935591454530848484767729849323987097200226265435753917366567817495e-6
-9.69041573632517133316290041471267149791490186901041821756826202451194709689588087627464592900530750968383437101781674409e-7
-2.16004039449832613786429190296390064615055688276314759439249683165438172333798689443656442902234116658930164540010705471e-6
-4.36844412201698315406750822031457325560633285416032169178313373830240081123560292190059952440068492178667331659337806633e-7
3.95995262754114083285424794380437514906914296051264081702909645927715185827598099150767777124192412650616997360469380102e-7
1.87354785617898942020596251377146230725470310515120767715175437069871261634339803905914974559245175396693706144714683788e-7
-5.44801401115689734617951313310568791341606992291869975826531866070336093886251121314531910283218912606927669845629433081e-8
-4.65317608619589421631945829444926593318619304886073142812994566008287648194346683541259123197406672692538477350569214416e-8
7.44801354529354414003723079463845336804190998593302497313009193934870586325862539947476514631582095124723458917543482937e-9
9.31061003764999646679616028920552704764882021531872463068047945432520337678265883937981393594224269827264187975729849233e-9
-1.59528585375761282423668337023635902449842981251148922335322508778432118311008785324269670088715753226606742905002395963e-9
-1.56208985535075223355642803601245893726522159952177747182762256405926240781981845843343045222998102449121801089160965019e-9
4.69574668843589427001113620396553664934985358050927847049869195474334118028865987096707878796907348152422718315102675480e-10
1.75386698007895877233186621946747177975071769766431525138574875999505174270625610966104229088930621778925512614627410590e-10
-1.14996349396339990766330928436727537921530525532025957337753795939719079281520298716615264268728911251800179577462894990e-10
6.37245267504715251415873562348228311871072522033219422231934259380642821979854894092008100525316096898989020839182555277e-12
1.44654979525240929366557412632591739215677729304565298356073891495578391653112561779362028046510653651690098473361150872e-11
-6.67709833648243969069323086139727082324960388865448952723413994031851492034401229593357062593392475873655160101399225712e-12
1.16716280069800437660728212205850184275858279722337177279357293813176663859779354799268626364322404220048784555191049353e-12
2.26527947601475565327579510836957034185134279083714373345705908686302870308057165831304439255659480791956708692055046324e-13
-2.68673060920898925027940488538151829993100395242503242828700747617922351877162097113727265879888515927268416426896993106e-13
1.46952165156210806441189320001244480477535949983763275033455039777567249604498639803406203290155011735605498861724624049e-13
-7.55925650931577039576659559949346352278540404619620106719119269060211389063847808901116318730821200519108505110172562036e-14
4.41672972548477243364356373088839164338511015986736341767984275046064151438208066186848029289065714306902434529102716697e-14
-3.05489457684548941794052158563529691798647135437860091122214596292970609928420429829915968359159791966922987961512500970e-14
2.44967249150730150728087466865648622115426130821125013105326717380712601479559377546857260863162663039011688884566827472e-14
-2.21952913307819143189025983324922586751900389515095016512983922148147068256921487122053435653113070555084676815309346660e-14
2.23431251398052946156292369419902543197876084221464452442589821264749966237743611079484168564212559281988796955883950360e-14
-2.47281676679212255128220098961745142407389781914689027866525855460505007424991870804022400975769151421327597350750070897e-14
2.98758005684681337400735729720233228336859653071998896455988961385720539073213793766674520062602482178116476718123592920e-14
-3.92014181096760583513731891643099372202849845241374971127813134442720772523151571367134883000614262321839995591950925572e-14
5.56519287832532892187465682479771223148014698701689392405461872643159215111162960066677011407753010473562403815209540485e-14
-8.52325636154283307893337614304262962069636708380538820106389251844184400641005385878554728275035802736491783444899652928e-14
1.40521805342754133967296495963636524328600326368071237941108327172158104184570645745745011743886946638046308137706305331e-13
-2.49009935243235646248532242894494809722295904178921711041121293108035719952440000196030172448367016606121788026284802347e-13
4.73766026814455191793307754034520586905322303091686151969264768554092730559607263299999435213088487933980140834862842274e-13
-9.67203273815307038479580824062864736714474887666514893855771634674522208805969180881039211861175009406278589162114594870e-13
2.11830430381481213150820059315326433986622701727000481293712714466601428135142427514171568788430554114330497719485198251e-12
-4.97801441225333579048201601695654838344953339312540789682596385817631790750068310255098110022205246553195886928700349852e-12
1.25594522086279438675581698599956539614853556068896352754642470938488966237255671069799236543736659241081830802558321678e-11
-3.40529758903056054236988194298735001852381019015742525752815134309601445155517210957776032399385657241279951921576162851e-11
9.93610150017232982000264013495265464527947174027623615918931248794352677467260143549718426329370723125199864283748847736e-11
-3.12579229948603801389904681776063977062311573676660396080101166441934172912025361391451222782477691728298161601504173046e-10
1.06271460086485222182953580535155590082940439415859335939026893146216799336053141733131848066729628745793013797373700898e-9
-3.91623006427336000270601823510940368479956583526893729174604930438121672139780093895056831774350381185443692876753931516e-9
1.56996487377679166634004833574668808670036077505620163258026920922288721783786711082814353814602470720290125530062791269e-8
-6.87698041629047405556441950116157741773907021329178089531670872497786666792156163688594904699609597092750067151189680062e-8
3.30904408367729582127709961935288698262460564172042124407857472734051235500068362977804438035726646726690097576049717460e-7
-1.76017844265464622817890365452922647594167503256449339800754045357221127806605443844942253367253810977192212289553347672e-6
1.04267022895608273458749891193606314904123249368766503061271626266489187179261812143977555209125576012678272668445170093e-5
-6.93217839177618254841599467472761874682322932625517966301255314275697111529699507034138966260793351994451415031256442664e-5
0.000520312761169819021949764228341525620514814695536087459844496021457215827971958510190749415896429210286433338405734091391
-0.00437692708488780475047881468469512820442101798441978195109210007865109813818119237214419934175289362630825886038246066029
0.0377619867147594115748805940372976304259704821980914215899422588721585362687011143255258767982477128440887551564048614984
-0.0118345319357935191729280474285534278768680402799275490441007346467699721004794843962321960433385097330204900721523705105