1.13094516429653148243041185136413720971327414819229007869270314641517039671744193810165458468738730380521193315089738400
-0.232859867566056638986607893746866388347495143332108241806458324714810444013283614163976378689890412987086162778573422053
-0.00458488025101584188295500204080040357853064661906682648628154422024186209126631041010768613694665270564290677917699202447
-0.0172687519115844346638428880547179054249555032280908885051141727493915712328038355234371845172938549595488566637947309373
-0.0117464770510930806211997645537783789895536237018498711425893322001542578955299200091146937960683724742902051888114834975
-0.00974848404369235544563652009001273027466746386079716668749595168682917295515932495298940591171086174840863198637233238042
-0.00832760262748343108416983139621281222409846516426373862756882909890677953159531052270366671227464269280778227630281529458
-0.00733034413589786464837971726672631286677150742190207424098489002817752425945824097682203394575626600149210414855038486870
-0.00658243834695799160210253388469159801260287292440786512030210340016474788708392013226915353677298978186338031902776457344
-0.00599881610521360183291502987554273074509369648594604105551558430306422760209203887190695040270455050470775739583394687930
-0.00552883625274901810040393348706908621082587025962445373206941859495033753289737490925385788164055891692286166204508814465
-0.00514090227147149326605749674759709505500726243341189610625928000183105967385550126795613060934642409681807622859010698802
-0.00481423006705012860409648485470270286492360844729325818487604831607773938597036326652477425319330115590353844297213043245
-0.00453458008542602333420486155947090893395935031944123319719436457163195128713290779819974488204170170329603724746540797932
-0.00429186068596229939958718261449100232483101745209798829240152660552823219398451664965751867731713379039285759845781399362
-0.00407871405919080631298614837666286659726933063819351914519249559078362930632402418002882192692352172616608168179131373239
-0.00388964454724337934451942744380186178965194505165236696170236099282498046248587605917074524102714740394795276277763275256
-0.00372046115734044243467111412224856602841895220761926308949735924099051341934415864369885641737992027734039822982957349741
-0.00356790953562672764329553652702736120776575076329270257618953383511830086399236900922397815980819203718124689200034565621
-0.00342942223159550072131176666406439306527955221119767454014951097849775289497923004308201587308076914704990331315194293870
-0.00330294509133183902428300367771393835885149503589018829755155372172803660212698173463886007976953364714464884849756485614
-0.00318681396965325940525415899521699965563549774450000134574057127541451601939640768260055325023394701047282868782667374084
-0.00307966549730411744514441357304457700092123020261093599726168007635964874189225719262612260903476321623509929431474996934
-0.00298037138768890904916617708392968934582307655881630500069449938429965496546997274495980037347851107566028626587769921863
-0.00288798932596850091588548749133281586292993257827719561750250187750438605856622897144836045544162213407274096557537972976
-0.00280172574123574857991862755346752924873264012579112904013867755117945661040483004805081666862831838827633864168633527083
-0.00272090722754228459295918405663359122615614951110103911238154642168136592475872444179782311205393666369571446135621271579
-0.00264495834959609119144549233037822387993185144569228915195834478686879165232645745229377485352412155850900411012724144223
-0.00257338422318802093385632190870043537094501162098135810253228546976148903348619553145989951079194306935033473982324869539
-0.00250575670915022695454845798711653927585298445263581761127815199590226972022256960849864709528965759092629181469362359984
-0.00244170337224571894457051381636204897972720735585151929225341162132509994461030577047261444685603617642406891782319226670
-0.00238089857727050059122730327632360357244963141853339329827844439225837434374772822056421523829495022155729110233646707805
-0.00232305625279721615970020067040270564758417221705947586793500609266241754017006036182508381641415058861134346524029600196
-0.00226792396761207716842271464758973522646019181679591299356896616130359365084899854069500360432099236981911656635913253243
-0.00221527804892302481320099420151589124473345864728272151660942809216914449686309041502267728068815210651574106733230196393
-0.00216491953366972258840156248751415448562592904649141227072372788289457935915944911491495977081679123339228551479560694868
-0.00211667079084588576144119041368878991800676172816902803955208763931812888819319955380439853339219699689968019262426389204
-0.00207037268792189798361612945988022943721777087243624963066307986020241638866370145998803477867165601655609029684589267320
-0.00202588220125393602250045499789265690255829130201136094760473055994137992813023424849691346897483557096212800705338366638
-0.00198307039094843817408385467121974804751497206059656592844427100042323581093041566195847160599191346833667817552070713340
-0.00194182067658162654732571032935795774298089526839158482454936285020814294814983061024600660693113640694976640409815991669
-0.00190202736259418965971784511470519012516662303884046219511008147679419820556785181653618222657181897717853879387541856695
-0.00186359437193146459518957072632649370093798455935420308693155126347362954460603053907562588274393186666277241091269789272
-0.00182643415420350670739271659830361131741094781958553644306580125560314965310774941379946548149778532424171743366693684716
-0.00179046674076435966778470287993604596792193107848586058533473715541048335985839100496555204568058907485649786721082292406
-0.00175561892400790385151101617552419479714271511499092816555285407041487043994546727248256315533072577916629218544997483970
-0.00172182354211646911800394240151563297122413876379429899066624936112977267155210490149720139196649465331590312354847124698
-0.00168901885368263229894524379946721713334778861657935111125884954475863664189837261102057111163935874728972732052296013590
-0.00165714798921186041529316884129331033632377299587316810833072022360071346574071646258915806313707251363001158543189131035
-0.00162615846862597943210165331536445104870699117950421531977399851308733326897571079078249847098834998540354412824707540514
-0.00159600177561997071676044515810331794358931888613192247417699872858553808032154231458744607529728916865947144137064083209
-0.00156663298115187069954777691012294818486856813815956449814075966186592539519518862743421761867082258284375246461927274930
-0.00153801040952631076840366240594492214604063608305702679297186150672637585436818872910075598904594821919984834510040839790
-0.00151009534151300401848938262202898841889834010549070020274645369511883707357627996997011991641758715935411829168439895111
-0.00148285174975928961768020670377022084640627522924509439222299729813531257534923335424830173122436831388665328521850121682
-0.00145624606244029484798159066613683736506978605498744618271562796786049267782487311481301045292500032940213443850541174147
-0.00143024695166515739463215825582617967257085668319989930839243316678587021143189449622190551843453848975125840893578359186
-0.00140482514364226033413301315665811267410971681569017825376724341931784723103097834569854669263227689634212766282922849730
-0.00137995324801612214002296705601821469657148785280365105322882548614810133089682405015836602668423278614152461877842629254
-0.00135560560413610686550510136558193634081643969143077019175291301235527443559657796137659268001611701518715089619449855961
-0.00133175814231280954609686902347378400568930485395401312285201824096944145462764613381710232276677100071372559884935691466
-0.00130838825837030061535783544606073187943383085243138411463580788743027335755760452991351176200318940136461897717296781683
-0.00128547470001835102435400888319941908684924118759936440717505675371033011020339886603227204149746192520595345729666214285
-0.00126299746375406168191058921592655607474473721920860158871122442873580735001563948541771304905638581040898221561057247465
-0.00124093770116175419359500438720703262838100318290125945003101051127879039223765080084540921271642011462535003096156841719
-0.00121927763361750688368692381658330661924408421539225878371061134132754717556692003183049435693379173100114004314523997317
-0.00119800047452364409141988243449348448517476406191454515774515993950005268190463138880978258863071207610717700584508242129
-0.00117709035830157016269758726576527852214202391508069355579629256710724028963457624291140137135191207417383466373693022056
-0.00115653227546089926680383785555217591250385682665962352466938024895814078788123771612947284424417177665863503839087941193
-0.00113631201314081683691964225760720847489043124442580704565671326321392572820829656023032049253762399891224847591982309715
-0.00111641610058766159329053726195119560823466265913418097565769442815028446826416553790015155597691647643888928180348033629
-0.00109683175909222861919313409555034103487202694806497511215374863595804369941276072930984807350179999328331376290485276996
-0.00107754685596244220589551096440578418976977998831258170943604561647034283879247503795602286907415785879387552048027345079
-0.00105854986215283375360461438753084692272915516944952978722905038603346296621811938397976722029426374495504076186151069900
-0.00103982981321253830368259327995185052820813039108019939799278663068101986482064073660713256339125818230567642833111205349
-0.00102137627324902212387132426976412947252334855210253463963043657954458640176996491660968971715026482761139631225236826728
-0.00100317930163609706773532491490848975553442308326769276789793906632224909611334853711950773984757333719173368570972774903
-0.000985229422222500432429199499698832589889712339411039540932187361442635068197881532506201455834763114761209403778049878900
-0.000967517594821881940661069180825457076618277123639056778104180723932046940118989987738933974862654006074365377346529343607
-0.000950035188786838771638936734514281963467151101573594561229234119211832379973375142360609783313719082828970354948972483221
-0.000932773958489017579308306754399071600091012013667300959730386151201959491034272513140344984392826564649833265448883511362
-0.000915726020544555293755381919862013709541940088935772750313330149599581552115984870090741450798052514977143185082637775732
-0.000898883832639514873744352896783467647999225042365565727964582247824405619890996557980954023716029722374501369632413912918
-0.000882240173823710954672608151080329447682210986827182287166129629421019528902294150885768796245658069793909987973260564960
-0.000865788126153607427792725859844929127481744780190443314912918341548691811103742143821908985521587276863085426865031187427
-0.000849521057575973395839389052850263578345055881416051625856661756093839214502043825314114612641277476741405332449659228270
-0.000833432605953853228150307445994035254770326686637310842562240075335305076966514698736794888093162682082178585313744271475
-0.000817516664145269626746684717206725199500224279007674454823134584839849872599500239070974592805822957913636565545252091903
-0.000801767366053048755621090808764839201321407600239347135279102458579181975595167777812271449388243190585749288564700457995
-0.000786179073571332765214562599584304825330759800730523633600273823412171624396790819521596908433367936868314329736572670869
-0.000770746364360814629796737564147566572022226042611893388549902880171848033575541323835610700264169792872661771781843376735
-0.000755464020390569829570109613490982654337703782131251699459964996846144161799237391758772895106915354626949070559018357976
-0.000740327017189636682845428214692953686907267009855452002351771028714927706506767291077043670251307833156419096690487546700
-0.000725330513756271771363047206468540088240909167186484526943398428499780335332941639725723672846689241255152969716224114613
-0.000710469843077131687042211834272770343531778566012886395063580605212641484115146961480210054891024979453636197177092515405
-0.000695740503212553990874222003702092473197446005840550900747869809773993291673213906906505324746529809172657873368422642439
-0.000681138148907670241621089175368463989710184242471541600142011885708534687714896774259244030569137116400457716074623754718
-0.000666658583692318999227761557702727480944969705055697025843316839865720222466779639314777112053601454412243938605560267946
-0.000652297752435669524802763281823076457954542368485736581006936414512230040525263354119315122240079413005365662761268757937
-0.000638051734324146580015255266378760675163573270410435780285722711453118602283081983821580662826830355745350180379620350802
-0.000623916736233689200936253861581517897543682130018500836216592086809040905161102649454480047088683080048733896921986674523
-0.000609889086469604717771133538916732827278994910264388033332416402803816887112242399639631146558864672799286546920161341370
-0.000595965228849314277421586482877633321154944181295385338990016326255948297334918543799406466096868231444932915883112904396
-0.000582141717105146181992929147711512629989390993867594752298158810609217545400790261709129533944336155283744198037150811177
-0.000568415209586035031239893766567856465842639936229091523480504183464842931065672386776988047770187683366145043785897702234
-0.000554782464238542783850782905053889721655764670059452445983370129897355061062897600312371620614649176379610586737705077737
-0.000541240333849045742308959883150286679237699495441885663173989235223587333117351811724138516344171861006390089164044109897
-0.000527785761530241076379354072798191023653617838221025317271693040859660187117937970224832546529529855463101413138272990951
-0.000514415776436328584074147568699454063572595297172382844494619434623499856876254647417957144099029054730772786739188212006
-0.000501127489692327626006425915583125711435635600753387113681013663015685237490905603265204185814193719044532240330724514902
-0.000487918090524004281651346974471826153994099075230001806993097123866953396507098715864269913135506635295890581995144797876
-0.000474784842575817631436323587636685276703630320752504071440332188720527201851228228121446281694473919471975846455570520385
-0.000461725080405153769512289482538118610047106366118345027736748908752086100704844847677608349188350770986453671635851985588
-0.000448736206141908116990238992071766397763986891731333387071581156592811451887352500822019753975984886637275034633368829603
-0.000435815686303206639721165410518858874461430536350082735184882733307023363286451144167449236727709804350368158199435709330
-0.000422961048753729933769300899050519573000680805318316449838974731662404820458170794089319780757189059749578472446996574582
-0.000410169879802725587191304409519043255633808966041348291318713882027229982730557726355307083792516737329211321646640397569
-0.000397439821429368076346596186103441301919869990737282124938743076000029522105803018418573478097785562888555565130498389828
-0.000384768568628655627115757855331366219874282037154599765839768091678616250058458603524425584545364422466694451604949066437
-0.000372153866870523524773091752860602144446254043080384193107341450281727877771361126283496659432184448385671666600684750630
-0.000359593509665306525203464102985457905245746488826698851863152977502951328362309137352341060131713278746344423146465505299
-0.000347085336229102246320248645496595352328479779851222303443976457301515584117208350529403503470491722331457650314645248538
-0.000334627229242975379130573653740558845119448037687026778293855593308686015777131109971085429804395429416767072940048946408
-0.000322217112700301690948101425933770254424748134463751474466737183161260744460105411960355170596613824360601364409764515176
-0.000309852949836883320305509941443084931407482985086350243416816812654543158980621743393902421754773231616536930622694836700
-0.000297532741138774809494671863592304045935800102065213240182436325147914883883024712998250065426936889447359916258676253083
-0.000285254522423044533691774828787055004300814933156506176839455104672292480351952001349184757238861917134026104237532478956
-0.000273016362986960350988015692938773862438683185336640642961138387087598442954361342214359952641808080218446607719260422337
-0.000260816363821332954060942160166236439827677904718988128050726423532635632340939492018618171566297139624509146772933737607
-0.000248652655883976956639910236203316044246108368861771918552920375896835992026395441709951152033177246022578229459892288021
-0.000236523398429459479401853922702532167782959665765719237768821092944382149027994882546861760740848995135668815056238284075
-0.000224426777391500082330585361064950061505536400295531484401408871422518515522507614613777785799350503702811287304359017907
-0.000212361003814565394139523781991925257865866848998037389807341775760175494276674632317665135508102103948688091647314491576
-0.000200324312331367691413538740142096114615494761252700821676260238492759612627386881337607467061684895524671667351105966299
-0.000188314959683129872852388976792936122816072842088617006731521875992222525121292753501276996183723894723654600431598418965
-0.000176331223279620571464404566592913919159259016745891298327909516681247704388556697132621464809220215700924758924154128968
-0.000164371399796093292045384119681534507512162727763871883524647202292925654404517585425815767517480205180879345599851270834
-0.000152433803804383128973087624557262442643862123232006526230437833602039677686202915450281476942149262870669676064798404679
-0.000140516766435524425474944594526320893444060692364993329370099533704449887121033418902699371623111742348041787916558101968
-0.000128618634071353238951360238769958814099799487180750722369604593677172901888713267553304805842407223184303174533220912087
-0.000116737767062650184308000639224965750108116586482790616028387159689943503313388557770840306189966531256658589806263177988
-0.000104872538471462596712548190560315120012373362269039976959145242945847471282916496986440587800819824529803785566853300381
-9.30213328353203997092632857822694469933264241016812153912658307136788049334171418676976769202173010735250137493314382638e-5
-8.11825449511279549497095128109259556687180089590333473517283682260836209981182979767110394199729117145293705304781356101e-5
-6.93545786765748371082308424756235722828247296721006038905126503659434517110312990309902044474398868967059938566106878639e-5
-5.75358457469622157890268065307249377743496729681697042252435187212625639277891406891500403471980815807714629853725117955e-5
-4.57247646053885941647374843084252640880926104781715960629803581898663490767448021471331794734151954494537719234553030209e-5
-3.39197592442792771049501207362360172713631915154099148735147198515527364048694659008880379475606178508318932197633662556e-5
-2.21192580562783132291028387068226735453417731651322906016823394113461139959986735780558821562621351232138168141836363757e-5
-1.03216926925499387356416174410409571598338846325789371417757076016936713528671470702524909542260979752059678762372242202e-5
1.47450307344112027160317114841089775665389315206519140138345053978571109652437459295138933625351357195874804934526002839e-6
1.32708944785846506706133692876274909154053741982869928675338841144115948668908638266106627053037928643158316043823311578e-5
2.50690469011187163669234493962403373605440491635222318646227266919009935762626395591642854145164701124618289175375941185e-5
3.68705269918606532055953518809090035987541200609662502370958841595080447777061287072644333632197380085511011322459117699e-5
4.86769038075744763595556178833585384248027138855835497127239363942005011747673712948348455069862005186407552926572290974e-5
6.04897499483802951850248601860939352412050222086857769557996180205275129990924443770164787686058635214805313568232705128e-5
7.23106427011234754817707838714557731561152164328648861503197173724445446881046188233642327394100166361557427328966420839e-5
8.41411651906392226503515730761924271413159553862174670774185585523045672609571880659833614405809965528774470201454111964e-5
9.59829075408720657796003731768187509477882840657523943211783710123350573598489632905271636681339811883170805557191684079e-5
0.000107837468047839514514004587051858371291463978658745381410270170862468448705143598055685984823722303142847789601813053885
0.000119706454366465078602922358786716200930292247682685108430058599299957543115647911433067370822129919321029048381778041332
0.000131591484713348054914856936052026691485587806394351115503983373128809846329742163321296060654346084345564219933155579483
0.000143494189087586199803673467848097692230568187117038738849456671025217368879101310055186160195155372696596715696840511065
0.000155416210511822849619133547196599830206527821185359966101182081558503003365604465849163723999730092130650402875189487331
0.000167359206295752496243674708446262080531481119711183352280662666428285467632125569770195744273469267864258684679645846575
0.000179324849324388570859006453854530465947268563526944167307151607456622976631119203208433952470343198292293871528896304641
0.000191314829373474578540639729599289941929830653376041394257248468727796420827006586796607356507768158686383534531616725590
0.000203330854454505139790851577634348993963579953935287777049513141071704011536318925999431361958374159404976648052710516821
0.000215374652191917356718935119676661932215824751338890591495480523033867561331539073165968278610969072459173288978526117663
0.000227447971235115701206525775242615404590263397308345075484530906155682187796856492533751709848004896290563121939727790012
0.000239552582708105839394173589793049571048127752171678784853265293027384552864628668333488274076199859654660138260596505403
0.000251690281699635033742410448680487679299356736455458706972379844541488422800915575486217704146396262949323740280105184252
0.000263862888796869630769202349374717473628133507030881692382730949358254221268393340803263809561309460914405134682811995785
0.000276072251665784341555936476609555835449979783803751180645304812179578744842217754041138925513412244284545327346180947883
0.000288320246681594312916143313753295338790624942535503526354915752974232087937304219312679588214188571690852663718453264987
0.000300608780612730202712636168099943285612099076699551496838619927887729992686384176357030270783839581929157893545101791222
0.000312939792362039525968577859583600404904850175287643171931468663946148360800818342559155922877905073326184164988403903976
0.000325315254769095428936429352102264059524529098193289362651138366748911742227364291989498281418553602511126902241180775698
0.000337737176477707870972415933335510527640470668898067763019197726030422689507597851033942806379023003850866399900052858267
0.000350207603872963147624459899858003982570875471903696179880518781342945177382368954029654595564353010186529310167186727097
0.000362728623092367085266294978779596474839737722038002433971731936898622916521690455625455094938048364690905920989492304715
0.000375302362115936515131267214864601753195148327052955286709302749281227249026981672208012169125633883525567471766217524265
0.000387930992940374366881335410082490447554990294756447886557508646732426034639691382240949900547953663167452999589761132989
0.000400616733842777633544467901408656419716942466962796658789646337509753776537007288349404944694549168163033932066412795659
0.000413361851739666440993887173857031518457131049875227209676828453867922460692508697949047178386079262264747200618381872653
0.000426168664647488578718409244505122880467204116413047371971037395600574507267513788677475367473892988221246983451740687686
0.000439039544251149388114581296788439873338733572625366677929587115156674446716700496035785016662045991715255185044322150870
0.000451976918587544355528667949850395967487199359091494612372741228069827874549810541137063450357225225176487471235722160513
0.000464983274851533860620742291021299398839615278203244984501197811207564475055796458667381040323187029202163407979826142669
0.000478061162332299298365845940203163738484452353456901015533343871788035870119417709765894222751872983189693866251266803713
0.000491213195488560537482614882816445315635645701361789350254086677221092071064923188735801871159694035645167149890470217090
0.000504442057171720044418279249381320096444053250490737285879704327750235983894660801609705214171256548855028971184073672519
0.000517750502006633004555869066643350059201710667718919674821741189239829928267773647105480686465132105437769034900320347940
0.000531141359940389835394877468477405983847720182169013787203178968358335317238625543962969848623355746015344618845452200827
0.000544617539970242490243024922468480040087679724883978021372595427287775439307437089520549070023547159574426972503038059389
0.000558182034062614282823612925167355434798039121578361838460155004330878480474363715491615762314864812122027560014345048497
0.000571837921276010575572145847729700687954565090780214257412113228126990336535815457277227955819334936144303717687384905856
0.000585588372101601149801198096532710378362901811874651266033127479622598529787838242735109374755352855857233066591282430058
0.000599436653036281700312832455613192612743642022797779605320117031953421090740469989995741498319474191227944466465314663073
0.000613386131404149742510742024087980827424898817935918386587997034633822454246366884476297957163531487515155908693856798739
0.000627440280443558238185574120280148702062976336629858410546873568232199680280275099898473463149023840056662067428286637738
0.000641602684678248373560548281898714503248959114692982103525150389286920352087289460715993373249826013717763184760100283087
0.000655877045592522201095130219134984871818765339796648840371018360111217125090329108678974311410279080444330952102918035649
0.000670267187632008566133283601017669728450511619136985124301550342760709847349299545437366274579486186496939695563653427012
0.000684777064553315555558296824000944953753989517971686636425744356480955897489253464985116934520007707312105627846310736918
0.000699410766147764871176836462321943425629487171174328210711439711720073980667746409714964643175744047615895056802659313670
0.000714172525366485055365006362872117678342680280714585822957327616522799031999859931324035734740950230375079537519154461607
0.000729066725876420383290024341535608975982969584735607721556550866848923536932170706087223795536728633314937544915914235812
0.000744097910079311738444690462590316859705105540904272770246894062725429909445763726148281407505498288632248669540108594702
0.000759270787628448705594156664207617602766746801228567425661493254568326250128219534969150167786653591071670737055249063813
0.000774590244481005129496412576398869583048307922244552893752040287488968283752689538827460104572321603324288310132064934514
0.000790061352527083449598588759781255082255398450752949011253284838126415756753842223553924179792313808970818746273599783707
0.000805689379840239892571676352014815067657313224245616163336074296673288423764589210725146414777252840272045069950121854452
0.000821479801598280968578804599272028039955245748726890815020108142093500579489718863980884051999363183334622511218804783785
0.000837438311727554361800576584226629210974138665471142671235543588218901764157496051816873111857628866774918973980395326119
0.000853570835328852399424614716278927341731181875035130086267226878262108772376757952044939139561711215416286677700608370341
0.000869883541948458253349232524463390104530309964881841198602330934483314207762802293842379714820664100300498910840420029439
0.000886382859763855461576398964953955459029122834350230329864691869249711126435537159168193694983898879337564561467588254115
0.000903075490760260039488894308914390977857590900472161668940625475035448410105212697469047826353457433357561063100415040063
0.000919968426981500583550825536828461906391510927270599995914048493691183932171548210108266746702965348657720646445242637711
0.000937068967946955366251981739732089347807872702319518778235177754520389801589407913033609757941943041263926480447786834079
0.000954384739335358948446869884882647859584700971774735459998297104147226108949789772314443559381879954736864014324931874013
0.000971923713046431121299794316496792061775090380851269089864040702464958333235882820983848578966827705956441755922837390922
0.000989694228762591452984159424096440897247246222625045434871123307142764132605908538319872830914887519296645961423736594528
0.00100770501714565597448187486038308583269968469971208368021076927397968135026405521354407065733819168843208590634002367663
0.00102596522481754347768148386357140736403190196607877959710153037949679161350161811854384308291031181702312512527278994698
0.00104448444128984826521638341620224555220444742051610003877630824880206565835555167617360760624385673135131573708668773470
0.00106327272802489483826442450557954670642125992935620277990062191773012769301445159926110276996206633824763085900996981704
0.00108234064983084390094369217330878042187106820779693917172767140272475133405946126380907979625518704827121826677645034256
0.00110169930881587519817839618389985248026482810924353921089391120945808959557698991618015793104286545590490709345593872379
0.00112136038115178614663998637449492664100960855312198170782254419481497927356369380242827518710890292648207405357273833792
0.00114133615692592743000869122979502768917236930299865997609624351592872546532292875204682108658751908526137603568520729142
0.00116163958339272552485883963002277498809542697323783770421717423271296842516535845863440596648826239591209714635418263518
0.00118228431197267354250556180200804224045972474919570834170702481530701738966441612527807183003237398797979931655200729322
0.00120328474938825430021970951711578704355077009876317403524719867565958660762760211258849593454489997971561313752641169149
0.00122465611337355116892910907504150731644072176814126341844071491685909548641590200387707221047062210301796577031619735752
0.00124641449344819103292632347713746645743175682400282780493706133740668009686009645637344931977266009463998254237721182408
0.00126857691730779253126372311704051798368218427057338272598365519908605588240626144466146203746386052300031408007725993995
0.00129116142345348936504090403974344973521036210817896309548391902147785691464782818224468670976032543317041727534375330188
0.00131418714076381184269005075829482016407952061317837493966128134994283653878983509970164570661252014996422881878250883907
0.00133767437580495457977715155066483357505354245313238728668591109326832398773727473499968560144750963000219053250482125219
0.00136164470878226868064161044239154407340650564215362689275008986876027487129492749789902274829034844767850413179142353600
0.00138612109915911316403981911448347712526459744686807559556094115464363526845033984425376599466753983597242600720129974851
0.00141112800211187077457962359500495188744550422775096533352856775703674986179565828123233774472477489327599609714078549871
0.00143669149715543366148022313421189643840729644863958138422080710466159671339034058957849472839247742906244251668916230236
0.00146283943046594323572967795367224515787031589458483760710428868995550430079942425366168482013233863937350590160503053383
0.00148960157265202142389731747029291231873768094621360346179196444865874509006196770976647440448836814240323652555454258741
0.00151700979398819285120190624924323085726504679398534940718830585784108973688175225628849031257047743131097067380244016873
0.00154509825943198544964733759047479175589398297196106761139676830610587794099901533886345217025221995174533866308339557394
0.00157390364610821082902289308090406965227642767741369250570222429799641504034783720138832326351075437656872595787227075238
0.00160346538637103215078926963642187042954854197080410456998934696027019403006153704460466051677938225055091405221305745876
0.00163382594005994407740331592427519635055325586112561334976897632061544346351663470402543234043798907454376894442703227594
0.00166503110016610281390726102985556944872522037890847450923735231351628127601061741785527315363451125638493674828830565108
0.00169713033684079814153475665801224777574904184895320364459041778274610166737773742088287362843803493774323857536129840279
0.00173017718553336964053282034096679120103597402718255651779192185099735771370689745320912135195979297030820898847657475007
0.00176422968607283462626162810382029458140970374263032887347613146623413195488318412450338915471369784846805585309715267835
0.00179935088074509866342412312310887025456523856171294732562367247955010323103530912823165265281354981992759866660371875270
0.00183560938091515010742420450560657445405666842880366925332927844691698161128932291175644264713316561815877794654100468869
0.00187308001356341099436154727471790328328523604423841530850253777187186102219023485080573759895564086572021944719380160629
0.00191184456132661855004760009031525872005666844922006127110527260141198474270297310316536683120564844565248094210771894850
0.00195199261235743563273686422831353739870020392395504758414289924089878961918859472022751459982951585131658009385644795688
0.00199362253967347874481240710385981581236559416512852568774187383108141452522451683040114152806376523004173140068515031491
0.00203684263382373659744573412700924259203105746848878249004545984546868183061541985414299638593395197337008554113957637878
0.00208177241787716338914417280194248796043873712118198849552700130813304208717214340077761813481100026328846298081698937926
0.00212854418022102000872111283803282086092757634492690251675593197421733522796880986229784339701820998253303926097395895695
0.00217730476882304533332292655328674562054484215904905296910357321317303169079588127412085480726687783986110405434257630463
0.00222821770096354087487758765160448921856018249734562044094620455947366700766373367977224979008004281920964325496858383522
0.00228146565565261383445195139685249712224730462700590609898888764667590646945538562215243955822605149556674244385329003312
0.00233725343292055814098920377352393448628365361221900162125696748972604271432498514243927335319105341144176735359973823599
0.00239581148613938780634039626189510849491519749939648548753554512486879921238375763389450999223599225643441556864647712003
0.00245740016219542233482057830371609987277476979886511673337194534657096902534661173653653470345095797911820445253890326744
0.00252231482203657078612429208388242251091665926854478020726931737787274008987415992704317809770103703228996352574047937967
0.00259089206415607298726381570213681776660664388496990492478383370753757179366974607819498511327653588900201778445239264290
0.00266351734061041102049234506098303149685947148097843865608084994540040332142072462261174604106521806576121429309323456391
0.00274063434588535179841650988837322396610801141291774481767862217007670806393748698864327505907628021762067588190931920904
0.00282275668301570256248716733960864442038087167701275346519246907237770415568121976288819528752301996187017337031511964447
0.00291048248308552793619225205808719510407179387799842465843154919811634189974396287944576427872958683407030475605161953820
0.00300451289484493948830608649007440458318263939143978571689937881546155853298521650218686914326436432936667256814446515553
0.00310567570287375025225309988918767345549586359139438467164023455985294737105679161085967068514493607370094331593284282842
0.00321495582508074190920161114200962335988615136518267071062104039582554970680979541466775453697132026214090259051032181608
0.00333353516108444297067619348682671926387310592059663276027127131904073047990420322612780171168634705912514996677924345096
0.00346284533646491919698386661251223777479959079036707764550725173851057816127435215743045502803962980438429493257076015248
0.00360463851701935844684545539268327984776632222420089076592764765159658147739530323204904712538362430720258424549889039048
0.00376108399145980815922901088214312498567897485325049368907102519169422763717974253116043470378251655738560638539932252340
0.00393490222290854198236917426791520573702057985354202210642925239315807186049392749758849942066943361901420347027194002813
0.00412955457736525682635342625315597432727610999500505993810834508966458893543234059667519798417325818065917983076199160329
0.00434951782500218748936039285700027108248429594431727838236796653814485316844163461265398940992520271280524473320785515265
0.00460069131644290556224653382206559499109127820214711733953222846248731224887725561202241448106724786165421034176712437215
0.00489101841641597306528552648162483903690790273685920380137764782157387484302796947095813680354700356028015822146433386638
0.00523146664661608274961676271229095332909611004192754505050955434039455433752528433963138139972423868003990224567800151566
0.00563763399813114577042038367608738155287777693902750642928678860762089164151066086561527647495848454131498400672448022355
0.00613250437467105968561480968783760275587946995041977479948917568872850443259971734628777021773059458217729024822565008819
0.00675142818739552103026239315652560429444750380264733870992949065657654109753072352743040055090597176697466324971876301327
0.00755188005188228432258427056655620682437330406445582197642450127243847383340207107872108844952704077015569499044942679034
0.00863246492459596490129757114453897810947334079751973980943853432136659830674784717008306237082137868003008250046052176518
0.0101966594520988461637552968480237768265221873960160992509664629207129804378832731736629521367815912364295298799369308329
0.0124835625914242863163983078504827134579327379917756301544129383387075004683342686606920367226242593726474969558075090490
0.0184939004142409866839124987016594974217471948383561047719524546950744714564154986203283699721720140900648110489694116359
0.0108125759870183365662001628119335032171305329365330143575404316525106734191357979392374333189688362118441435606751363947
0.196682638851260187412853867675146962888899147518483794599646762635739042032092369972773679300922619121745380618700168978
-0.105686969304006554137141743311065012232630475629077757693308630501151404531071871032304475705743833337099801289588318978