0.533158384780144325606957420863692656795164504807733882028656356451465057429771066132158603716340920712565991482196331332
-0.0633687117065931492318631036738372656633173578654178532283019066377686621975146560556710779967938473154847705395878530812
-0.00207130712672391648204363120752499740808425328118891201740377586260730215322255966550517635408937999209701467280565984686
-0.00488116437258137521635279020734228005509696841242022914978106422986236086429951165495991117108402079373783013872722557087
-0.00326241004972330894555235346931086798632131668427777862756037380288626317227217373497473521840434508344025885187178013718
-0.00272743607258671764177881458646913617659773135029102618400534645146744235429436620910509059401573111473928975946554329672
-0.00232048611634855193410620786344048810477653328208753461397531175694562953196732082665401902353047858088987179980907251023
-0.00204222268628686922831875038521640502256391247796829369675351681848445167470886292168760133492826032330005445631821525866
-0.00183247279032791089225564143520182891993238120879227592916602848360732445510947894732045410614078934412837253397937554096
-0.00166931042783453311975977832216063662536873246103221984308652573917700560741977408502593923621771818863433094842688061346
-0.00153797733255382391482260510444755917449389887726381924098830691349434802896987723917612155656637653189936940552540177571
-0.00142966834609331369874114745786319708931947125884372138022325650990255876684448945700828808845964572689848287954191722480
-0.00133851423413757364220739403679354471219243748956757202015770056353086635874317868103225196834388039874831740427431139663
-0.00126052093554188224856784643279515470432875316730886287320915643203265097023386736677709717886079520410299597951995988225
-0.00119285537960139975157018666344875311295514642273487361835565245286463982649126368562407718046904213111466159602572956004
-0.00113345544417854674829886983870253603919818852528296425771314003484138703656441617283551541980296136412736206141627693940
-0.00108078159722174105849112901010871744369300977676541390328880348082737871831171383106544266694722075212306828257473404590
-0.00103366070325843647576416654070738830014573362322553416274317439006194713032662305854498896328019494449386267889208103497
-0.000991182262971267827295546219601816821434028191689402626096541217200237830161928316061022780403126839912096129341627778594
-0.000952628324958223119421355134351720868167758805163520744991319074236220206904532918987953973756430680654338952407251177675
-0.000917424710749314663477117649306353744929719746019640982807732047443981474754090459577442986031266274716527845993020353392
-0.000885106435892151897681859273354479216572565471289841375140161126603395168288954294306104444580857813393914276446023387710
-0.000855292683758659996546073220451235268535581704987307339067550191433183877014249193714177109247246291175985541323816811829
-0.000827668397242729721105863296986929676855336349545910015817998130813679638345352077966986912804021645172423495021382818459
-0.000801970520962698738756325665927915122863847856459332673682710742971855892010353434624517518881769353768185104745507568118
-0.000777977578195987950236591753965725203449158828495802411543044526787152370601061368851404493660826413737332764288031457273
-0.000755501671760185543732680164657703876752475288552703150202206526947424195258119074624126041619071340924448158755626411106
-0.000734382274503142878819752075619678139348076943421686198244081433447049984720986980429582697589376913909123221801760699474
-0.000714481357025652920143454057247468747748712430378997143360154265319188863917567046327134555922742697664605129972422481870
-0.000695679527386744664578740089146423437904029242749656418901101821131525781643673711068187108969237279135343012551603807497
-0.000677872944666732546552944885834814358866542638892864388905838626123715834062259599503750372366196057440382265328952236187
-0.000660970830651456014592949417953566593554430681064971103751344810435268692813737297066619440687206917318599848071357327690
-0.000644893447992350720303635605238540257812498151635228114305203795254080158040019965515989782668643119649003415532491475542
-0.000629570445529675418207681998224755208419892765288700602410624787034168592371763442220489092166333717801666626911958276289
-0.000614939494872084986112991807885771447846398705210777543222728511534146158803908917227402204485881636312654996664454911289
-0.000600945159887656385566569334632085355707344472688262834317506035386493947812586729205857503663344161938871901417198119035
-0.000587537953706654855520864667106900727183444013199159792909136774995527195222539251136051436720230533648665521872079203947
-0.000574673547782471068784068424264778468600003391938502589519755688893136200697694151892943473275457798074944102080262283986
-0.000562312104964585873949059021744000211248016729117673975928172677791789423264666677252752413079240357652682204093024726893
-0.000550417714400844467790824983461026771424585308586653117503258331774743890481657145573673687030305976555615174126910456864
-0.000538957910423596380472050554433463261897927379345067117000561577104393191848214782009506817859120897433223678259032254106
-0.000527903261205352233592336574329512097238266024851736746312963998948413231627879855738969465598501624144893008300437306988
-0.000517227015467430009440379358836453311899144336325793927267663877133784106761903494014391987487226587990390175367089838041
-0.000506904798078568052840437304293721670753362127368468634483627369020057255906478556515021576441917153021743808802861383229
-0.000496914346226960112717762222399009700492582229891325679189386737087801098824194316846932090649028204270614652755519729873
-0.000487235281502829474315484396050318544596181083619243471598651898025998598088453729811113667151281069880750576075438608884
-0.000477848907940950414941854910119089877207477942874621628567356424353344411327625595630319236693179204492062044504551833219
-0.000468738042565249585894454082550987620744433707741767819644967898015946724089532600421780459999782552889131267721707347109
-0.000459886862101605621214404830319201579823613689266420727521165954881677775391232344155279063771155290781559069971800751806
-0.000451280726971037428361499628903759626506835109336901748688344492487357927309360675075256342361901063049416656004534743485
-0.000442906223557635570978201166887101084083068077976717230545654588797857709883719662498899160230126596563480984944931767260
-0.000434750862866674011315626457370993473460372213588263558275816829975359439021706509801457287430967910897645792974516765535
-0.000426802284911969661358464233906181221705975619893447811107094950001828132438883128153384904330745008475502186663645291589
-0.000419051457047108663357368240685732802719755599262864387073577667355118888967140890918264684240378435016809564797010937773
-0.000411490699004306923272187060500036159411765493392135418970450410959209514990764172709492644736950976325359058992190075339
-0.000404093545001430742227256042620891237909401747138508121079028012074540083959331710493973722654970027648705108823425030979
-0.000396858521368233904987574421316418677598026955674655436777660995085409045211429471899894747569369738906160235551630309373
-0.000389890123651131835113654228339892454917142270485402334072526588918599440133617289582474783364932386074314071425488391688
-0.000383033437687963166777229808622119532556886672598770228028152505768455688988589299899575812305589110998687791867720959234
-0.000375625167129232336687706973472482672585955974020411441298402354884838811208919054178940719896100154124673518038349132725
-0.000368864712700139031037008512043952102812415917606437393801085517125881085667045330448100945924248884036620908890265801898
-0.000366633244017485236093828267055567889747375836654120226045736307874532531954052687398640502794097846389925543295302754056
-0.000361674355475912004512071253717265556868335245233230032362648000342719607201651989713770454526162133173804853699662668362
-0.000329571610400003578357197923141532963057915413579550130342080127204802627904183903798523179367540138533126089243279146604
-0.000302734069069089290987177480483488185757901101043149023689000193883242264492534790725051235394960306944877528662847032307
-0.000434526699664596550594562239271295135988389491796728580638354987990118657892149934884839844766851581185821597054381302969
-0.000654085563650308439027390249197897409756394797659053285263424192350649208252851316540732845371876271117402990663235430358
-9.49594209337399953884306100512467074919130662164823703152757165562375508951701362170349977255849395055916275549504976272e-5
0.00170274609146683523355182891156482374239075552660769997663910529191066950044872704141578059348483312591595075584895009518
0.000908877931798149236840514043074587865289531579606646143069037507662460265506073600685446843296445283300605547525160022676
-0.00923257044005886020819767488084876461364296590703865694952772421700662621808937706871550022024714177817786573332811423892
-0.0192978036111919792569680353047709690500294098237100373437719382459958231781583267862317760988266489759908954253145203049
0.0148117247784475415041275255129208485708958912187964606537162860281548670599356812118424666457145142107314287711938740499
0.115686205685581103272142440635823756586081729829397291816372159598839362666021873458069061887735895733326854648214976817
0.125919131165062574242939373412889338200457540625230626714715753788229504219765241901232486160475113558881700827260415271
-0.307075701199248960037887154851555265931546791987820760348347492929535508349664599989483294350922133424728853421959390424
-1.13085557390579648972550539184833479360382805897213469417102758303252632799630197318250994221139912446421883063747133971
-0.829098435641081024295864048763965290294884378165642690080713457652093073370486214557885447393091861089683976434191040661
3.16362030983390254927796330188482011010173227281464203008395805457184376641132323779234889454441691906453782709385167356
9.86426253628791155668901073318651497543351079087561215024834998482970870623354635874794952367536030788227133517911476459
7.77400604577655594623177519775952587099086762962798194141301082006612757206839532856221013970275640570479141072790080347
-22.3375807215198913208846370242423238674219194038906459061524252027732998822124604866564981739513488945760123428139108215
-78.5765642014309846753709219246668978767573663469000398297576862557327609958134656391678124166570016356583646390152315502
-90.3217604214316265617934297270850036607702653340189985689941166806431624281117233409581607602485106761809097291957714990
84.6965442937629957094193074543338175510097562909149894094173590614555497673233898786495385873165854261522331312485310918
517.697752267292368919249264966112333610077799263801478609323691003507878178173685542181298391544942958140951545177589507
905.105743947467679876660585082746196449446097712769217320588859712220715905784347100850613203831137999240493790992906026
356.230550869432371499609411285128040687380748728640742489864182357144091053266594478770561561468981921271137966626604335
-2177.42248243312855932013768204872086900879839797228111702417533906544367648241349766028745401413463667118537670215960204
-6384.80602459647856690345463378261805758257607352219452162333805870912663260409440786435706113374137579325892681285560133
-8501.43031037844989503528549494131904821556175908783303388369485904021800790313299976103020165456945542289905790840045384
-824.764054640040506670029865709586415406402958026246960191009759630626703060570058458221746284147488749166936525329540373
23871.0768584256776640298540415356215096408625514203421796518391299947811344409740575962701834767976636322498875986889126
61379.7404108759742351265176192458144065703488586496211003365141418960975413394694147851894594395409576520074840100660411
82804.0180426084907659047380534936252066708767689689308715457670487538540813169264299427570502500400076037719236173447585
31672.5894181899174302237793297566185208216553244484612163906623994066118145704827171031252662241171217052674116689085452
-151147.400016450569460134155201643517689819225680271561151579769144103754199378515347044607996862258912499836376839305255
-465214.791995898285705366652896163218248458082926668474001258513841596541113268984026797272194702293559318981171059240288
-767402.966856905548163919070962984091757873966025342183915346157727133140642313988916422743883925207218856702060791873610
-722333.914899414156771199634862237908497717325553602684478079221250044432983737127913692494725475288270247491524364933228
131062.393319350011221446735121438530911720238008390914788830830710207759145788113103894783916090087197638806951710975552
2127738.16843027258676716943091178486321188790322655970501594010717979402146731028443764340854923383026359530217904087482
5049644.84176682608270733705354241460788768038667260513192295774388582619137376321561030484326459329090402889354278325858
7672657.10658678670988277600897152264734740290086413578265357463513214082428471168400720402979372921052866213520878748823
7582038.29175983826070545464784388059331843409727421464940012019714974340551814452617756112780546097808093853080210802286
1613627.47035388461145283647988246944344836992419462329405556823056596427609581059619966736083409920759052690631479917245
-12835766.6675539437161430640845730115766123844943637849851001324199388855768122370236857705700928036206371386896713051936
-35715120.0287601931059648916401023380971341265479587853212829233670675107163236578021681339318957453467348024730778767023
-62014331.2242346676177646733362568250268754316240115870840506108586381993753164133851164828121924352607747526180333016001
-80285263.0991906901733964121670483584012726168747177856140929411848482124651011861634257901644187866515786314990000637358
-73232519.6983834599266593170890240310082147394502200575457067204387363943954543206888627437107118933196671654971794179397
-21350260.2554596034707144208084141006218182918127229152072978878727894021043754480755011057246604791157503872956520270762
90234627.2705915179057017982418049231531578312931682743752340144114381350359188694629819608700473574777245052717779533933
262774638.375416002875714103726612038303094881202610134194615927552464042488225560033236989784142500948976085218348387686
475100058.269731105395473834438381149409048128238876890485767260204018048084478668955034146444931607083125189242967517748
678172519.830900140203733753228326631899497647544690888076870080812625349809163805599105369410720515480093758414600063603
796135978.273944924869345756563345031644263744982263294216825140308398456893179070219004987400041268167973128097629593264
735907163.492769857306070440049427864218448987688302776088398374475077663590379602023391343818511804872184151373677115780
405306465.350098894146848892713715318677666047709449542273870765991599393298917779484953674173175688189140132108918567403
-262772491.059822847970689076372368917585749588892797347704097375834426369585924298212345104322601383534483303888312251198
-1284916156.05888072783165895430667580855745672275904468355938098392851000630593939535143979568818493877314280953897952736
-2606528434.48138218623545565792849843517899670297035099254287886971811579703019657292397944552466000118302510069073681970
-4091854394.14921737755068917022819793963151969303363393731641668548306389443330890466334623299324035598599632171980938247
-5528867459.34211740657699750201372091857822346678172008259028855111783842451942478978436390272854480974427561719204366282
-6650240862.26910222223116689598530023489565724327813393107404565248517886711768368104314051027401530659852571664309691341
-7168128707.00182004812210503798431004607552015163696089627583354298480444419656993812912492145106783567674442461268391114
-6817303780.18166486252294486557539055677649644270172643327740653986965332188630115209603355324715597594969419126915706157
-5399120202.65432899130731092499540496557214615040042552250790129407721801913647180111162262484662600634356545743834781678
-2818287759.46144287245510731062537691639738657950284235206963742382285087101634891803356535151484149244492388755476765989
894343677.263381905525219579470956728991335648758687735389790088060654411332119745510662014224480599481121416080226956720
5577198627.02811851767793444190203170738815182914464161573156869908539085626313642465767724031819217490429451642516999367
10952439229.0509263111131367583515802672356919039675577987665829150014822388174385880366648735398407118586534585407835727
16656945958.9970112696765919775508891431461209941788116668978068069349339367763190334305693986569682723852709161650687408
22284569143.4609187300055490356937047231285342350536738026496312996839388242450006961888929278843287276579876383318899314
27432834288.3982138081372525131937680113672810402767508669258638172440188889835245918174959520352848277296577274860374137
31747048421.4849042695584555129155727491194254526716636341632431123698106906220170960766769887587531915682255919630898551
34955749805.4149909506158063629923880719447776994749987617665445752699292079562336182534782045045087829773413773285986941
36893337539.7467108154793792369327618468075747566836118083655607919577646378373350586849031611862675504504378084030255418
37508054940.0483917863046198461279969549540828451585825762966251566588573702116987831328892286400569132902774787557236303
36855814789.6244450416627310302299337799376853043978623959143586558370402310264194810955355301378846041164530287217664956
35082263053.3760358363376832727002219508755022264176355727526771918866538604716520417897441282858487416850799342028530850
32396740032.8335350467528255848438302560245905022925064846163930400045602511882238215495827226054187672952626100525760647
29042333101.6432205141666067954166554627931903120865181105664021400971566497964529152963756576976862506752185052792330526
25266082525.7418115466088800134386377626673059300273348387134250859213361318695460220893982703478876472560660728490198366
21292759012.2402495176319712200787899896405188748183334533577276489314158235609382315974245855823181691412496770599993835
17304682487.4748149618856903429148083605034056765397573110431108670190294587754456986458507579525796750065439583020568125
13428998204.5077700558928965358243846429345025007637215008173862289623632274811974211563108589966586035624911437980262001
9732832792.09673251460805099627660345218163987895113306869455286977802938574205169267100391190936698457648262111831735796
6225926077.46582419971525937768743701050572193761759668971867598685833489921775230986304128645761472523847821020124920665
2869720562.15458636918026641496987285880205643880858193606718082204027139310049248801592418270608383462078528464458414290
-408515637.147209997393238338229777825076345866262180903964429592561543607869789221944386767842197547946337575792115845951
-3698193059.00638885780713999321186723127934008705325223449311060035151357855699047277214088543268999479511268181645833165
-7086310989.44527714309094311416178793559482930550463253383989209305479472600964705967436861026148723392098424337776789117
-10638596001.7201910390881637093567646089882805690468453601020200092190345974658812893060909161634909194181282665217950387
-14382685733.6311675235951850492619888315903703664084751637989825473101859215553391788499837045884352017049682946788024392
-18295115437.8981915659537819035464472757772249459764095291283728672648458204708560138886773487953065161845920141178066608
-22293721992.3778096019894441885780788449763560796751457487026770663558377971963744646551298722062711195203456539399290284
-26236805813.1048723524674944651447495974169883817957644029473964123895966158516742342220202690401345918396905472861094197
-29929935709.7415990195732436095874043723095539363542536879029375590565870347820531496688470751446745174385273713053685081
-33140613290.7769061390783847622835346111266037092484982552655846392057464289410746279001809653584172449669599875245551247
-35620138455.8043020736411024190673847311929734555493028256041161234232397734121265911080451758639353734802007162552165009
-37130996619.2399375463218949571624134036349481942600176401550706906233724534238811745533234319700774941663118375869484027
-37477043638.8586498941487634923144186808828819873783890574994868993977173916110512362026521017802545777972352631514230457
-36532872103.5419195089597543143046331923482036457294962508274267288129095780458754027227452713145887296414479576855061610
-34268209131.6931748957256096247137231877791722613053897491728660433445430414934747450257537803559167237517377659057390847
-30763218343.8413667453002241168413371439610222462583600592700331267725383979561699739032676011805689548651932491374307647
-26211294966.2171582835111166019250222257522183276059671072509176638493786026757793860454822321616937045356657771012990235
-20907380685.2029605221624772422644631184385352239409817819839827961133227731177751526698501574309186279702610813535402630
-15221863489.8742743906960091732078263146976599946039380275989096168435196554915478517427237737442003726870522765580399893
-9562488187.97968937057212561451436232061416542446009178479649776664912309145869494551100896495347689353555189235457043451
-4328974997.20112399861751994531776079419440602767233144117262007346088366582813109883028040660919715404222658372060550974
133247104.271238013384007247912770824216084732686340207828214075723477195139132176130795413237561078365400594192427609992
3573074382.26330996788272438993157632050873205652806298422123883941581036477740256380629616859632128575481510624400278116
5860982329.82369355451252781583017755760652062785099458936539664824324838110764950139273667279040758194585092356279587731
6998838558.38255370948892537744031896837866519939326127479143656300063066244557418737039464837568237746423839256096817871
7110550465.47154693830657007356263226601100964847263722317384018493107295850122286734266091752933090151829594931791646913
6415268870.49046687834572195065536801232035888394953183757351094506096021249793867636607491208403818402957773217176877790
5188104321.22629150029562288433264109574979032838964881706923437744157433522960627832007446490362484271037075485868518549
3715608497.49827260217819818893562028509930976194808922871908776010693323868461167215484122736963661086773612679532204711
2254075900.27348266117942230776854815241732540481355554517816739590596060133863544221796957034120201676638422539532356604
997814655.228865218729022881070268308854396562573305967178735220440700393885061343016407944668942307541872107842189435992
62120713.5990640094901674317914253443131784428546471641989483101976581975015640919287155773082663233893717336888628081707
-517648047.382452965873527930234092065935894292899372949030492128176468888846982384718018607630081500294543325750770003321
-772939837.495166111688366600469439693652409095117129736226285670770939565706463076337184872521812008945953159428311577581
-779563250.568982818368733864042464128648410195969098025224697646775454467539469782747382262904666559922947401982022982657
-632020117.323667038427609324531324909035188918203401618732456994227746233403293042894819621525463522840900934214704529686
-420476175.180677051481637452149044569060933563931120970014127455542234693537011845123283596015407464204382943834403589318
-214630219.312288645083219815222285092342656396519401841041199361106722158254405894304810723062353573620829637619306772745
-56350997.3216008145344065476367077098168476591495684367748713244410102687783384677169159700228472999985662581601329967734
39496576.2440853904590982600115186984767215533004127501007136403837161180922993717223807084719635576509841586211137457421
78452739.6745212027595134536789701273405451320686215670433642840886708592033292589345492819294494171023048175543917692632
77338402.8379957048759331905126005298982299071357520425803207366555586490887650020997917818811560798975331529666987940052
55630943.6061225606574286478318173159085783996603878484363331098451654706863339215594917015858262959675642227905413744150
29375046.7954394656162759016094276416463523930671150216420949941564609030397559594147127739332745958801895215979257840998
8363174.63816750803286081185775040471788130562232682892706031657198001168270872397765472646222636076287445325370200084190
-3826313.25069447410653575502603147116735814437760364312087660591022613916326470537002933152414410085199117222197502834609
-8028407.59940272975080421386070679486297276599034386747843569680976390390459172074443480583771422037820682268326613215681
-7157940.01635765903328273191559623823815676997378047322989143117545126711890837028593714884664873287311372009590297647433
-4278813.03105435664270140151135369041193567459743136499415687012676713741444463041124401871870224310364235689278297693059
-1519233.62118019952549901175352800459689661939422224604993152777718739488562344023959850168640708396794286926226913944807
182094.256197758363928683810792871488912358604685399969159038076077403815022595220570293721078588688220833020717182173185
790866.503710479904758634816440068075867587227428473016795542808256540151474299961686701343203869123146296886800175873845
708076.138062693208941960699458913116016306185244891874817531170406988780894893111523360236862998385645481810330051680405
379052.647768972239346346005409077073111107620104862411990323243311231285585808000409690793171582617760409413162298520560
91322.5287297345152452141836205723806517409704773313792166168661717524111190570729683124641931490476650076910426966203150
-54903.1292655442790418020603650901953425260544824271122215075633759320060814354466119828406442231498728628865516450273530
-81677.9236699893619847769120998141229895430183608246502267324250690830686820957557584426527078545613411787381486193146266
-51863.2262395112784117412745404890429478257823889315272458265582773481779084103666114199957636460504671458633691758167255
-16002.2448980743901004548364159418695428190344125373669416851426158486481697781647229095625318866195987232632873012096472
4147.04658446399841666527341912312362470288149313343497363787637822885920550248929397070376343710451073589882957931515301
8540.43331015324221380576548478958136151377538119620313634617173501300998794180698753050256030263299438122564167417927609
5306.59618307749103921375598032080623401962124743867946141032753166021400730224807515703306512745664225949694337711931714
1331.32700113270748178060947910058363120438538685817424719696424494437822713762819073684030168982755292124535175384746308
-646.122591397984713072769626675517516817988574620854894280667168635368698724174680596634556594948401154785267195359844729
-851.763204364725974479554687947763780220046508174492391881118696280996834241983528286532703259738168298562794040566245375
-392.262104665049419679057632798282330104344090750970736755133664975984925967559657273392160560208706500372072449516044495
-15.8308352629175547414514871083971580621897073557735937634475533750278259656592465225801396127172539207903809036697606853
98.7699775883795009340434047454918972066091862212019675895324346145771992828288267221658321923457361463861975156071027899
64.3784327462003824830778005151811751855751075637619202430636420807996954545152246018556302399536436894211881313428444831
11.4749400336643731943447129622557194474815844866376291884600819375765403437705708122250067457384124695278305975072894723
-10.1992453003154134037072523181196201513525402588653830716599607888433473705307866660956197123876032836543750319030930600
-8.34110268562494193453733767554662871172108570573931075511942662498782720592091723633642889908162994699277355621702873147
-1.74141046028659591844077701272914592361557067278392501145248399732130133716277701192706697684095460914929593070045006127
1.15775701706460528449470781333714889367337133881610041918881653846209314281084253600634533101519696972591446580879633687
0.938985831974366210674286867203919889092457512594054732746103774693732303755030787570738372130341674584304934087489961585
0.142864902858931074619640114546615620546449416735011622060906828216756960290349527081101759430362780229468253880715797538
-0.150529789405247019613440144860769718108091195536936335500124041494047514408634622945814398712073701904664050163765442873
-0.0881952300048409495158839537139293686810120663165365719152981234162314688288894390722619256344995178506818257948247720936
0.000755686357228781432044044088959620933006858910577507867914099944713805095396265972423424915064137354755081790256857317505
0.0186976446680888738239476718599357531997139614433241651423060068974180557298692188684895744075709592799285029960098698655
0.00577847451924163688431391327132306609955221741169348866999799971805586174711354871581347726207268114196884563364521946429
-0.00177686739226816774021080738824371239503013719863875318917954271574030475435678082414523415104908078974617286200944821666
-0.00123884680435835280943416972537234770149471521242040758640613117485443131256739835977391242533851526214956452359882466477
0.000372148583507143845366815203414665664170356917415537332063932056831293073839295509641655899725872519061100743237395628333
0.000624313515194513182621779574826783355352978670106405386678238228876629181693988229547853486743515616894182224380686561528
0.000379865834448340786655905992837919238617339606712769983836951537351507647165217871830400382814211259386960612648244666640
0.000301642994203859896540566908122091632752920337325060272021874132218015355125654667683167652833489025568245012623741381480
0.000340590323683313247905878372000480646154775592759930789068391979370994344250890966536916278133428838866676699384739613149
0.000364521129050108850081784673906849504415501502711751827778464985041710447937717748966370162739079071785700681238904666624
0.000366756260934191275032702622741699139702136500558890135968626264184718367775802417771650971992378311461709483063530906498
0.000370264246521357900782354064856049608517599484468551093812545848832481967812876132469644829541744207643410003373174289558
0.000377534104369750607532681823791274555118862374651213191404089504807469051548853763195351174032808429594318570467180503719
0.000384774368261149401494934809214979932990166798666396812626529433389481708080641042659303569548977318402232932954985709879
0.000391604010646966781027411364725483844723669600229010543506116566388241351717459608518002408569996490797948136800817070967
0.000398647338791326848907983644068143244202324244565835694978816385834763606119570587245436722782894753353515986947003023055
0.000405929279512285834587366534299280984515774512193931545624048703272146681311468991274322846997761299212334621374303052380
0.000413364102430331747653764196566811798868920341399493250397020334698088941016588694976850051937717462140648080330472004555
0.000420970893768647907318724075547982438693982392187688235516384833884514107698652782969433541882367264324685640045475421234
0.000428770650354790039075274110444787987704395926231841021806757208967162073609201597647589714592800671596392280628451196410
0.000436769844376691486743351109609087556280906980406297881135732322302319735909492395657880969837220449436769019040533218847
0.000444978821106180793652667929272009242032590349372833544007998587503356414657278899477044836418205037647427862052586731341
0.000453410043972000789216300222758557938041526037355789848980112226720153767643775528656760566733466438920870154703684835116
0.000462076131723621424877884669244613890829949298227957994132311980097217507412305147794146630148131333188585477156216014550
0.000470990816775716354648523123690284608160317389444936604805136399799486855169674203751416947284011732472281647029746930306
0.000480169025782797813702761099009398739265500424963477511996354457142202398519058495441406952863354033221385491655505572458
0.000489626904559780966988780682354655246574315964923769438824029917347929931107596738668752259108361698458007871413007902281
0.000499382000853946431335881054373243242459517805266002002775560310457424565864157624484071705812353700025170369469348399818
0.000509453413605663400445783417523267894300804381709588743471546551856169866841260212556902750514383744946135714631635228316
0.000519861972587130093742231907054732980159790272956997386253969005350313904556309439338162807776467151300993418539493273485
0.000530630446005526266631877026228829397764524196549020005613885340021510272046669690367353711913653293461743007940077183695
0.000541783776819295478603184976063072938297902812817101993685783011505184995728685847081577141172609882749728626910866785364
0.000553349356148852184998868068762809535173240768529352553820916627196039668731586277645091073805070067732656439729629607594
0.000565357339063031546362273719142532447988697740201798657239613259098241723660247627746261527756598202158227210326462972938
0.000577841011457293507688230998003393541634516794859853391173189087087050207008867529657506643380787198641900092772632712054
0.000590837217638551659486634214113788253867988600525693621521408897111284709377537196422504402073154079854227365216789725989
0.000604386860987366699558442335296621412377047548681613875739779050222582220968404608390787203718553968333907143919099873751
0.000618535492679501607391641926712220942692691120606167240378092426190121890428342948694003009996207415204870394628995256451
0.000633334007341121482372701928826671169636407393391527157352941054620728466215323126540302378935737035066877378278007748164
0.000648839469109321299054611837706145239287745465138264381797974525848923399021567281377257458242058225794817913189186513757
0.000665116097848878237910304370759341328198593142281710070203534449491043191428094158354343711009579167543972033921189538525
0.000682236453180713393318074298837222770431276503588636285139465487906838405072711838313556657902607362476760166023571729620
0.000700282864656971774823225871229121263533442802467677189513328851180897597830777089072146134528153465364816005083739969099
0.000719349170305650535655845134421083785460517315840238950020749646877367754422541805676559116600513343718287424890301128162
0.000739542844702330334906862731688550376382317334124311902711759294143040282541722142302118295350446123073249450145984773322
0.000760987622972026387233824352215124697858440400894821628514097281586380789300883157055512085340700716600293867742667142707
0.000783826762164495707932534697280790269369121051708850058483374048490567971229062298602676366785458234915458357318927487344
0.000808227129281646024906056315744419142820237452260045803115996310642085796663445871785653373296897993154902242425114550120
0.000834384373268130992450319903843243340845246817519011086821321210546488001441999349045283301112852626538659694954983761627
0.000862529533425517872947479682915966213715575960984340637177082265974513576574481666078683064639218400734816945152413193205
0.000892937576366584266314579484427267112443540950736679218685022314250130969940911756922259961625378045710014311848138920358
0.000925938553857730525862675159627374683772040731927324606604167081987200498093508679695745724781168936494217625515685980756
0.000961932380321022620935236382946593227621175735159365160246560739866121228239425747861445572226769608371433061189621175542
0.00100140867835443914725262615294667096585968549602757062134147454441663087098157573802013396295792002865603359073993443171
0.00104497387090190738556122871188393595713464695619183068269270910547517426949684307796870858022335511539286669335407315721
0.00109338878378951587317531404559061111987521285018754071652423151142833653933272177989505150007978538571199871754665417334
0.00114762196369971302550123390027370929655885600051937854266849205075429594069624640622976485312057027265869722954285901052
0.00120892672569412612511290711713087462281206626609800188533350314936996740615399671776369148223344300575033093164068573763
0.00127895600113659734198486086882995510525493285940861440777406853920396142842555254655293446119602920289455070093354712725
0.00135993645358620449424859492327241994058323380886275231912591022646781611354652357412304059783933942885438464792390110276
0.00145494795232114745779495779419518339268564358763427572605316355313188441548027602648416674772440959672786492796280393789
0.00156836667760694234281272927975374919584738155445854711194143684244620901328343412157628289453970428956847151275581755542
0.00170668638674925891910263224596024087021280046398274128885573520759584377302745063185293859825779264721839427544321194528
0.00187976343986405735523272603697894623641399232568656263270118684878834886702394873304418649654149295148227264819117857384
0.00210434650773333954545224871255071263319406547991292125828416985282396786513936885810676826965436011766186506854137965767
0.00240602780128354580057790398949223041626812740297461595052471147351377975081763626977855864526505833087237277938806730195
0.00285425184816884845747845783467283174707984062589441581776983549398326763386636919880445416812702365434986334763365119532
0.00346934280036505355423583291018804659128752947247216913366211300698919866562124678103622575654898339589166772678187208530
0.00524932994116583870272009888185090777899785660392308697613980377835670263970602595303859495572004139671845917992785340576
0.00374029234720072256614108378123785199061081609643750333371698728859995015908386571663239192927639374776111675078290593660
0.0533640463779453967282065517876999251424382454852453894329996902553336089012652119864568776943306307241677430784241950193
-0.0290401221756423905163910966775247421287942269994509490982361009582861480086023635556271570503692260236050485985964058022