0.492132384059633626868201771748552256830295970842775709064024950454457100483828623419193903737508123487857635323385962800
-0.0647827828190101381732592599764439562265640322589321335681464631543837335615046021319525307621557414070257670536619240926
0.00726866285530501878604787612380512849815392292907481177597441846561468955452721066442079488599408272452326272250922437954
-0.00197947052212451813170877453610487779913989792893474691396433952823631017548934197603052298132565301760198851980293321368
-0.000888710018765348284673099864526257270779159968057028673328603364833358486355905969341784231529617845595068822121038334049
-0.00118786981122698081656393855174427512412819688429230338989929862869290592402785779681707750261746801654986631573599831795
-0.00126424933751730228650510490740503354848746815809340219202979874512036980988418287575184381543592283295337828401031544997
-0.00136292982934355916196233971144660827149243618704316930011360476563641355467958742355158694958960718566375239544634320571
-0.00144634521396364836127242412673339240784646238083382725075397713138921886303742509001385678222642457966754727313097296121
-0.00152275381123873393030146717413857064693221827446428171296581161560402845972272976963611252074425981525264905317763303789
-0.00159198738749802056157684954969567443477339431699527896522335461838892911131131792240345495899672713110894093821294186822
-0.00165515463088216501570482646319957687274456869601030588388735563883425230869761506720730510386113814434632221753601944107
-0.00171291581958960493669204207552579342395205450360960556895491064994947048808232551076448392108517322502089869302865971054
-0.00176586033057148929386908987778753364432918724077830354032173506584908326772253322011862421794836392014315680447628562797
-0.00181447300860104284429487486560725469372546896651926713857906166566374455966960884218149021253127222066334142655334610263
-0.00185916420860887744221315590431139016582485349979157736722039199893335615783303672765620721937236860030337364738336577070
-0.00190028471280567482517572306116193729393152630425502772671092856970409748899383731027502821868676505709231129571470235586
-0.00193813645854541464350450573812274328236037218391454832727136004038146524768347991488297995361470961882749461428152067697
-0.00197298195545264521880966229857891199383524145209546971843142167108220616631333711693129952557935054784482877880658755047
-0.00200505081975696286274124682971975487627696809185884423891927425352543182394799526227867578808689422405513511810408945721
-0.00203454538166800496553487174882569132405609108923778760793145830445321052530740997433708621256988375569336124441408294182
-0.00206164491414525735994719313735610916443386099334371598539376967183210043225975074433452232385054595424992424031719555773
-0.00208650917704248998551473239241294425652558272296130507611323764771812377346258562237873884815242787863214134911392561451
-0.00210928122889358638068363868328058695322602414608144546252925220408927594835658542867677942096435715974823068643119891782
-0.00213008977898103854014160407137204264430825367979361902761826633162869382210609171439475017386367692812262292516277535300
-0.00214905110991454084587162291301211808773375141185552398112644627259822484697500363195302645866106798839028116862633544868
-0.00216627069707624423749649734494574245153183049881366555314600141803478166768378854811846531160509814944320222218093691458
-0.00218184455887990734273113105577025680028830384073775537334115164049879163895601102331887923230376469413636689942354129002
-0.00219586040501014837222955965171401418337594645083988077656663842195243873524726311657869855833638911080384770622252554580
-0.00220839860797548851566198010347880975033299263661692702298394994269795623163491458729544028849128922055217569328323927819
-0.00221953303746157908055754435848456303241160563302514189465860289865725317998297078296416170960250433724238833345499371615
-0.00222933177454937799262097199215990800013056909266145013005322084828380855449545544524631984515887407082968864954855332179
-0.00223785773091270803517948172564838016810199662073555888383421396965923246234989474386360007208846170864593461957525935039
-0.00224516918386812666882982600710780707742288157982909134287012254815385546881256869685710902065387161889929108759608957256
-0.00225132024450429181258462046827403004320862804329509337149464406176670554136243102696386200930903733705659343434375346033
-0.00225636126517925101548314886560778304266766356961416436203059758149402491060418846980216081509675733858150616648505620604
-0.00226033919943066462159923073500282266068418500241816952287588277235936899284224136258602341896186988527220155225860438448
-0.00226329791669438122337680946972999437899952587448431546938237114576455288099884149164331810548207362318833708099248638406
-0.00226527848356913558413840100173871404212050948700638863658169854973888760224428716601140176916088408590378323782384543664
-0.00226631940924699716769601582854302618559491004707197465004639663684573212024271066325430010563476804410781248896841942000
-0.00226645686991668912553391874803745174508099779465125690849517228698296436130761510517178748599397653846379145811299766977
-0.00226572489888935596565183871085903616352914983355004517166694287468874476376132414754703788162080254470294747688276858920
-0.00226415557584007534867640127805134016892777871512447403900873890382773943570627613410707704203992208655043989956041976771
-0.00226177915730863948097570530828536265126148273034408208648437260480874966554382514576420676265309376161755653901461234479
-0.00225862426919163875676239299777321290147955858129885947041952654091498308490962516406469348403412174978508213810218559136
-0.00225471800712557404065768596044981157182467707736662364355332750059700323939785005884799346606375296024653103408769137094
-0.00225008568166019126111257235024693088792415931176349585046010241226660063891057707600097814865168325054684641942005028352
-0.00224475314942924379111101866819083900043386561314868199086329030379522958607592907054970501749146798229955150037143237399
-0.00223874009269748332101154987195667283429712303152898460174836140377631439709128457801325697681189861795231951833902028205
-0.00223206772176461265884390107664313732508398880705435841140366399448457449819447911732107254423124110698559585889101157882
-0.00222479135312638916018863162634318120222405921269319666001725145589206140312103531607568841468293357445722943841959602890
-0.00221683280116863415492187662564289000477972183035947422845576838981735533121946467205243882313585119500305363906310669567
-0.00220817640945891154882715410307144458884743469622824384357277658258865972917224962693347324751302547761163017983898078539
-0.00219972964388598093967706029095440070305234322677568738550401045976437644103097444617614769383871142878035589743999518695
-0.00219008739162494637327877966722610735354378144652718080628906484506760666107354873396347866286522504054247720833136982646
-0.00217465413063784278783501017870583538832434584679665499982659982473857051825032909289965575510529282979198605163300701103
-0.00216999925810304138179717148495568875775114074117481107472376920718982116677468179978239212528113912083963879332160429772
-0.00219289418088214213407622397226947696359807729566910340380887651432821343635001103534223245090719241279768301921287478622
-0.00211480639963755553980723123157329994784893923713505260009439020846246451545311062023104231263183287676704177350965201388
-0.00188661739002008827684304299359953613983893496933625364946355619399464384132453480878204020688097992272822610753769364163
-0.00236928310401998509614972099973001519334990562289620913458127921028288079577981741958493355669672429127557806509833941706
-0.00381511704255637379416232712872680726729540761014583490661628616550742884926957128825998416757543747736229211660590528263
-0.000912968837004991391326593143602521764919383651499610968408843723542104281818948876939600739846166238836230736032235301085
0.00945746538666890085607939533927308244309741631008891776010580076821140056129644834100913751862608870105603385016823554055
-0.00231034891103404646225071534244878004959242883482803946403687934656937831661388336266719328361642290114410298291225634224
-0.0724243400680060655884215790163333591457307807848935915316689158982616576930417023426044572524891650622767411531998388668
-0.0652285132673264181828281556964665815386292651004259022378228413706553214300591143157489581262232009897974434800815743551
0.336144137181602488140182745555152516929128272015140188593073811621271369042262291041429761526854920783700707980736698201
0.749558052644587387620667367056912450859473423888343565308455453987646777194833605357149304054534617202626097756834051944
-0.870545352991442830060428904946980958179589820453744689870654619868853535947010191756183883815635814801151505585002738347
-5.19967174709262984572538627001596556242995346541215623887368015887493122682873011627498881303584133303830351932220844333
-3.32532053068276984642426258175892190534753736580942166280295407442972734045437548510125314626811825587611484191261958848
20.7992499990192889112464228752660526567743710140424918299237903133300252943563961256591808501339055576191377815857289715
51.2090908259519391419438587701959678726959453736363559743156254097167776436139832098393612488869013919674998934165968229
-8.94307963367090339989142580077528329432349047176330519073211256256106833889504745880866178021750800331914545806282146278
-254.176513222379943702556419483890255241406410554037077018514511721435521221650706317004365553632275393419826561300571237
-443.491936414304041954246144288959704944958672165293066701745234017473348099174844195455111179940255851454551291248160859
248.571676035908399138372722850504892005090848397838641348350394167432426232308072164153479382450929465787019301151424087
2411.41391005983355360318018976522814699653414135909074321182897256276891276202464520373807621895577603529759214434682328
3976.05095963103522454636905047567418764830250608390789278606628221682683315228040943902150035364500889757323826338916622
-1391.91299527217523987467176868473973216714762267569796205145388767076384437461324487473015582944507098940029188004347204
-18903.1161680989498058362599454054847457025151041562847631964402556726879935654213746936489092179245967866347041348396517
-36548.6897888158391667369394283677670374982986858076398661718514245307062590378846807591577075943333773218056786617728415
-10717.6502134023797029925182326532871859276132630924860072514991107749705251566692013989530896089026835204894958354126680
111011.094792125420644079717652037150218684313045836865459135775733473138401376086382425721842855211759402591569461796095
297202.027465307227499981807161053151903786576091436942846078755189571470601438837361277190593389118134765596215568839689
307962.018281422777340720252262256468097726584942042379950559493140047756430133485384089162186260166679272008303353640842
-292163.033264802489304745982722906414543519343376291647986167922990994073526190934182165509581178522548984553079757927210
-1742237.50513377696735481286577154171276556659646982859928290740126702719380555126520001633961465763862378330542772815973
-3271164.20646903612417548211598451246127086748404670932555050358992968978020857345078800464013720854428492954853250876987
-2405886.50548089981819867635799284184006588174870426602717857988603340454679720894077288882711304460416045871640819073886
4349902.08201800040861919099510359276973625597174723003178412583352605021592864045749352558510216842424789010705383207456
18186231.5150935007182434985202256030540738137722582609687875073267540532642196972879086772549047109328553734004389070999
32316352.2623093758448975751475635756696408267306500016293316552316007726508931605653621324401845494660364062651629931599
27641652.0245724710019103194522824636427408588193876616218136369142724705947482856206278146254555167797271221773769237833
-23118920.9001192313832848891945841219335384260601650076502563699331136195463649604643135534800378445277074855248111149286
-135817210.841373497045087647586426621670587683608059922623946542631242231408017434224198431870523723778331959530943447284
-280283052.252155191057939944894778526809402473816969249346446284668445843473006868794852049156780036347138523315876103996
-346697066.066865189026777511002782635931216794752450598326638511242442219974163537857447507650341978834614918366075688486
-146026305.730922939465203536825902358231857269298819301957544503147683840650753462365251399205434619297036088052989149724
516748043.253982326959349156973755799860366254460367817131095279482893972782830829114803369041662100895871873889467215498
1678678086.18235262972462218568522827211846395786466671740701168053834716548631723592149483247828545215583655671501816938
2999734594.03096226805249831483365187859403783912638313526878525642542548778908741973134656998012228269514597289673404087
3597306454.75659352091391313637574826082977113448803292147634773235613281382466998354781737946020187392792285471478318151
2100349245.70258083087904378916179389255988934563104129159668660946220875923266156412672692592893192130926833528151022079
-2917931551.92257430658682273973515433992989835707623120608472467973042999902280253721956888740693842766297770925981287375
-12079420881.8152830899718669772003205781398153122489670091758641135827170713587334506412364193520361425056364596223765933
-24073756479.1219403109068703065613018317186973840999247940965749633798031252624351458227834321628860565336566558201610166
-34679362054.7730407657163563966416594885039815658020161887664861324810742254005197684839707356381907463408179844915732270
-36535013402.6437455531869984528354996960183848215974348348955028311011682896750318720555528934737430276478782160228649797
-20259261155.2275109048004933000443456424107390181766813998718665741371564666237558777696146352674262946463347104470567054
22766423728.0797348277177590238334819225919562329826774020190964973849121829318755205471257099426177716010401127678261262
96182537870.8311720923042241233359924872125186837774897831597422153910993402081301672498319744013322304397480237546422285
193918887225.993388886563881653092812138551672196185294639638314687774695140270751461007078058872219596647919138254877802
296447100970.671903178134016223537121817510850807130098066525545424984978097233726249228205785288864503231752384714838946
369757785465.893532317475505739301212910465022628688971809036407555331402678864861432796902813273674663209837171135358909
368499064018.102777891243661765313499898645677448573684713232923794387186256027256802417030787471454328238218759635450955
243839456895.240978631981134076936291466330017022585454104963272701021668503607668738506934114024361832103056491576578429
-44661872855.8419503868439836673316184991117330744871151074798043705407526014505508557195851216294580269937210397250219871
-515247303293.205573637994117171638561644133796133103741027380969039571531720512165673174727982169976339678183473276455705
-1151302089918.40447350606747006443659533609060571761854369477524449385456576338914284710051126429144523643129597905247240
-1893256555877.61044849783452589948080944551771355777415100548460951998014925860346141280871367651710754987045612076737614
-2637910563221.26806622605968886006974489416182002128588031568510749995586205917265701183071912982044619083800446441655812
-3246675353392.28502133183076454291803638865408688114435059371762038155535588009780884321292086566330816067204058619886230
-3562341858362.24566071913376944015798040134820459425925280043544512933891465973063062342521360391796710921114539290863672
-3432033536702.08729240246042272383214582087127724736660912774988375777997921528062175342034047929391231837965721185090278
-2732471479579.86582897096560897124328915619306037152563061108565885677837242229393393998108353564661681731446990210186141
-1392952665472.02664899754716282556508484253868437824719051142146024208846413518190395430855849835625005127057638181195279
588302435901.536440473727213329526172453132178775414725872272441968116934312770345152562467029870539194366582581706530600
3137604129313.13075968024910543754299113190044199762326636141610985750024519731232699923676441254857283640736558486757975
6110411148536.78587892693160288910900941864999947121456201213797563920020470676139387843399022395950868688969683553212756
9306438829915.75226482939295527352631422143877239665017596778907685789470216749277175272697679754074648392042322916833060
12492761108310.2419276664597313922426614408190969141436009978097582413539839273911227941212542908294976300887868703982718
15431150442762.8777084415337057682929951396291945503504710198453103728874988781592376557036619562170853083461493956144762
17905405852291.9956976240082149496364914276134115838637116107901811583621122133711002943244123212874333164215180418837242
19744711279251.0799579645634819248429206765169127102727285055971802114656696548591829519170696426809393581539381415006757
20840004287603.3715159719094220449269882709950224624401632197377557395192028765660687053176535246730515175418678467606854
21151670267829.6572152387092471591039350511325865454281257128793126852931197685933829710110537547209729136867243360726285
20708321535857.5556570890990680452925438827584802725963737755950825599356241159804723560987083821463237250431898047351383
19597710803694.1439621350453432176499123570443605564181094960006745403860218986268672688158572885420385726613911826941072
17951774200507.1613293202132552045123368803521280275477352919385409939418919930702450039890868885358399341287439975137527
15928306249383.2860851446008283481908526526538045352948113851573051614947573108819900859727267012157483229448907246592439
13691838848114.4545158582881583622301153393351494131334162574231901475977414305154837021667699646508543603750715917635569
11396004126567.5948913932325845822202234873876999424324039532088364178636175953785123832125645326603617967657184746944973
9169127159710.97185179052457231963555346602949447663280706558647269120383771516388910364377232078769947580478222634781045
7104151082716.70094996925615737310188882581488518774733772396465084780138157983502755264274744048575711803995015531394484
5253361396013.13482114398475093381884015315184731886091979708118762441112546057815971669602166620572600270899195560826820
3627832708861.48849412030895261079396508837141288074237117498342220239927872866362631992769277275719466256574587042125286
2201114559721.77648809564938119317356332310035777288781247586138820758421359533687777928094114133326830593570748813893624
916410354243.276654165276177748028229234430267662027341932030171815151003161658544469975051311003053979789462369926344892
-303636689169.138068584225991313258125920269432333684693639867477752677494703595183834881773594574971230593522711628164576
-1545492024422.53037251413721937491032126378284820890946542797016313350177400370078515586251349159464902138686909775071472
-2892565088489.77645983561629668030105209297713152169349044768216488784138121442130473014613013111936607383802792133282890
-4413282228479.38524158451221363722421978352759123336901748930713023038567377150738731067817280536623744498225081955621949
-6150349005785.57652587557928972496010213241198003030914632276198932546012065314845879934895838122566246942669395375796611
-8112152035696.32966884782905089732670010405004304299189420561159312679240878690309916675851839829715597546482141703405219
-10267222129616.3936123638454821489886338136075936979682393060837704744047238677253925812491291777498923682663804550114331
-12542587946653.6852270172854759330995174811446977129356060436581926130119902243241452513614092561006208480417767845828206
-14826652002563.7235064066652795219483462139384201261393951073166304415316597002704917523572860147190203708222828834026717
-16976887453651.5566148437650001089011821598973248931526382772723727713659454643747742815750460642474358571275185018338506
-18832175907364.6010210408406735200542791489002897746812505189660872054249677465692736362395274857634617255588792379004559
-20229008736099.3505204872566273105999227602373540999251310276288018676762906911345404151916375408353147210081378142793540
-21020121874579.8338035765698993488482568165584306075385993170131959497966002007159412064286929067688237043759392306104778
-21093529294092.8047260188415652518804922260326364428046752717858809195904825811686451537827252417916229510641184740602351
-20389490822211.4197480714932169283412549289972661529861870815529597727876321852823342356327601558167071612071017741531647
-18912825692935.6863308190030283452269776836114160915999448439982211809009309229851951404760982492409480938020944466576625
-16738266218011.0391243358501915112250466030477497670552299350728783485169633478869957513618335989886378441972453007728702
-14007277971628.3968090327932511986364211501026398383228504459847222142342768727388258233080225553204449129511280176316679
-10915908790563.1375906187269031300357861591905159409507411966416398763101981009917435663152737131069038315241287603561514
-7694625233682.30110908671778893720692759588658628007838408523578273374713634643579111154717997376742470041679351926682801
-4582520679658.27556889637666826658105750502362269541560992581453935895908864809712224437415838239916390410406296980491233
-1799450909195.50142186770323016310641507087135959160825901995726735262642416877951402259531699056093714785854901655319430
479706268042.198124530250205842986907896197192376266722439587602333356929429552935596569549748384486126592612304657453524
2144563335756.17662330738009837125004938076963869894085215913869750246674761515781734200135268873247975174677554664366486
3159293784863.71543182588122686480414212053292582438656056710002962914926021095230619195573558378225677240833598700669394
3561625032252.09503573839879436789837877939277535397029838921038036620318410570625586963386697007800404429916396996725152
3451097966598.61573589959757418721218693665119013989771774549956105831790123852330644609199249846548713786040532168221111
2968915221089.15264703467399026787387864826767539177001838572065463128627240798380699513666200850107531934415933553864514
2273237111065.75275878293626040064773610808840110681863342095354574526555359520665324236895604559850308679379010542893273
1514521109283.10538069412404335086259818803572522808440800987151294912404206828439628067615034299488124118143198594542810
815257734271.028131207534456354099844623292192565201169869792430101998946242090851277868536558292659228794448926442954803
257290312474.051239257874676621744194609697131191368723144362395205056969470375418041367374508963448073771367072103074563
-121891819986.112095136169025278102413669126931025312274572544812094217503535772188491431066285819600352424623900521099245
-324477677504.527520479378908225117855477447411913893417380043028537065597754168522069351419507394254845454219465113887203
-381543240284.688690288185175024287411972790750372409684232337618888844377638518779403158035722055424611795105407142161887
-339392610902.589167622904934118932144550543378457037244641703998885485369931728074611483605906807263537828700419436450287
-246384071642.474966637239359991993292616540671177078007983398294409086630839509240084823625717751872998722451712242256429
-142886338353.469304537493907849163997702660263602375081867838985552287546132339294934754023537448608580099118156543697653
-55774492012.6403234073910677386011602701346516582155075334288387234816466939318846401562463402779156345078051393614832390
2490466773.37891660152083757150821241847607272005770450353197124718265891266255146657003988509449348718438842790757148615
31263995772.9323757054731152119776818125114510496568235469701804316534217562380155959666605103668835074034608693169509908
37264277649.1404398528115023099430601371580083241101874436403162887201398668352554191834708934007879439374899789324382652
29941947726.0980076710903027700182380534340206413745341293673174189320282105625001368865842408894808325159470090157100305
17910158412.3712659770321900911085930922834179176291706929468423387184041778920946963996347163099977646788666551375366040
7003844872.25792089394736975024465972843559496930179557134555827353979523954114845816647846218983307302869591940196504868
-101762892.826611059110551141011683602229122755925173619582020122872007353913798505511481922418253270298506208126294148919
-3206632514.76030159949354257883715336234874518729168602416919908590071977575946596046612855528924214898061671932631841309
-3466122585.84908898333365989527494656404569568343499901856953596245223989865741811207746705045655802062756684807507998038
-2360879772.69231527448291269480281700290705821360024278145279574799431757557486589282385135500729232153094946141608145810
-1045164702.76247335376485492398142029775700478934301665122948386399968592154354627771464324618053643409290464143378407483
-119096604.957197069594503400160161180185755030588405107053817367459902472346949767406298804809308904129199082125652509375
293287173.610548545070318353044137239261338588956217191122192901735897713527989373406882760543073281858776979304326753674
333623461.311760380635084878721505630666042433007149517815404902603530745354274262768887162686332069770333200820862483217
208815459.165418858078640241058766669502951749094332701051284769903486935124827933797746465830575743984495105811533381860
72069270.1120094296562713793135687130771880380438774210562216257008451664396350308663654726652872842912374091160159876518
-9632013.05250169034139408910137441545594821471568129398155043106018511505845503166967449774394527599644175328860861574508
-33985539.0297248333166485465652424882008168496415659018001127116693555623119639004433796748424184006957629446708688075680
-26106275.3340147616747205289300612073873045821661493191774438002128457291920753082382866993914694699735251340502105120668
-10548330.3174229167071952549850513043349476557641765567184096572881617267761068732672639972797029536092193559952270365095
-47588.2453099132260632558810585561843011235996672881205572554046373208437906251244943377555549357421978365458807342064170
3356384.36576955693044314619595998861769874401374256362934908743856838477886780811980364396636322741893399243143833893805
2609022.80951462797773793943653675141483549838816721415548679975289919758833874318804625630784818876631171119719696332119
924364.278947656135723264057633062793195016151609197732460578463151349569712751726514870192853143836793228106216832854058
-111789.471273894587250546445992872263129432997273316013333555196606006122476911623194760490483425506551090853494610822096
-349359.810267579094562871162066981322663149486514603595043475074551563062546694105974571031795311055622314579216668937779
-205033.430471354291233059693432019576956460485442134794050383782538610127551283861664910008980143900652866024578537698992
-36594.7616114725662742237420553845097094204826209458456365679926128584099403052838433807455064510373259762305535860209753
32854.3016261829701992892338233372945127392661409393675902676570988067004057430889549606831876717709469880824268543195335
29669.1396717325896073426445807151801684161301782189647684091316039691398675630667758229818434086715445108849171233367388
8735.02098436222575749890203298640562476072572074079935357566982066935009479035142436541681663450759806000596245567190406
-2651.88389937591347511465619508761491201529318685450093177516265302907190708364300652867444007039570330339855479833236265
-3575.52374765064070819616292439545600387683873005391591826926950283063765162237771602402142893396825980579742309877313129
-1178.25281525249118457134428825443296301145213729257983360068016526803688647590611923632206298259892741376087986173602792
271.850111501140372882351907705396127319231755950934967164315887813677501598772815398343324676994957911987287224300245043
395.180190311481148930872613297738240124415595954438175425932959242250537219382825559016306888760975427257377984230657926
110.440857848114209617147137629315456953625126632753603735310940922486755879435378425579783474737306108481062411250931279
-41.1526212540498877651886960044179580854762549462437689131060262541471915077059045902085658743055172234901560308885619783
-39.2179431244251039505368244796752540550488458573388154404421119820794857594124454130969499359947811470610346296570518976
-5.45851948509421321297264963904972306021722918337438690803875516198689307707493370063156898066732386232316446212893020165
6.11140753077365712376931192002067707102354432592584495790500054814860134883791755608992485303019484797482694397053964863
2.93432880403989863738740164332146991262599199482207883630750225183231271365874711048277589674754890922383408077479204447
-0.352366321935962835316142439891364939528079867785621777858389622182135941013009258097203798899502751231459210863275282865
-0.633124960999714226408515489936888566107524390298383092217236538838096905539591036232263510475621781753473111209100112840
-0.0760570140742516656389693510901330987037158768403773299273966691918610663505715464538153826462379970152782938647836396482
0.0986702503382311143084931353514169099597531609075233661910010301826800563510982289090603817198560979329132629104012704481
0.0318004323668498382569972069831699787505150887654226637727626613596081479563218032403132010374776820536647763017657598907
-0.00983410047532029141355828411800479890563362360941525430789278008494041636370750825572693850060501601990232012686055671775
-0.00408067570384974954534833985126833049989697760502123717962161445454367271794594284574669833250022357590685247241638745378
0.00345345590778322782268492014479632008516446956404495141571293300590974983417718959473645911380453969678236994794193296463
0.00313310045843887540037678451885994247472241428664562572907823787347096978509285577945804836153956949648602417393028966871
0.00195348019975400873314726567614786766609819306734180871474987326811597543409067065440329017452233446271500076230066411937
0.00199329824085733462014685096129095319674363765930209250148722805120638222214895353327859641041427331915480971190092048330
0.00218070907330522697437717501037838328023674410481186634615694204588872182409511556537754852790467827092591681404375608494
0.00218110866951750600345308716756931531595246831239790025408620717611012899199200995521432184970917259798239358950496638818
0.00216857575726226467961155224857330562558117017459115730863730223466157589124419308028542149459639792715253515814090355350
0.00218295357452676606148555125495961397737463915562142940462157474199176591737386158283045629113719285092204601519867061969
0.00219541478436139504460534187593232642388470080142610853930071803589261494658340652081270526713697271948665987726823229584
0.00220387480131807809063238659547271415590423991815908429290794787282538832818425072929997147517751968965688817034723779064
0.00221255536511670552131635499679296011335156545489802589811433145051997554781968735774761352879509361686876662525449025289
0.00222091200517428942256118750825260957848752471060273536705553157371835465754962393315307409414755348654972254288810288463
0.00222850334842412919944493206739501266864154469818828929010912312665863780803913885196365792039558716610101683871096098931
0.00223548322798734568940892160381020787496775115729631810465120897055499843493281009221315587717569046584264035238177953477
0.00224183099870755371015987999638172502788061101074362013770043414596349512835477972861486561196648384103783406889169438362
0.00224750537196395192939623019757069310805074546383403338312654296817673722337023101240517949171739813339017217435466512121
0.00225249101735541612524569199419873851722378705585489108069776999934200573633063611283466786454633987372176280020168229210
0.00225676345183862246498944556700337369250928915611911237280886460256265572410205405747577129340474924633587466367386741823
0.00226029728418667790776063763895335552017703857000722082075168458236814838454482512178908519311084817577580017233355381018
0.00226306643193987764535235485213598356239082403527854494735417758221449114287621487161619802344725714116889350616354870137
0.00226504297274666080118390474493267858371195366727933999506794430405678482748016003414639354407496683942292621437023108895
0.00226619751516180975998611720916513499036326431667594450893504735100409705939949229581718611674131903033299372908106196009
0.00226649889727584039332206455659045726907850349774093459838827741161677732331558473926801729571393216147111589614817825277
0.00226591408843020438139898618511282978010859577390411844943360186776487500848631597052739438085472279961211386655404307300
0.00226440800478536164972175781003362585115153276572173082307318221227889488615146454196663479903241710052880688062447765930
0.00226194333094108119239087789387047998308262817639905219443094501501942385778092676328184804420569024393564778406204935051
0.00225848030738041050583871605442306800197397448325586781060087465171420090212356579006341677928111157314483178837714409478
0.00225397649951382911634198541209401163225980053183255317061804007287673593299280114671542440092325192993774174393411821717
0.00224838653250532440133852205363415664679348203272281577560378925203654651482429009175763748431749290239772963670415041937
0.00224166179580737986231014200013737694221077073999955098953668370296944761368157356022230776162902563457342709040782011218
0.00223375010512524326146333129792667739698086567413375705524023764239476808566089008837870954011701688323220495217999568521
0.00222459532109734217355198580231289587446816841660309677824819730119485731830025626879361215660806023258920549204470200901
0.00221413691130705037901382942437581503159107816136758617037116594988688863892792474407120937632083916286863202310059992738
0.00220230945157147352904714363993972045904045808595804451232595988200839412383044780302821246008484834601189075759035509626
0.00218904204898479502604516460477311369775472607375376969578749392083417394675018204599655543755740236929066176027177693690
0.00217425767929823895421471241203563118443982814249131167386592266308375748517686826704320839524645896667072392185522781190
0.00215787241290166803534440021083295815571772754776799188150723471054441777430889982273461347995026947604093160201018252234
0.00213979451850345080343963529931687246709467999247705474516920695874236982313078287046785622943427914649688101754744151602
0.00211992340277576803345297744169595396165694246635513295101596706163458271739128482679786867696444018170912841607750795384
0.00209814837355320317236572230101934232489355616470781532128551224016007592037370594734722040479442273739702243991937827103
0.00207434715042243680343626874034145722844954335429098098656870015413795305319529086061791744908902325419671216816868918031
0.00204838412191411285620798364951632445463816319536322792375994477137309277171378853529093950052160030934282132031235621615
0.00202010818480366129035276511206000552888181079737864734719129966026765878149609663103413958214962672852957612040611586388
0.00198935024382752122101306199861145067876980028866521509656510729227032033147667573029092440353450942742861311536507070685
0.00195591991979155019541245499391860088307882950239538477596448778820423529416095651195855858282296971751367412224947122986
0.00191960197741503869484650585921551719415201631236077749089207184534171362446099201417574604930627241357421778244965130943
0.00188015079408083553603469559268278762260569540210708467231803471901579053795936974581651343044582731700588335388169608816
0.00183728590782770537758714655418398644176894291607580779707395722382279870798055415033537360014846868662139494661808430406
0.00179068010782833733328329816897007845341259607269327538236530902837247571196557482238102887796142673558009631088125705334
0.00173996038599540860704519661451050645563414816196267267798989417599192067273123393497055485220641977888717062092499701663
0.00168466356286292841232732548006889010749394671650862626501119301712434690120393093741490645425365995962037458197862775217
0.00162431251138165409898153930218859652320098544631627029399385723503074122228879953971929189954089553042167220063891649870
0.00155809066111812718761520590437685179731031566122912015725284466591090259691698977133916720452017912600286957616529091661
0.00148584301892676787592587782923226345991048808726045796317899850784302634576359374490166286165734277295648597194283908616
0.00140422488673753626883808960939664703816091237965449130774581755297431547542839305921059217398310391767772304702045369572
0.00132165135699314751356151293925453716428308211750552029315148159160906718345489718638062383405156505617895211798978828252
0.00119430429703221818592137732064475154980479307363882166008529757934664807142461585518044608527291549425660790490077275664
0.00121921163281449436761633075428281326277795204641416601561528146199698490676157446872314166826846524220287038441091120075
0.000380904173100092989080651707422802370946081863165108782183687610236039858605000874404883103449215133341375029438864584647
0.00418155833436365578559265196013343624422437415839345573301048404214622224422830423276066393779129547824356280829954366044
-0.0185595535336238199151177501356751331511830201955880092146388196990128840025939047799695496836938093351717816593148965140
0.0972420693146747438183098105780637448506686848527022183176056398635093860038079012180998887007472210070848672790645047966
-0.0184857462526537314746501797022893173772940120209582784859886815265950672885037216685748261893159727930419887504435308207