0.524177683317940494016042997300202025582009702898774740112703850904730190641693881428798127083927493027419392163915534477
-0.0351942356051439933716873413037418088749529871281830811742638736797259900486709204579336492371989184823578573602610510907
-0.000581807231492788693221583918300474542088172177880646338211441704613232406034468563730393567185998569572811815576999349224
-0.00162196225826776279693167146426588915119130934003059537091024337815633051440728307452449225165204843698745635397527352102
-0.000955232934429615611244172103889980786081300447407805045955475357095610590905938107649434671205078923146021606408736500027
-0.000721549461443333337359801801036287378407848929221605186680033843568697801911953547321806720542620616921953817293846601232
-0.000562180364651329288169418298418296620184992013443112411773421593769599856669190526583949026471361541654661012554911979762
-0.000457694699726712899536617873928856948161837468299053804847498400889830703622803697238204785845895964472455044254391899468
-0.000383006627823459076464646743967074868032418171513246657955588261442501300762699785670074290587897319446127567326096333122
-0.000327515002411673772758479627985580664567269927845171385508889647917613273374125968061441190335857466349755704439743593203
-0.000284786136518095710958392385206471425302580542792863641790905298288770297418626993381032324088921015452421036112753145307
-0.000250990799598106407166635737925226538254004060332964708181823397078995109010362620424338152369553743537833868520838347681
-0.000223661956221689929283246363679922687284910542341987081936643275332483101016559247135979860176791371623683790357097137395
-0.000201155343986871503039538780693365561096554367849659486182171172734116249249504354497397073762052366820467099629347930260
-0.000182332524123031537280257920037302225972962051843636253231230235629861358951114761340710136253256934253166689830721640569
-0.000166382549829566274657451825032230555917715109647649689035533368822660904830108453629310629269272987429981177699231271189
-0.000152712839310934474543157363619838284386936879400473219357160101101477310092049011838617157945862962902548885732202877696
-0.000140880980304128706722694779178928045087601133916072546648812483882516785742725490653951633932271542032803700854358408126
-0.000130550374759154037864283524159272976501361492920904351136873035369341617423807186084427514917810207834145251936035963053
-0.000121460666661546672911868184830890047402363462541065059066333618434430034509334654082372248323565695951938186224478222588
-0.000113407498075830244774653811852877281072616365908428187788901413598882720435649615626789414408345160691363628305404993845
-0.000106228356640062177421933759974664736288040525307826813041269664369547481790828651909679321963282469191406458726203647331
-9.97924825188661858176238364402889175743135640398170066321291404731137754490121486246121249470301794912067031909543825999e-5
-9.39935455587588800447313065292007612711165360960969728307001791645647334754607139757072807616097715089383018435243172459e-5
-8.87442473222270564881556936620498072356212676489360391907479029278790597621166200723197483219187467668724556390224104324e-5
-8.39722852789674455717861052240569392369498850621063642997706033289848853341970260762099832150830389275604908927244296621e-5
-7.96172958522272937721482422722140243143452427788434042959683278164701937480030261735092274872736293936552350879823239920e-5
-7.56285113702497570430182777907676808856945211848166216555541175530592834722190307090110323081058279972788566163091624296e-5
-7.19629445000531397420965209472836418887527184792518885983298563733733975182743762863586966206855804750293219703702065235e-5
-6.85839672655546741147942740277492317699529156487150442298014314355380029094583002770890245999408986937388407653300467695e-5
-6.54601885253359283607879395395039207713949137055051945115892088593690090376732196017892192954097563399276596713600046988e-5
-6.25645595854476274587186561385148481228181980143065114119909385268636425810894115484164540525357276568608468286510301508e-5
-5.98736558641359727580395660336538816095726029415437258597082546792529671294760710525585817150083805468744336534202785203e-5
-5.73670956520897177432897927097461468568615869329710095967157779973699856846928727276174535990943128039699234005956080849e-5
-5.50270665195335128127889809958776274788411539113503236029007289501023963305613063329168611389932961162862311105568902777e-5
-5.28379369183835563899039905865881918256541015741012002464609930616348464427917614628309243290063629689397396762332837429e-5
-5.07859357000938762659873697435775910595767455343628911365578136833883149352786153346221930289807784880212617319309944292e-5
-4.88588861542700798972277379119262007491138646654359000767177883348605238573136599119991968600561476835346117207000169043e-5
-4.70459840935630363077866624642416399762210169698913875404077104804637383529450023862640686981560622506581750685923875247e-5
-4.53376117467827522291478882274735430145892594695122691206908968695029554861665941101888422070220875031162804113281843633e-5
-4.37251809240206129779261572432386515331948289694687470025239118728116388823938520635677963522236904314374518961687475461e-5
-4.22010002506552816737700912179079970391746495510218965438276231817286176826237115108336818572998949370764358178853575035e-5
-4.07581622811789221519501010132127041544515608702989353068591931253128280106092763917983077592407989937069216064657316472e-5
-3.93904471354022883566384756339220112019692012176062658970036587199101870296401408863541818841061468196499624053669471089e-5
-3.80922398877049911892586497008080637738641990844917176359014412854561679829137464244091615118736681547746976390295541041e-5
-3.68584595512043163808972878191412318180455584554110144810151853588429644685644609736440055419141906966088725872246914801e-5
-3.56844976582724818803167583937795657844230204739521970607931530546708331490775777140100220411882779610893299051509616485e-5
-3.45661652180784368904901353240848667179203880037796755492250156700441324575100926257841562348707936116051784587525176301e-5
-3.34996468041106875728488098953193305305387245279136548270187492300694396437175807127191919170775588838978602474796668425e-5
-3.24814583748876569915974945053971267970219788491166184138438631291807713635172930967578166796894380285126089578823859898e-5
-3.15084173325117623194447418511390343945254982373457162412944961344801833083295409267083690044648009746024793364285157550e-5
-3.05776093449733431994612008779053390386228686722020077224567786939274812885878332852688059255876735131617282212275541575e-5
-2.96863273785332103001518515991773864667554314663018139493161855712650207943284817703805443866448021099969058234826093753e-5
-2.88321525803293517067455567218597162305758477171215988238769835212088080567840372672522957034220960118783925527115924173e-5
-2.80129468886908673628571048061424410072664375505065415667989932321578166296637162242384867897228367488977745194395247127e-5
-2.72260695896077177862069793148544907825275473434999970923909666774226982952391801617846553838172691364127786596031058413e-5
-2.64694703470803510537780288174749217392742690811222596473936495747785581683434764439158653352869803841924729815868648068e-5
-2.57453171198558983987410970051426981140152020289060302958272913000261181486569745368151952638011588840852754280851673538e-5
-2.50491387157841118023423130514563556171959941058542401392462346751627825240018081720594758534427671232772584734457706543e-5
-2.43554167995493144160000595938127110396311903682843236460142636217915318904687652882675343447420716938305821922140666444e-5
-2.36910344110822156605878907587728741169087412303300381048825467110045625991675680375112426319592118526735369703893426594e-5
-2.31962819085758202331143628016756172000432822412437996328934838913009908750115979192273824543216343376482507851479985969e-5
-2.26973765594523980443742918045526210573324378263921443457530588184194032697264988418981510189112917568895108283464242881e-5
-2.13403107008581963014638070514463112192560144156899456936954562196798146201370117977786586006989429821659039476762885975e-5
-1.98124874301246579529718906590484898572062123079512468149624332664021063680027505561260976188452170267823107085975630520e-5
-2.31494890256990860090764144332286208192028722587090689623250095706384217191445322183586384491105680768305256689948247363e-5
-3.09314335046768180287318713725318867249488040093556017930280865629429726470086796604867900087457259131013284386438578603e-5
-1.66000577514912837291143376071725291809813832839486940006202605870735692525423783999651495344266930941888552122776554570e-5
4.20960946622774299816990496074023803337730631784296034503400590807433214248648213591954698832772975457511722329920279654e-5
3.72802625188395608181793376374864269858334594975413579863900128539677581346797965804707386070564832917318245158251909344e-5
-0.000262052683712482013850735590350440989515730328607284480978435622214027227003565188039865583326719563612429121560233771474
-0.000641541260077481526689337131980933964635547063944893933169714065228936267778003149246963166782082000870810637920003675246
0.000240718786135628830971984149053148293348874513943772128872722180434635161551408353678965568705534769479699003417372772112
0.00337026192713469597866627837134104360567051161192300993534614654586284654329972657017669011578306514374670203219590967654
0.00445252532554277341778567675453138667872406921572186802748186851723033025008128715044618430589019988335836946686303541269
-0.00755448705266848381145660542258806554433541654808718544926227338788770081852568358176104141928056858539716889256116812544
-0.0335405622953147310637100915764876839832650815388576925033040383500346033288530410939951725660133583292135074977652381744
-0.0308810615903195926831995958297340147385367452823262926919375062295861239551826962519220413273936490230068878170317821350
0.0808576350458371233223650734308907936638590833139584620054836663830216617604148803329202878952704023013175984975707024274
0.289407611146483557012386767093488088408465412125171718946421399468677425591220287192037150127558158660467534421938425343
0.272988957562015529882737805049118535067960043428071583141588325864917878882181140187264808878181412203943836829165618105
-0.556042400248756148627823102675504973103522878555548988697463607633291685524792843613909961344520028370942730091542813577
-2.24301527587123275457587706646124706234001143415698829965486612821518000330620093691141735312357772243970148813439043029
-2.85864854682635348500402550872215687759152242735579276117959292101340337237006017387375638745229907071132155336143378028
1.77627630423634946938743980247921071968364269679723215739431408279767516288048432794184630681062987294205363338160064126
14.2089145151992405970660473978931031140790664321053692126550578821780268059375750485257747233574837201117487634492549953
26.5654358453283098607524599985453776308642060568129968961120582631065251195610886440125432646240206249528751228448796077
13.7292852848519131805136370501706708858028013613163578171591082906491305741852343584880680484696868592673086772183696712
-55.7514159092404115923209981634858453050774292294075511246643138745961537860067323569918151106121057205200904692220899282
-177.381907322671813780403490445475730256589734215731069653455997690591546979217896367196114382868513414690983641721136287
-249.864212586935732717138632067883127407407286750183619931620822434946589961218683138362091589350013749103862730129555541
-56.2120930106692758113953407675592404857178965087943523488808264253542838510038639811911701779286813360860771516745712164
619.240993846166521702689994927807956821704149376777023058204730867938476170304613614126120848102068691702766033018055650
1686.85682586968227969292877546695504228819738691029934833527919085823302728821553281607168430031397643386605544087863280
2372.06633887078000949296852406231746805901043156772941078034643267773221039880253543693600411340117486687873662640304122
1109.30121385399301690279196077207107893346314363660264049232634921555847010315411104525939274985757668188155529947769194
-3801.14753084430644133157615494095008946837033882968698208070484779035641832918227681475429406422824173788831226079075119
-12491.4810327894747985163265501621658832081942987918566586675543690106715207579049108782953598303956755685945662242817006
-21208.8253752965215142546234465898062095342048727334587480325872707077567880003634587559233969469522440955021090867629900
-20861.9695543630491900813612925523849520322292843609778673804610453330969152723540275777128480627870925584531622387302146
1293.88793702838107675222453878580785843543775620816098979137036239837149906837340215984682673731955823045787784039361382
54901.2108496349675279260807883053502672528638037125039437251447627409101404991686850339689767749439174310532682026386950
134884.806425448982516103254935531529769392406612147996975985928896197826694775012827662337901063822507164769894708495277
208967.881998825399230326951248443466662770519338156836078004383167743143785825116502588604031187757817203538959342672996
212299.823026678678416012899460566329524363627277508082490403799151464023684735525854337821155953676830251670077021651828
58909.6843010547780188742151540977192889910838600149635959097419488645808946427047649688278212810078968858685424262204368
-323341.395583036354526532464955846043253380955504393408429651005826958600826264761751601955921633210879776177685039590107
-936526.659515231960821654895150906064943786559071731335938009526416895871163601879006400601867158392164170668823688190713
-1650427.71094515939447752559732218665847745500619502059544219760234665115210006190776054093998702277809344752653369208598
-2162150.45039663052763772574885464717019947203780351553643206120658721847229054048991412783394595930048973771540099791033
-2010935.80691411263035526543146945235739614786008299675821441603829099319820739742815243896721004756233084994728314517098
-674294.445951137356942617007959889563778437859067070827848705025350792584778937311226051987804218295117116537997630591880
2250297.53522011944130637291948873746788742344042894025483064483185423022144115789416132449477319882182923307352338454144
6806553.19017967868430744986285444336575072885931483190456961906900217813499882394252461467939659328893448034270964022891
12445531.3351949915581692738533279409215959114859377223902248257318486364710981342418677789773857336782795107028432185069
17880990.6664269117912019510099226110790563102920088086947172037751343484245180999540189871073629657701015210010862785745
21117044.0837995563963640632308396821210916440678270857443327949649884284542424725996650698024005307787393516885879971388
19701615.7580120805931855574051780670885246703320042404496675913539798341004760148136523858865669258807880207311095138665
11204861.2682795780335416816435500627070888853489479303930411023717926755015327106425966798596606223514054535985081910693
-6144457.87478254728405177359860224702877088274180082174071710107023051334247961737296609091738173819241603247844392276311
-32790914.2213013945361532534946683528459671634920987140196255477242434568387608983502345602181192197865714329221293542944
-67312416.0167401084239891475631173372262484823262561578356547063895677411482918663908257531027610667345916665136196907308
-106162824.078307992966193896554837633989556317602684001780258486315287129353712780234936592743819658897047559198601672371
-143805407.527786529830367224652216491992582556097579127455981590043206303031856992092834771757521788032122142359992055613
-173267086.256010587150163665360158213853292564639289844508755254387296852772139401090493576888707721458255337765485102407
-187051645.860738790200068565540589389107636775419832285201188339890596221505843730482877915854891189233295812716638662113
-178267406.464606338354112148246976450051310744381162921614696914515288104702323881277666130313059732529708621144640850984
-141771527.440735022474699759088854930499510335406731658888389962546445419807561345302234213176586032965640442677346154314
-75121956.1805084260499374930406749095424035523903868273013272540401016285465924557794008280966838296656610226446284890222
20838957.7585362783167737116855116998981049508829664343557690061994145393534120406552955468074146689951011857873311136180
141876507.043385506115341023210968481951393587066119127909283394661458674595970152805510878754123968692782547549798245475
280750665.892084471019613569962418061439889937733828308535971648587266275617617367342803314226689567405209397073506635477
428029639.686370397526004038918700628872439782421376209989237394594349012960600608295047573625330267674460596234090827422
573191590.933519776260581572608067145121583105784221449041977532962486944411270594281479830267566936556264043970681921754
705836553.861804509647765875423415190254083380363348753060505692949396611495702207059784506882101956998959002887699267993
816825689.496979003731621116609482665048173849881758144666956859483983810053419626307617821426062532490110016665173643384
899191963.440491476520205715896342508182718922010018234536890087995435267282331466253842220409430719839879464454725781685
948716198.340203071279634240311841310058567236050355197917857318617349818877516500462840174657214583047971260125386405130
964123323.555884989854931377902032288247506243072160949850708343337523277215471951324011316257203562959327602977447090264
946913434.124470186061151470280805218741583076052945903395110253325888740970259657948354420225744333483722977958151707329
900891176.879590510011261148459338990312719583736531484880867635946447709605871462333633519642058263871666035971900929827
831488945.111896747797153965085592195211522147241460131312918401133364398949096852123601030088912722076944853164817496181
744992463.825920235859276922555420887303959770756920286382821562400249512432309106435788872281593616857724673815743656998
647773276.141255626413343866218706612746242322281518607097575978292243928436162609253991599599468891583453464342493881638
545615575.532518277543116472120432848804812021090165602462499623650933846366561200866111239095310534837750106276874004409
443200085.491612003721207381656772266710240725530871505479461875656139964430187490856749831649743445096390384197138744564
343780481.494236398921988895432519556010039223812770004417425686374178081958944107064070149261672589557090972780917915708
249062376.298347033144547556984616360504762745919120861190003796180205524566146431504234240984474865702971458750916321783
159273842.167937354012388015537638865875180290326756401921366736127225797703755660751849694024928610588628210232298841842
73400944.7918338758034756138660195394624043705673870034437100776618289332151976195560706211059915721651596643841736339316
-10448375.1803872815592809210041498315439296989850819965222704411503839104405084404765101699161566083694607870888740754196
-94594552.1761233249959275808757023893250095007813819916688823650458546783429232700189171768590740034680857616974657138940
-181296097.312814134295846219828281406206907970257337808165528872775122859333758529880632606072240941775737453107464811988
-272265109.129737934938552618395312566898466556083075115794863463887570470054302612866002080360803106087692496156734728013
-368234814.568539956191141035553307257008244149671370103310040069933811377994752148606934125048037904508213693343150419787
-468623957.759413149768256155939289746709990621895908511417119032583959451154701025389042158123672594288198291656478184189
-571339393.973851699043839527898549514060986089337932987839571203762298262725975311646575764441500036145625080687540564037
-672751473.416527385779764374152616691248824357403787611760320890979693161230039730439546172140340295124340273162174320861
-767865393.753576360307785865762834154801942160680943827147375283091757783502331109310276886137881577974447672775474385580
-850694787.613136445111260180994879700230693153522968639462618799728151437197779902792004978242167131946356312389038991099
-914821493.000992239244852714861265680605435816612336661036461164814090483648621132437265001743814174011628469155922634429
-954099232.115533022907953531394491076648480921160756694404119027445783585858201350970970079632093386345537330695744591709
-963431888.377962383833007297374811830551027849930629995695406740249542581189604236916643091108726475897759292777919130527
-939533736.177405314348322998698689402359328343430802089820001593303834843012596660314189656642965156215232755396289605261
-881564683.553012410562161599764251302360905669043360523023348179328038674066681181139343079539224239355661778089532634097
-791533492.444336749003121249237902166829484019276415830808670311545154567626800725081412850103661517192285125306910314438
-674379724.158185389993895421738475638045608829310810262670845949666946633772935860983660093624542937659555769412320861147
-537681695.603507573458914152198250478891253430934020412681895150520885285617250509059356419606225070640191375930147068966
-390990087.608487376232546375346215591225956870477129157443909597685390953238924655337649714781975873160437393842405136212
-244847947.826386192197713681292066823891240837733106243423498721349402455774419184138983733307346161544812855541378100473
-109617125.581161189027113006854292907725666406315733161248015326735041147155934282800484658243349112329173618959843430154
5723638.67137656848671016230189167262041838605326814320991663977464546353234771123939207707170623926691801675772201789851
94624120.2087193420181208431740631577207363793222723300231557824238123668926651324153332542040710768171675616343043988072
153680219.581637505242648879626081690435209370150520477668243045430741785521454671392088616549500014088767166888762547711
182900427.858651786015529718737618665140458329303463090143260692088514479204372626098757098491099460743527861378582956731
185473557.795027673502666068651081713488470082448416846666513910774479348541963965966144938442011011493006161987435118094
167079827.272099306642664124079552672630773750065002355762537114812655166493992955423776595590389435980068820559331789190
134872325.305534386174099700220169240032676624239070640065877991221537681896106757132215077125266904751108461396096662747
96316930.6122154486570045570985235825982294994641697499556612382829859802276038769989386198378785959356198407151234654878
58101135.8450311775365325273827617623286605055931566724013418999156241960900829793288754486505808293901486153306077371010
25299892.3473062822171896708345472249427694156745994643434959083530518160038662842123620368085312515821623139694453278351
924374.889876619230356838278317813370434604215103267339832439562476907002159695079133065406233576673051621231408010644250
-14107502.2072130097988277286978858547289273470071636470974947353755150529415859560827344027557940706883013227923954262664
-20630436.5695629886308873879129789546306965968222288939267032832735966239024604596683907845592730222182856099256366272304
-20644305.7402551257162071490751853145009903666483962318112844100538514071009474273625492137740964697757083647047117802389
-16639766.6764333312703021128299325098821066883139298686256712482858872672890382503140852260364230143518930975171576136877
-10991539.8634260253368033572182694453918594006608803199065326311796642086659488879399668761901405544540835587572400651080
-5532569.54003759341108617436376569503583598187358178595075310080951944456815458465239579009883303037812982758313935420191
-1359391.11821279381676529362771943376806569164187849403463692066555415941740251231397583083850753116681208536109664135076
1145789.25864099892885347033296177556165511183594087762181775013873027426935559897395978030315384979230046479940120100385
2139840.83637879687729533512625610215133978914457806788579309186473451946118862300219160058465266326342115701619242993653
2076260.42074086878885599561877258192940252958414743333598567213281287574913053711977932110414478751483221747026762127817
1476007.55832431060343895113021010059987984838545557008147280753460135339009767980148354679057822881160164104126410059878
765921.013672815531624413801482701300584914269860628267818435693667399308155240479939589183664063063059259292639342167235
204403.745169871978329400147100343346160717291267204961002284891501968736795232773909031132272498430052189495730221540091
-116602.949100594327281726035975629069071606411637561491339837931050113011814907659851533730546130885689238375017240217476
-222681.150184856685667414669865605267735715671417095168040343884733139738393620954837328832888923128615856880763918229303
-194021.146141350687412251525817675479280660586674284503446030830500679148116069844686019865755394204646754687720812870196
-113622.255524477154643074215599281653851984291883796869549525943323275672407535845082892867927037994434031708632617881516
-38450.1135916023380358850218312175837766774646224141952178384485499920537495241117713570556084210382896318840716480086181
6966.24812277652258799322138413929564505848778955270038024223200773929204178218719155448634206464429176569503385316415567
22476.5787992040975079854615191116706132934703484743408772145911832270809784749833613871048157228486335382329670310561188
19433.0982145704744570598600210599170829083349478313081486223867756142573053447509401906558731863943027090190837418348890
10082.6804482120530708232537113944678376930039048241510253702915000416693556145458630467692597343539642310313728978528703
2175.98232882860613769355751371247841140432953439628370916772928817681774737826029943282688933569357983868909680676128455
-1710.64715450112333608265380894321688702053542683871495771519960454023322064272016770018424188695040077880101730159446197
-2311.30984379660287651756914218993903721293206427448106576516547215234962971336911964624418782740245930008301298711719921
-1410.96644322433182810887760174666501119169904977540603096107200419886041995580256317091977186416602234283236407529362669
-401.116561996497405033612578313710411298537615708057468539533201868998317674275714897008175653274368041327725630201228967
143.626437357830664863549166841010582502069671797336630280992760771605822301634671063307054933006904539234070581663905568
246.686075967671663081657004797288905460709860795590165570000613662048129963042265608749524251138137208649529942530461625
145.474122268835352783033678426755924682772013197346847524473943644657592526350169351887871273124451722483203875357813664
32.1217119551335788532670217091453909341762859326902674716130509489143785240534782857024102832821006422874341268631012684
-21.1909245422735441257227133707060904048351286567902115554086565426864686827518774480907464969334919558110517435347155843
-24.5667765564413395666453696765774940396181902277472998559365811751161705637814743387460642412871618037319235390457169085
-10.5265076724631357154872919163700914047171748933162289131559884572132229227904067139665227158004429418288595232813654501
0.112326779834612936637235621393717407960323405881784645702839195265858115042010555601713610754625833096244852503613290093
3.01178173516696693931134558065233531119591544446733409661813548922546862218398021672888539331169888554204680836677985650
1.80039927530674346526782764481863195840949830574803799627081926312717153628867618479574541907484690556468815574371523181
0.247753818008419911774048679015115115775099319083782991413328812399227120888103912719553359744981274360639459932327424228
-0.329976275467269568265455981083370417920540360029752062999492739913892578181171066364431070633443030841046058872861558467
-0.238956344711608938558850727842447001680909771198014510507582185822783063424303495457043808074192440444209675269846586251
-0.0396709745734809719002921641565237359584883991354603325581283229054894044894240639949658598822218671209462771487345748140
0.0386550828986788097643909391243049598212447120205825289833741466747464063144982036524418887112003181583705204710486603082
0.0270598925945778680863800631545834086015484802991376580035486488229414930553531915015775004904511300653453048560532028313
0.00279431317631439566853038300074425883050837346048183376414674340584829150581258823764049270079069661230467644512071569300
-0.00493025355849983013265230358236182361875238845627135225671344527552860429874656458648197061073161327928800195992594069438
-0.00246908146051526839388341736654393541889870144252965826574353295063222001315182674161376962599376996280941134292562294168
0.000196021504595257094142057163403727452769913604194964524890060650002350909588073017580320898029127093540324097415777305866
0.000593814238592116931816521156384777655920907663449914705270305222268311375267697186702279300233871581613548672277565811916
0.000154696253822290430613389584784805303460812282130917657366975630253495555818618316043929333978462243829670865304393085772
-5.78291681591235227392822633888976404890309685512479686675690385779886275026844175124450030455694836099549930164859781967e-5
-2.56401265873548973968817134538240526553830303090419319902040608131928542835914478139892219867072352352051144854313254505e-5
2.45054287342516823064706063251679442208396329071272903380250291763688858260926707065426203110446425259964327621801046965e-5
2.94953744718474552068531694751666563334003734670161868866378699739923188104435993117318366502740637077173694492177951415e-5
2.15700099316293065270737518481769571927600196621198343007586493119892648802173892908567723416194904286647636765151692454e-5
1.99926638020780397671708309759721380370820971959868130293943309797884814754126874857850491273363868602655435076845714531e-5
2.17909956749105257730909151366039598790737403800992816756902477396565344944328122514556854195938306260377337844296935335e-5
2.28646046338117604763630683122137223363808907893961554806836209576582947290071994498725315626260885115965755708675815748e-5
2.33005154618672920352216489573625837649813776874365748062476870601727912179289233191710122825927959873686010592694334274e-5
2.38471507426585904255973999842553086936202216122376378458877052078951195607053910850642003166148294959058431796725206914e-5
2.45294512877655654551695991746475425899735783925451265490714857935768500015085052198514716803826829294395038255732345585e-5
2.52217996016956945435272477536316803448458177945192707617329173958822336779012274404814140716640245312112400413365429827e-5
2.59231866665860508864971471710771087866837910350510916141833155438629568540676394969675457017280301864620615461819004792e-5
2.66557300042098356028215823469951396250718049023228755739546631709894615600997602617258153107306930955311267588121143150e-5
2.74199229050112001757598538192865248453394662833358130887011555306413198073018884321704118899064164238204071551039718221e-5
2.82145985310550607830788295006194526614478996254711754190998420177192303829285429730970861213015743705212155624593542407e-5
2.90423340121486254832818704547554252087272101387195061578324528590923172435491335082059957980717551999582207846366931504e-5
2.99055816685324341911583215115766373272221734175331179292087246603992286827971172281294938778614079309095949396028007769e-5
3.08065033671535738567071694923789924304299072826091286228800222702772826375563044310331251271474947441843608022974027798e-5
3.17476083754385811034386812692171498374919900900209376591848284192363518749664567346522512362046539844184927232777115205e-5
3.27316535696309021679883383105296961553783128839729252035341406582419661150611160507626193768410763089049466989754948283e-5
3.37616146851684222494469088004646883505967599068998475337999483459791817781304443600937260910809564696528035020394950597e-5
3.48407476961969214423575590127622458784784138546880917965504419735098722591601068810464916383384309975006728939232674004e-5
3.59726159581016904922792271918873545480108696246716691680510804250056201827848944712209123262449115013067185605629968816e-5
3.71611241847365420839516995359666654521421002946998550900468771051817667966214866704263193410369195784623222535210383414e-5
3.84105617185038127523036275091487381670141522506789470208695912919768563592489739430441843442455310031502117443419854280e-5
3.97256498570494265591932781656747229691475253393815863744334427471431648760389141067815815751415677689437525333506925005e-5
4.11115969747694771984140351786556315396879875895947668311539262267819497922800963382886476921654598404887748261092685754e-5
4.25741621572460104479443303356080950275671500991246409262329296348988983979440957086784515555748304089706331924314719961e-5
4.41197289360784097541603527853428806056690100774769448976824776147197972206035049189951738661917816539464952847600970255e-5
4.57553911106523946927925855497822752306916282676539287078641487817261573242315508991134846265232268627930167322219725041e-5
4.74890529629109231400408394458151854419109361909924291862912652111145236976382075146614886786690776735258828610217796135e-5
4.93295467696021776337383666133308606248908605046786256765263670301394047074085682688181807771767044701639395467737578712e-5
5.12867711572217266011650775515376996795064326993649932594118030707892518816021410477550000400177513174295544461823293009e-5
5.33718547208814268622918630788074825750443663440387280374771509767896952633313099825920414726280673536089385100000257160e-5
5.55973504112777095295099942930282835787311763020375164472580698226415524537074887772058636218443752537414913510737817399e-5
5.79774676119522687083727306678379254375800191555724090300386245431345190451903830906404995897507458771600884616244254867e-5
6.05283506481496755709000116745158329435793486161436110852932323538330554139447642411536536350916316531872492184000869113e-5
6.32684148591711165639091000171976926417178422967385497142526938939960931822610918456696597217185915156683835334481832730e-5
6.62187544982055616243455275884122343476216434520883701270914597607096533616130575127540563681997299318330188707729212609e-5
6.94036408947030957054309184097242938969193832288272747848235866094525205605120598924460538154079627004430274880289725907e-5
7.28511348852941736166132406393539038055306531371102093933194117523527531105456026850006331399583705973472424921023617812e-5
7.65938450691133236174244646696380620046669470216474379920762148121421542378022857170812417107094709264409015789578214068e-5
8.06698737351025764772295746102203494928703162162452610032176830548843827226052456784572071708618431565185289427941759391e-5
8.51240065505278329620541346838871776860929939243398949012525691760362003253947178385987123871005276055390756738533117421e-5
9.00092219610731162971967534456199672040827134784367383403619412592201962045019012691774395268757627795233870349375486438e-5
9.53886244195154686288506864234076979204753772633220837359085374954122701689186256533903758844791652031625856750590653375e-5
0.000101337945872842485079116925402940126826001370534452944065916568439306500957621757895969661093223543693360906126522050080
0.000107948818794960417985624702066147787551728085593146177302096510824730299483633628934057776009750010832828728897629639636
0.000115333110840336794685950462800061627516022487958329851882974490480171962073552066913682710681723870897250791404392042142
0.000123628742433998019677907391324126268882655211785582116623644661828366458694749802033726463672255975951626194995226245630
0.000133007608882667895328445886610701362440043535802454371922965557056765270075845783393456009087404193396376631896263543965
0.000143686545034784435203470345028138048400732615541301045937967014980495639739310385590525112507459612209022840630676385614
0.000155942772345041255411282210675119773187587977119563579633584311835240171020282967736368262281940212356532083319277956123
0.000170136108987961170277444871662007130926724498453110883254363657084025578644229741269367366104715457618244642615183928526
0.000186741609895439796048930977533376770132413160633339349476906242608890942613017480521218459371265485705592543930040765253
0.000206398840448410686126595200312815738083361790910566871733767464868525773122691387469649565585281086377329251514921888418
0.000229988260015174922979677296273274389324308748456173813157076613142753495604013439563231936112788453713110859244407840142
0.000258754393527735553833820442098503672795469411920756286089443791643266445193759782191216223988933065833133282037232313336
0.000294509836525257786479435669845016604092676036377036506017726242171739556780168080995673663573908709061620395423371791883
0.000339999691246770722771760470994935107206096562576968571663394330717640613543261028180958680631775066283850719880399337727
0.000399543925221833519824663546373258476366410799661075062834525679224026748175264121021262384954742558296708181194961748851
0.000480471087572704077197442496388819398144710877695010401217823934311675313441367885935960235143858960452421001320125877743
0.000595350764830385628954313120569635530975832643135358334660653371696204180306894272392941800893583586957064267718463270730
0.000772748549462778361534737583432453483349835006361534351445784216338403558172755177407731666970022543348612491353754664882
0.00104984019066615052793291841381436039123717355256486273956392544248852637315340762496359905836506066728489530343049803127
0.00175910445231337743346945617750702558562148232230790163236530426989429843759286424839888430709268319065220381654405330996
0.00177251341893437563894833076097854528234795523448020724552462950638351049241148129695096863327581772977070062422255165965
0.0252690640149545007410582510952561079578784292137684068798703948451638091006767568012648090052688403081059664535667040722
-0.0187678103365979821769133844165847093197213229733883703982996095042260944984818776230369580145508566507301870350463292566