0.494979128250142463934338652744622505148010695378774386507229428433249965878176691349071777457245385754798553353939036816
0.00282961680935219046935795801015794857681296356771066391518476220833404599387387640480990368873040782544449088282655115413
2.99354140047834767639881416324944359210858549289070787594428485715612603952129442382223651856669979554736021167294118753e-5
4.44895405044597363759686216542632065815401580829522808832318407961706897182724820031898676669532241897961225451563752513e-7
8.32693557636394030830642923461351002186733548506529883357843719915675377112848128324190455585307963079954459851941374992e-9
1.85180888400599237954607505579137568149556525607270604917437239116363901897887410690482891801144963815697753812343244766e-10
4.72073632542496894486638367361367222942126087850928259246762818561720549459611152655211859514555114276092132446983553165e-12
1.34653467114860749650066864322840461185000083178944862154899919136660797594909104926965006401515610185650924180547957023e-13
4.22363343246085136576423631567770278022196917489491197933862745696599646281023090160393843127740892009615465596085376193e-15
1.43803723824673357065953470667010026657247543773411810711671300107576055671932290300982239487906796921475977867377953438e-16
5.26129769091134079899100526249294054496341996266980862180796849509817920467709840559203126842252836140716047855133265868e-18
2.05196713518547906506916525253113687716988619094233356325863367565781771693928786838521201956722521960422045364902704953e-19
8.47556563152580190051859410797136335983049850195929884263784056685301956652691374503035867585299630323560170442576072006e-21
3.68757716290593348463134737722093464826646471125007998778267255450957655788786268145154063075763447409682881821821369145e-22
1.68234616532671508840310614697202294530437737641681058779541568077573246972945566410309274016742858708611770499209777549e-23
8.01701095699437074672260267668730963490874150506865147771920330438669462492135893547282095464228885035190637193930870803e-25
3.97729176691924803470260855764423727573033310857055053853591877681131068954166870498598758400679848947259329360428013704e-26
2.04825798815860887835332296207465533212152663448519112142587105464393633867072721118565713708723257140046259701063151253e-27
1.09220410567921319204204763023646504534493861413085028428795771477516840689338098380566791613662143735901906583929009556e-28
6.01690979670351489496555808393029801211362018404494826397978284588052018931438452970903870717387566951637482716964600314e-30
3.41767230145316651382222218210114020240176271010311528940843844901258612793195841599469997752720024171801583499995871184e-31
1.99803307138498957969078249205081394825803356130252822975106299759423280260340610973662651134333657984830604050835828789e-32
1.20031820444859038708004914344471680731973177217323004597173360779410022210450658924364722680976565983445235971883519992e-33
7.39920017830424098417860001793634811916984310805822754107478061829750326740068987162657479260446406403444136344270960630e-35
4.67411150297123567266497374842014625023139996290473102338459674448149856348447568229149056154655285817782730662503630456e-36
3.02218514268283865551576696665725694963475433059998199112146493337802252074016286733293041394662666547736316584339623929e-37
1.99791428099379607485062378447170692927615762203443894485796548888255208267570885499082137143721636536984146164838102251e-38
1.34906071925216664120736411354207516020519646351937583038656121788827713182729532869524739229886459449695395747441476984e-39
9.29575308298442471459520606427146764460007954342904610691384334812745881904892757164607986899761208298065888088154781486e-41
6.53079932986461276616796905559125982166362021679932167214077140458633258528331970199933212396719874214534507448350554685e-42
4.67449166784797399920577837706434788410685750497199164996240514472064794777076290195025190762505179789958503997382536299e-43
3.40620567346166316906436083376264698449018965908930973565311923345104897976882922811237572044302005750460862958157692055e-44
2.52510804472743946691887188708870758086054108796790580454682650690232423199734094737564841674662992088135940670483110950e-45
1.90320590188320657093034303459060576938616184196752224644382320803212313916342036962317730630586024098247541117546782856e-46
1.45757330951542664404414142214487912790746601360711123445747554661879204886600416713880358142619971129134724267932897523e-47
1.13363259450735363128085157932619716298023063282508760847001682135121840629696855394897413243692725158432136371872026056e-48
8.94921383943877879228340836970485927033941591321840978335928892244721707124975393452602360762002679045870367648152142966e-50
7.16729111896315186390037577689795804016322542423875080800865234516875554726193683002941843774760510518515193501363552957e-51
5.82079360425412779785764185962803513975645857512438393859858515539293427927680690365248730594397553977198715361640332092e-52
4.79156258921855455053677583485843723537192636515514463541781460000756916898579987890069578594027763312641003678136596460e-53
3.99632915428023872138305577184867765305760380392066816326582119630373485369743123498927797891531183530306124168925447840e-54
3.37571241366181881732988158259419809710167306192950428421407525999296679210020983290584131603266778030456301033462952809e-55
2.88688608567280582239199857699734202008800035087303515049547643699384156528841615778033031058404277972883178976840989122e-56
2.49863055266240399778529723636003321781032254791316291833650103351687386961242172676727175006701683864681279687269818712e-57
2.18795542348643397445183507794626837280161806238039939610171492302668690108821065014640640315956870890454895416096653673e-58
1.93776835476054163052458773164882276429259207412827121338977762159147776805495786636130175103082221788756752104112610524e-59
1.73524886142369837093749342507893570261534449896606106084853032964418493349055447313636233381674810203908170092213662538e-60
1.57070240155614583352132821497673238914384942139996530653121092518397258279903604292370815811615464924465800108537462867e-61
1.43674513515903533691802923450320055926760854047715033741905929873573895026514801263099253597043630731741394996046761000e-62
1.32771871115330875741194273564039505315487754227146011765637125198119726752772751568255472089151331185733285864340131827e-63
1.23926668922920964686613335846723099464908898558528527949009775256905481083639272857873344791172937075099257912349682764e-64
1.16802567560038542235888361416608999968173886241534094325602800320689461462150609702941061112703508632571257453040616537e-65
1.11139869376770910836084600744015753572311263176681040128211845267382687812406094254604470003891514061730637047800425752e-66
1.06738812265106905657530927522816149852437266749352408288083831051465156222708084007179372597547680448701442761402974886e-67
1.03447226658058446899715150014885579624005487726630963294048202481972627740729799925305237558406273162546334492360829616e-68
1.01151428828710052176489703520755041779970772818448099674894396360885541703016182561576042893469943543188303924879574926e-69
9.97695506040038128525472861768939792726847121603777305254494316121007393156090693678783658873285076520119746173483691045e-71
9.92467375287616586278023954580256379020744599907338572518662712945132331906548952182481891179493735571389842398046433626e-72
9.95518143925898047384840178466522941239178053745388223834960101158105377016155896896080541004384957283726991380056696473e-73
1.00675139341841853935601313580157630427843947508462879174120182391201387521908691331124278035564794445756866392010665429e-73
1.02627459697485022537968523919676362714879501220144870114840866589724135597871678718314812232239403209396710900308288574e-74
1.05439654056748492642979972748398609221825195321167846049556266418877025794727243525800288218242704377643333817037998943e-75
1.09163303475041161844111351971265964675926034987544286818183809502463483281620728925226458511218684110117686535082194601e-76
1.13872084907508608759654196285926762596236417303078503290857061944937511559586878401630604575944814245898485008897839966e-77
1.19664026912450255602837156360158940317084751231794701596060361290038131063318526135655026277868368283201127779205114915e-78
1.26664714519548449165318258119711218894495827946467872291251937905565032320549461200440179064228322688811389667305958979e-79
1.35031580522326319810498391464610148826395826952651754586318653109387392297771141705645142187633188968649243958060159301e-80
1.44959477701859263639545615947990953382126113820574432156904992626422532390649490686496658820244036323893090767455871518e-81
1.56687794416833902703861557344983663999825113579132109328407451906523185937966104345812108952927751774949998316975912512e-82
1.70509459054375868172599453665164114288925896296660579787397827398197255494598837942992516400122732816450133950885047071e-83
1.86782282488336580799364315357900275206343363138983983121333664624293621331963568130596456508665116298858055902766271996e-84
2.05943218833329309799323273303385435052762173405617069423906869929193014441199145259863422595689701606557149264929269052e-85
2.28526292281249529813353061527793836534338435657353853615524283195186073587228517737510801532526842608965716820757822438e-86
2.55185153197720578247809638738188844005711924806736554034094550280817018526149259228947918424526150958042881079521535658e-87
2.86721505061520865926919878394726531158784867896945017820213012913827715550982765134182233596879683167745565082776834701e-88
3.24121005185148088374085333678434077532913440515067993970135848104677493490058800919684294503556099399031736860692672112e-89
3.68598712847578233326616876260210048029274218195511571892349591024088643520482817797671517061750359202783026496936349542e-90
4.21656773553984508006571952545346043335203879962526517888260341387333776711967366818245311606523254028937194996759557470e-91
4.85157834317237039414263636979882682411843325930662549491817105571409740928813391224843026163028906282258198928101186041e-92
5.61418744540434948555092795215114857535061534920978147368122215382070981613309149051397582246577108210163336316833579008e-93
6.53330493883578517053177549588009212518219409752395425267068261200633621867436004117269981850686685886595126780497568456e-94
7.64512184743719902192341274557068570837341934280937970373199648648873181164355397763338095417456300229379160494118595704e-95
8.99509283944141398731414623262220704070939226870591251274694148035280828032538424848502847153828586959133454426042076553e-96
1.06404965017876356765320238264670032100980216286677624027054027261577914836802476773501658749968482794946382612246644073e-96
1.26537516720722695787991079382372283795449016874426286770740424149101811272877887683173920885476450743769666945340702596e-97
1.51267260301491698192851820937145930440793594982871207403563375030018906467691733681736519086997474912173049514172880652e-98
1.81763507273238570162303154042083089858122992715026619445579055506291287200818200453129165478808729153538594877805461127e-99
2.19519590452033035845549507312629157585278293497814849318021512133431151962806661188349552928620583730421784504343004296e-100
2.66449074529309335715669980213578600306400273926888915665228727267221548881825027524461717025481078842442715048651484704e-101
3.25012270281284966532599714130658192616563979615950166434208622701221845882476523207664184407984294509054770656578600304e-102
3.98383099698364219320487577570552660825348591457447783296939533316861036855423864204126691208043896277035282246803396101e-103
4.90669845895876908104682427759932683913958321916942710854992805303520461021612198032595979002759581840133932432730811502e-104
6.07208068789960256183836063474397504766699638861999228086279291245418342346748914291522362973756357528509912241843359067e-105
7.54950448252950097407288877922341435602872457257664061600483589685663139956697459075436567911998396790301825595052286592e-106
9.42987187582400090563102861811186848487300540163741908938477485896538203264429315503823978958045251960815718053352161335e-107
1.18324278576612337665984438443239921314193044487334216165507263377913005865964380156082816626896605123859050000740604193e-107
1.49141174274099561854293610170989068061408664279997775000132493887803996077829244734710334211756498211980258561456080357e-108
1.88821888190335140165124956680407601562974160693506595204582162868368150241766625781023227338696809631131717799968324857e-109
2.40112196070497221696452045320680650314483656305421210187019572273427050671559254399079479412767614082904486324441803630e-110
3.06661861093283967578188626011638249539339051912353428846249171022513541201148643690057500643965814223385066749130651668e-111
3.93338136286467638129840204507505475351127616037475581223069596629990871169829419757598280699957795634879778759496704001e-112
5.06653056636727569932733170266390030940821995711823602311191006969243875810476715219916674694829392221782073881713464445e-113
6.55347534803379162639819752496400578627415125268722482030037689086261665148391009690725421248505657303758283934443153369e-114
8.51192142303486524300745628492633985613155332083234475049559222318386270293458742967448680299071623771714072616354247328e-115
1.11008816638113381212178589061661625163490063466511513138847603328696670149815212644474822010493399655229897932653944951e-115
1.45358594246596506264041666274048452749029894014810764486024785765972479847388587938895712643001321921758866790215712531e-116
1.91098466547018490875330869307893473967240833472671545480070414222533137813146501092116183268630977694334845477301122285e-117
2.52224474812889211768981786217459631714413383863725472612347257400867953130458313273052038493228814868458504689592014120e-118
3.34203875578858172590684142499890511080131580237996116291020309219596832798007461578308248494017437640905026897033894900e-119
4.44540215800860096627068825063699077148309820541980060795449330906210562518295624762990258091534959678632144710770745792e-120
5.93563815266856286661231581392453016704464669280224614190370027906144553744234670987592250583060982582446694400224696109e-121
7.95540705533447594604797833831293094293121193667260104722350801902184281628672396154731542559723178632714496651822276184e-122
1.07023270961006411872530277099280438226225435946634778383031916918354853413154515500146937586162678234703335271042140198e-122
1.44509835997620077560348479698529676240492231590757187689862402403486524437867311412216694406013520456872606181829963136e-123
1.95840657165150446316914568005023580659703059590567539824487627288116345931171576910680026352357852193546866364491303411e-124
2.66365385442006702937835534982848523840922796016355001982706717177188826917247529948942549148126629847453129585259602524e-125
3.63584813102259546859296437972295586744583520961796460909008152212166141011460088228129163880483634790252855653321040440e-126
4.98047255386292856699337509250082253981096970828368590576863136459794470464956059703983504218878501322071174556532445465e-127
6.84630734043238642953379830841462233630250901263372769991376264631277174070805024831471708796302931198707439752144270842e-128
9.44382008621579098550743743868350372564965225619141582417480907878060066275862704757594707545981197854595995313914237213e-129
1.30716144141887871527956215186882892565504918110727655448348941692446471652882500108176285641031978934023900187330768941e-129
1.81545705361760514154226665316178327105327554485036903028549377475320216841621404172489796592278786217675860102788314334e-130
2.52989937344889089299439575004481791919475992900584546556963861875479076533022312414293377489729077192585787483102928254e-131
3.53725677025322779572849736660921567764782808832049238034981372350683436867289033719092866021962978342014362753063216836e-132
4.96205769602206161490606629342972051547788019261384438427977530578205941104485389593265937277066375180722124598766260376e-133
6.98352965715868369911829050028915702404365766404895502889608289875098441722960239795291598667460364904020926984388328151e-134
9.86035186311801200218075049429592537724587886062276745686062486528576036612407073584758478666338907581112378622581373435e-135
1.39669202036191260483404360609176743107375849883347505721437747665053008631285444566280269509040080810233460562347649213e-135
1.98466166536724825191812261613272262342545795199661613391888562740543459150462773991443818847715221641535530721402893357e-136
2.82902581257300830715160300400952309071853635478883006140271113247516680021589725919107763354822379288480171579586765669e-137
4.04519227892852330854340810475135214957356210509353477837019139367467712704653134629680891578863053495786400188026334444e-138
5.80203984747811598949054039973944913466997847272344416741357688615972892996779213796026860969632697945872720549888157610e-139
8.34736070859273834333446127502081517965949117726907268860001085536713478284060808163920173164746351715076967510238725412e-140
1.20457114188029377192948580479039313851521346050360556004484239745583943534568813156477385516309161780722161686719316913e-140
1.74348651699185396637990565082960175605838810908158097894622425353178093100505524135143140112525197274630073394994551555e-141
2.53102163643860984753083848379161384609562622056042428713280144914468538535724528234956088125108527520549654347599114340e-142
3.68512904583138825337902033582312791082325806622610768542145843213863706043170305736836494848164244581389549193600787292e-143
5.38118299383363274514633574038427530908647208867356333346280093287718131014292942284524924853062496363765496235510599078e-144
7.88061046337235105517515698189280881416273239122222994315388543767744381581140183861762086777957496579580018162594624458e-145
1.15741205299656844753403974222937276256204075169745119095045128661840764204409880990729553799593848591086303340039059368e-145
1.70471332044394464808342947595729379487121273879949795248528686828760484630881055543244623277767987165719137802833273929e-146
2.51790458003099416095779969886371804980280528039339108014675686441444834522118851743103490855886997586670474350288831500e-147
3.72941961986122164889082586192047402847184610143389198082101806908467069030995683898692963577738874068637613801504899142e-148
5.53919914173972497847989281634050195337852140047564026104310744935714398790979837502405655475745285975046129120883691868e-149
8.24985439779621166850933872420620948282969816075889888047354347374690402104040933036204239876599871088642553888868260537e-150
1.23205232938606628357748476148357681571566737696867449022299959083004143966927334828024816411340205743244529022943589510e-150
1.84495479998897558543043093369745120482671579915079616416016500437908821022546118762125927105911895186522894905541353408e-151
2.77016924118870872222748758928172680267539761284148880810319075182547206731051463692033596062371247428069149656834154882e-152
4.17043450303826054614145214334600608570604336272571189218360086992436119328414934797734631720237710838946698651986269252e-153
6.29508088336399054708457641437360349447318717149086065926348339950327933744241211385272767282742448717350181138016539636e-154
9.52701936753334204221252184122627368524511984274849536218221882635650775392165214677356201107432654763875940467009534416e-155