0.493560549782319456008816310744570075852277920864323869226703505264434964069484587769866458691248721225974046940488749188
0.00422188944393772814970653692727756114180413167084931984129605534652196285659919665454306075424162553810171469523427291186
5.57098381375010779967455380826006560841680801096854099912618858955138829490457433858839079082137139017790772253131973791e-5
9.64049820170756560390400877659289101881254925906100903256044421809688345036334279609329721390347110561833288759207409289e-7
2.02627354172220500250040511851758073321273409745681298258696405802219372548720612226800505831315347604519156640383215949e-8
4.94854567330547147282692489102047233896221263613113103660418732715042843856648599723587879893757521493615316317532873121e-10
1.36450936848167346914088754193941544144660918583976007992872592981522963980296042960637989041164449837973613201296452713e-11
4.16400233908757064423032071760504400345078253463102462732084342523798847740609731007733996007620204059386484243593373187e-13
1.38581936606971506988834899723821761485253465939996634656978133212509754332010541817882219167087044344210607701806870973e-14
4.97393285873351769172956370338861361384053114212080557168134861610349039115810657308302150649268726474828009472899337555e-16
1.90838920220075112756818158297277527029545250131871407973813905789204810757953803798380847150732448078220589281705013773e-17
7.77192191851008744420416585135302652406200884858554213998715239816850676481024020415374026176706246133808605848510999298e-19
3.34007083593592105113421116787738718045548030854359320739177776193995506937238471793922608273144095482007930918258016296e-20
1.50743316998047280715277989169766437254154155254419727087577594450032884019490056121220468921303787628234099379591390736e-21
7.11523827924908896821672106416056859020686661986413807907326906873760602073382456210409433585603105653555613335109029204e-23
3.50009873940940669121828493702466519320236004729653410483643282056979424107258062024916635156103185943660552294986715582e-24
1.78890530608741617533920726073706422342174381524334488851674646903875267208963766741949310315096165818235922209337266379e-25
9.47448246460622519412675160871372189037778139199648940744710731263456056414130368767842563850073975591048094159546838109e-27
5.18762252292617031136422806342430900143106339749750446968365908662410432740663813872896325479572120630748075882852451139e-28
2.93038967703837806294071298129569637355787024083802146828761730578252256603487131950164945256508268964592365821513745221e-29
1.70460388046365528023430187249042682821580358927117567621250604946328652633866139727638376413602484536452379265025861456e-30
1.01939502233908074223791154584630539911800442473272268173680422054936611163683334481827982598265708511180880568679052697e-31
6.25796816287212748359766209550662167473436709527797113368660786907955470116656767680135972259525642979306495243593949368e-33
3.93829399225936382080895295296848852380910450864092894376516395952482436255843086741877865635034667742407793995680639914e-34
2.53765283684621807554982519269111659196534270510286373736720293038741521844489878863177482408002972774014111013228516814e-35
1.67231240433074590213368229611119995773338262361238786893994378765574379733116561742881059561984620632652988420414477403e-36
1.12594302116178381499730731557310453073942385650861604126992119500654877852169044936799080837775446392601657893816588900e-37
7.73780783777076816310561707748459490586577253450310730102996528117749811835579060253726888741882550521550904425032932958e-39
5.42303861049319631654724963885841613821938315004936664176776230610341373450504335970526723551801202638256596485361796668e-40
3.87293205002555842666132437283425318386344311798010718644798308245707167297105965225836608895257973358717094952131766723e-41
2.81633401923430686335717595159571141650311930011379774066411640539225324830609494138819353702531829054038711406940706984e-42
2.08388191433020777302099913919196298531199758020035606180794884408913682885711184163474423256716633876476554567261658291e-43
1.56792354731501872403740409124679926546787745526677261274911070843952738589120600672418670751832385334561894567224253653e-44
1.19888160961041085575676284316163072749736802119232194582717542505314882735184677170403399047753271982358092694772187111e-45
9.31067261404206347048824801468628476940186292711886270858772413998074897444833747211145377018172761691990843742780191450e-47
7.34020558997972175343103438217777482853978591816516151768373780016923320203129413909070797332373261100554169068520515504e-48
5.87138937362384933389040535118106735939177450940245977507693629493003062551326656106216582553349753641097932666001819577e-49
4.76293791858942580003871730657621973049234492714293909208927993559630674748436944328385272555322597805037329555764945933e-50
3.91667890191275069299572588640036729373418886690961032452334688065517033841605181034911063970420144847620622171632845051e-51
3.26353623524671676296318945440534645908648207846028632744970095134057741732210537151275607815015223337713365049091513774e-52
2.75432176116891925733821642899532711656449203653376527603028836675261512136739736673217138628097446892818961790303502168e-53
2.35360821444642740971439568465615630104868490507243744632619875743292149538009526613043692471061015305128649057164648361e-54
2.03560213478083814015443710488161207133743715276945293742910960431065350827405719025111417469447191195487037670411491175e-55
1.78133113254890874984312214114840703883925886566062333086384739089549793359426862426005103039415495550494709992996738851e-56
1.57670531488707125594874607573909046721326881856170456990889491363324352327438578453067427274496808541042042884683699099e-57
1.41116681918036623398864082587056109880975275201722349526177979390232114205504920944472013188428960505084920930738103502e-58
1.27673940707292224452231983318001771760459805426792762247997675812793775444009093079157595830005626285750778284299229925e-59
1.16735312361669946849790338115131012297529576164031243486381706588649784463437006727807830422957936500150459037233731131e-60
1.07836005150282164129974116726421104046886884970895067524528922600130937427454157926336962589054855518152636487635402256e-61
1.00618417698517074869254233093518935333895004750886093710471089722382256549082483450745224400972841270831019152587240792e-62
9.48066324568311364523099060544977051456228903313559373977269244566425720893940492119576383022037032089627376766423669531e-64
9.01877167330763870949398296758209297410653377971412213117675557554631300459157901114172418685212169883792676776196822171e-65
8.65979495052423079853469059667672476403744714405854378119021176500805822655487518454834115906379734327006755422959372243e-66
8.39126524866926449334388229870187899259481757701242659469200677885305986008146005174359731171319878629021148151622838908e-67
8.20386918103805412154398407916959057740495207373499864607618158928811596940119366948203903864236001855657741269978513949e-68
8.09089881845873557428347089807467503981109476235755127836588674068687855722358710297065242824167023058146689675680929774e-69
8.04785656975959280724800794712135054985628361152586855858124170410277334041101595403080358658490280636408881235578854644e-70
8.07218076736855504047436534738068658389411290303058485132161192953722040039362654671539832174851467628917421726706337098e-71
8.16306891704460359547152930946102011730227361304389193726303777094344207250094831550998999300487394319629096904210156665e-72
8.32138316392289611674478731011864964597973986014603406500068580268163144917088988101868687738185068351232846761218892619e-73
8.54962842320716809829423309524414876069824798269248005457008399318257254785207352104542872026873651343947978725360890712e-74
8.85199842075888497681614907673685057781926620776422325633984198635808602998888103974256467006324713996796167356501506360e-75
9.23448903416313959783218184060555226240729619872062511174633948300069190700111265630160497676045516379769948320021881442e-76
9.70508217224134177925572439162029883153160484263053159522144381053451682197712914775922576257745555589454119116448787518e-77
1.02740072807722670258915922598844140630818572779590608531606976930953257557811933754331283093079370439136533888143172755e-77
1.09540916927745214355168911102816041260284294781027170309396963131639520574774262197706144937206465839699687976808238690e-78
1.17612157358585386914916397411041561739196071226419770051526207102184184552181690615316400600728165698004934883041647995e-79
1.27148940784994610674463509612680678729252936404874521251700357996635329361620953671972160410042586552092358102258882944e-80
1.38390116074804713567987417419620478246651135162633729383849472091832605706831739303694253168570154640425730287958221586e-81
1.51627506291229041590383985021202942821096677429315814247054091996987313384601792220884548342194201028036722758667059368e-82
1.67217569441381056122103096277788676565859617898166267387523365201165400912390550959772101596396438351064410014234571008e-83
1.85596060890558318749314539002937448892512542696171139999548277485540269746324278768187821929136140036114992491818641980e-84
2.07296487148349650004061631823555837755996434994235521050078859675886276235471473060967829563783487869486538383817125093e-85
2.32973369294239079232890534092410235011121588996247715056009614799335291407821820605966094545198408600099132974066688912e-86
2.63431631060023213582668826750444393606734656031058774507069143160139801564654096759196588717779763314652414316787290920e-87
2.99663813243981059194177017835973802014193621899996299532419299995753398471817364897686490210367473630261266405164608753e-88
3.42897321558103467019397168569079103506525550697172763010706137228066734138484168209174615339847850480286889604913478701e-89
3.94654577671820607182278078804823328260750040276986301499237095844532506163587919020512115161386006309073778447795248028e-90
4.56829814529717697191853570009860963124259853463296579638093427441651863901707223338746652283964181359445470709037534500e-91
5.31787405897015126501513393436004358622883234241376606484820027860330646051861755968774343497774997758904365710487885408e-92
6.22488139124971502949404453479977934516779896981067922086293276603119321308297402983566910569462200536541939054028761904e-93
7.32651854084434407199558676629767449655333668039422904318040324344654752464908568624965301382867865650824919249430413456e-94
8.66967548598528562677034388616608856982485825562815315028221107851564764435131550503597573923537646540013378623252297431e-95
1.03136561970359547426741733250242856305732813404324907691801163734786219985061420334499552814402015593520483989366059130e-95
1.23337168047248669074842814207033233762741499046231141907924669274394877783602930968519272673331836899504976578648223497e-96
1.48256778559170537491154073092128600470501332010852364351004519775367563607755358580834882350242269248558116747055091843e-97
1.79119549073662954688844340625924710474019973087275821932410623532785485556418758597347859806275170367484909884817261190e-98
2.17494674809442998525082123078896515377139537340168409077345909760321206459980319874539715501049537431023313470513039959e-99
2.65400428254948903143222687106411324913558876947613534513801845924817663424560225906415561449210916600984252372098597484e-100
3.25441428416967754211786570204210950962698881884592207642184582990197456089560190679052049991087051258192634293843400250e-101
4.00990303839368035128888517272875313439431286165342067667894232402036229812901680219659465937942482679130085827154548892e-102
4.96428832261048475343368826960938393995015952676476938185473278780820579792272285488885030899962308442231208591766375532e-103
6.17468994293861993416923598116380495593569542895368325648513729042433664010248162646207456620326650579488344141825619224e-104
7.71581710716553551168934923749522530435889332977641040611328224742447300821431238989644358088793002478986095390491860775e-105
9.68571100235492086090103554199236488370295172027902862326872487610603526688842950701443466062669047428276916400849749425e-106
1.22134595399532057804410909654022423946329150155443254528084581084357948830745577148715856843881134982563867708512608774e-106
1.54695925405829623477096505504993213459264940474967236527896276378697599040109075411442343904506827318791296020652157862e-107
1.96801304081891491897601779067428105542497655701271984708113508326167640742818799612083208504309153059105618214201945600e-108
2.51456267756042553295098482900765682887034546219935215365865429304366677904747268815188860663777895678523102486038100197e-109
3.22670568412029536026449114714769546476282793272616118648881963207049905401608024757855174338951722070958337516818968569e-110
4.15811163211375961791012082676092246153923657143391478572229515293607161226389093607447348174921592986407493640824767258e-111
5.38084935244246066439410897325594378220589817572212901064873808971143396136355181444279265870006585468615256860164470302e-112
6.99200760775247986161835161767124206685058507503268647973934317225985631676331345939102651628556096923273126730862594969e-113
9.12280209656920644576578645872632257924089180807199548267115339710614667516206559418028675039462099136219269321093384657e-114
1.19511389754844638500928291228786442246565410915771503728517897498036978503289496885759972804403782200033701462443315025e-114
1.57189970585941727788199153177780576661821792030137037743027766438615213066201619401040401254884731230439529375723334642e-115
2.07565463197622967129738471856812845864137113984387826149337736657595628824852316374557376207021495782993588029393629703e-116
2.75157095148015023747208720367923782764062422995608711726886489771494446433874020374441702964331311394351423420528945885e-117
3.66169978952913250674455136138475743787404208245599965185421912847705504756735421025346839779705755703357747960639997749e-118
4.89150573915306606876820735984515550028015310019502622820325431651103844678997270251968295122643722546713379815090454851e-119
6.55906601961782736951773552169701681967505991958675296162457935232844676784367367267637169875537878339865186849068933269e-120
8.82801760551395594365035687972146732844652767023105532266598413429620019412405202976407606783622865634987762185750818837e-121
1.19258305581295833733014942298250697178118862697671699426500423526205572133288856317981480745734365433774641080471993906e-121
1.61696707898552791659005249803051792193972154427402110414094981136470414025009115678052266473495009151909684458940937402e-122
2.20031062397425932887643170118637984805923998460362855283075386529793964446448832094639639009603453452489604477746081207e-123
3.00483470049858911159369897884750468834322385792048605997685868121923376295231654800078624312336882146778608484873102540e-124
4.11807981830625538164590862286693684826221999832618620187212466938508816315361231918487251304367552501236791708633514074e-125
5.66357471906964368976977390330311984654492128234703725758721568439489280436186101356028693348970926882640614692437345813e-126
7.81614527118670277023527032626356416972970191683482987535382733784265766128477122682763376948040436693709196067213416761e-127
1.08239412521039939205706373444103656423190611415758182061313303381727657560629305391275013880708932364394846680644944492e-127
1.50402144662478618673371876709566749700646944136434303424547534813904092154596283420187037285207163743754850796044597670e-128
2.09692881467573892738633836594984632892541874749813967664868404146064944209426662639095018693265326419956764184014414363e-129
2.93332325269946036281823862238355987428610248846160236638862419974269871556544147034708508014051653863031663571010914443e-130
4.11688299485791667704888865092191247729529583988182579262550430740680649636225819604398318517119866786208434210168658989e-131
5.79689616004912967698415239814061935399824905656213669189162082456243406337876865217634744310172392078459894713257070480e-132
8.18893072550127671367101336655355743853356001643522594237596638663180355215767774638327982395410281112088896317797674346e-133
1.16051317484855497869584576030841415376045363537018356254398002351340206758402128550626252443015101831679461803193153444e-133
1.64987450318122486366694184335707941849883823867715326652547598686965620499186166269630064449498189453243711253011546043e-134
2.35297162149420402663711205859088523845940816605669265793028870852198297769982242611311890860479169652308647108331830073e-135
3.36615892889871542055197339332363652317459783968032906222749240103085686734239689219006789189632154890296466853076830699e-136
4.83050034565642522721609647541150054042461743677803342582728571446817954724387389301936243699175421955803677467373071920e-137
6.95307361209189972216533143200204725362384470842021876504375599662234822727547605407830418812863235874648821169922051122e-138
1.00386794879755024244510484087688942145211197283048716792291460287292442100671957015100949013436491662984002095493991158e-138
1.45371558006865355015694668809467267181972334888348850913243044469128464579356404665040110391330955192666845783824536761e-139
2.11141517114848642172259308797674546143853600542813549767425270852788626744757874311561769326945298150287946221954057475e-140
3.07572568775316716022148308762936105027435981407696219026955109690234825653925252644715869087481088926549935311407039816e-141
4.49355386132604174697728982428864033209517917977792993614007834316848040805880508616784763999636583598820340208746567906e-142
6.58399507387819733977023658588484924425565673741850893719238355211786845098054628194131787962075844003931645885057825481e-143
9.67464904117770257411825529087724022582552830284466926740289020844989527461886576468331764216572181097472112567587823797e-144
1.42566102177908509917891192103549432351103768615619703744353603006563496621276249834737292706973296748140633177454813146e-144
2.10679362417723106666221616799657835539499302770553131035830874250235808477820793571806879630928291808897101786667519750e-145
3.12206451589380896514318114792795951557093365133086307956476246293661506279896565821845493555454288014118000824391208211e-146
4.63944006397426038272148734023633240168493153103940239114353149592070728853803829992624737912252907416407638137312774308e-147
6.91326014210813610343435473215161860580517070063527168461373485186050513828631856683597206443054176550817327649727192830e-148
1.03296079934809172137202244305823700821046067782949186072293972540704167327638382963472117198031213219176621647407609413e-148
1.54759927815758303037512019456594671959808503297363759558911455241806786447470233266846420119089162004546874658597290104e-149
2.32486216468170507227162617469058421645751160183959960591880072052433447074428316491625418558630187997169906315382395865e-150
3.50179192074003036978819025437164018095447977847008020136265937585194364090332818054888111010870645509379383911201660925e-151
5.28845073970475470175326500179582713145439235731219270002735090127884630723624038473280391347515010593472146927727433081e-152
8.00759860886755290509894326998873390188668160009371981263533813597607707955855341048486570943693667688585100787189809642e-153
1.21563354013277567895255435680190072173292152888531538799618600397850297222581690162763388809690295721020901804316834578e-153