0.989658790825500090051889903284784142251249920292106367133400980600707257500574909143173045798513011437247659935224409717
0.0204474458014426632512696815702617148095770356607082583116944947801344697636109188644834093064352590268297011724504097839
0.000337572925495047077418800499088622114110689073141646579980480411989890112269162544398355995956743052003919758871068656280
5.37192562914691641834241120872898108583605163211312662788948539185572201367372313733810137291902264222348146137119049440e-6
8.44149038235016752753180111624164659050063524551316711854472273064199609897890321262694101307797747909140575455707865505e-8
1.31883814457629599381031314425380339517968256759109256246617025783368174731948088146166955321411953132993207614770320067e-9
2.05399892667353291230670266818602545516978522193901719283939441274311782133458185623538668419672226035747478428453963233e-11
3.19291639593700507775253023021161619003419256914593282380258234402395221191336458163809114167572938300831839460621199689e-13
4.95726336283851269093298393861533939471231236325039898862583004327848870922424886368850035634591375234310966779240859365e-15
7.69008476687308582468024196242452096974645377854563041046058727695520705377571579542201105124798965174147900984844361268e-17
1.19222697818849951530368952251365089137194390019103752261374299472028098893437325718956404604383867414338083587167737519e-18
1.84753806223990210899234530830988499840270284306580402928590536884533301271451836387239201095614733252335741061231990798e-20
2.86207326998388483681679633753740288850590396118963731595922717509452318943048163743106708441913305691972233569344349680e-22
4.43254961881296563104353351745363281808416356015794217535250225420927209986226392891001267975165488358283938442478493715e-24
6.86334135874578803891656378670535601322033353873265888126625980502194747172379837578275645762018174712150476584321893247e-26
1.06253752347403176196157421577715591145040494484417962325949828625103632675684557930193599841387193548534146865131198300e-27
1.64472365023372494823830702226963044074009122438668842089671176840250329665111722101333711897141622732417118100190366621e-29
2.54560990236603752169242376711680637255956617198876308817333492208952228050885813236461152229858343967189655648226150661e-31
3.93957226428582480194973665950209571601881550359604551644639768243655824676977809994736985977864804019238241958557593599e-33
6.09636553797425755275760478707692057524593754193038023977373866395163995724004505795163825655521734017359415273198121845e-35
9.43328145293065985175242209070161367578616315441582454159324715218383280259414112233328317371012659797483479932461522888e-37
1.45958250227164623384735735447721650347750708678269143421851221091775916900360758270959180373874104506975369709322268154e-38
2.25825000862693592374744044090740631293195181078333624183113148320306216316940899515157560300897034205487491827517293474e-40
3.49378177657231067212033172135350156837261624706044399151303270193008723659058796643943300533185003783825368659175946063e-42
5.40508230196909277993510188203483678977441738567660127196858265190184156531731229370398548904342247519834077743158556650e-44
8.36168208965268853590069991248394682376018164697104959398495203647505963764751133924833494133369786839068794570468068514e-46
1.29351513523952524799607270851757157525741296538025488759176627543625197465093592641958151673886137128881532822381452236e-47
2.00095521651947993574940354980688122629440243061956888254727721684331690049747794677383962798291249260342204825042752667e-49
3.09522679647700853398787150953184926173939051230960368497686046130961586598722418173299404980972895383548944319532793064e-51
4.78782126940682675138217776783715243785926466623616047313869017628304727035355216153927576208066167626775058777492678660e-53
7.40584599839449685874978998652592650206347005294357657859121052714179110191296729412236261217798794003889957406707287238e-55
1.14552229509691705733810735110533029704491993834633741609929812001565361899928137863026356010373657150107378080310908217e-56
1.77184311070052635754900622878552648239251080067169673259842135509678704878010406965354032237777294243061569059090649529e-58
2.74056729619599323539094461542766522863135331156099852246839254928409894183776606816051004329249087907841711226917782090e-60
4.23886642855426663946093745256743960930123999088685878578386462984621278383084359946673297335394841146879090658020308160e-62
6.55622045845501244799482737694189873705009049480958826770295257924889046819215591054446589401026211852567270800430972003e-64
1.01403365441806888747853652753360823658659875458155971764512903163844864134932659826114297844604969009007170302920679141e-65
1.56836301317912848882533000363355461281068756552324039485359807023102894553826356034146591542409275432259155747012657335e-67
2.42569713459742378262618524907719021305619505310223870539529942915072753532527920024176238898806017222215693275655040433e-69
3.75165281304784966791832965656820052659957546509881195787298203218146700979400829261327854729043784764170638977324959358e-71
5.80236545583252008119859943786577470086927887096980816809398203140522036287433768351532531696852874458859259233027829791e-73
8.97396045049718961141560958022328094214357883673202024192751472068915954990281487611718579462832972419677780467783201379e-75
1.38790613409982957417917573676221141933476691394039054243542988361427735549208256739013889274333702393081809230974183708e-76
2.14651104005343204711250969036583114590679047682722125328058676728753760414004814811444487489234164741248878508548229373e-78
3.31973518399906397289560570661011150715536054134046596747268192815970589673535610243859771661328046396008011128904162284e-80
5.13418151355163907462977145997509520069933444997948929863483595481055283860298979078229811649186976244961702448248606558e-82
7.94029471254509831684987005530868790878236848577571186322018242183670146998441415984433861854344245688262946859825829974e-84
1.22800405631344301027189555088586584235877503514804300426248509392294333087288615381250066680379987680867707573774614509e-85
1.89915711152251626458484692213783753742787219666252351914699093745241148490615077020773887338575383005489459667810733007e-87
2.93710874669649492537608424206070602589102163751589938258547818275995634682213520713493725572718876595239893306651779207e-89
4.54231570023559572428094430903027030674630097882559861446506756738805798116552574807702439323094450645618963808649001106e-91
7.02478226103760936546104745525169609486147486250020479692482209814779236830208162653166880717820661611196331278893858686e-93
1.08639255893081549519029930157907096362525195915530452658152510434572003706015918140388678156919908519029047799564756411e-94
1.68011555087301352022058043941039231461711738638413362789260192474826923421839932121203103578924867921359218690006238260e-96
2.59830458887569616202540908132357401110536982764443389830778026898682523753489528093151637006154091808084902001114122717e-98
4.01827437121508238799246197317173866075538420177847357084881456111659758565263020774438761466997397020927379192469663494e-100
6.21423691042415323464598274539395585740948533986506440196368492088553931755540774603002159915162711269231398233660974692e-102
9.61025219886599674903869631362931791212480276311841991918545051663720160768924265925742492612681153326034576064994875049e-104
1.48621139578855013432290599656635402176904972425920160619944463269062885889490497802795228954674187074064107643748501394e-105
2.29839819491000424448234301408745379728636076002889242740450431775561294986321638078981104720738851420378934924531625509e-107
3.55442123576325028446043836652321603195495562083761992649030516154964710001797440592953698137841441734451080598883013632e-109
5.49681990034489536369076491584251412170798530193650464020890921182162809847582420971829845358318421323789843222323924155e-111
8.50067004123961332030160821760893079882257398195205823946187165839663706729196746822869685154044759320730444280161859824e-113
1.31460080573688397262703471185253898425543887026810341551723534678492674595838698036031755308914091127633196846536649532e-114
2.03298303970876441795392816323761558837829672778080573925100961113718318648582982267273715527498932963652857729363601021e-116
3.14392938770974332152544539253089062490459313211891495418858706557056248283269571035370341357709827408203159249661823406e-118
4.86195589639376330778204058355176991830254121882739934432983125746011942176661861474015436146423556760124403283499298397e-120
7.51879919014059335994073290949602399676808658803269036203272999150667103899202657814266384180417263169648172612476511251e-122
1.16274700514597161947805996971156772860047721826017664961930908876891602794622024650463188558590538500740514461994939282e-123
1.79813078801822076964353682170552509905513505800268654309076290707668004701791668662013885590337737985198113863487688828e-125
2.78071614479768148593431023915994574779790448048146281942893752109841230220990363334725705633921757866416012934380847027e-127
4.30022719266410060381720771031805565956622467015086598606043589528241334554210354409632066576736037982613994076242986853e-129
6.65005951168354149101821216561715489590811702293006260368482817884675936346147923694258168020859519041108946725769490064e-131
1.02839291383622592689763807647615421831683675032002804321633702066105832115707724724610832127102922531045643870753839299e-132
1.59034759203389099567590961347652273501327786477277527973648439136948239825116999903293835986763387342969091875670275630e-134
2.45937353169827126510413508401760829316938008615861289438321830098793293382675172726075124357361648535361411614423257917e-136
3.80326348689618613892163231096850384956300358049249542192545896909041858069808241212432889393896533537202663272646172158e-138
5.88149637283923310776817894297111094701505979331332232902382693681163898980301664874595589391220462814631417370467892641e-140
9.09533652311748410240429833156764443025956115456470099479816609952331969118721377370147995761441010905408972200564015553e-142
1.40653080649978317490355093801837186380069166430494664898813677646080105452570711328919810158194895675866552068735919048e-143
2.17510025735496610898894543255569744303010593098738825168945331892498063836885814382074718788545375284987181535349382170e-145
3.36363514779008187628619399839157574150539505478213303711049441314273451622243870129539470335608807084752691046326327350e-147
5.20161339768357619682656527308965361401884219238143967850464319922879101679494763309691377349012043701444009252457914185e-149
8.04390367124023037515020963554921507235468983097926347439751752350506139080731478008943994845465004586357347036998789708e-151
1.24392806741146603137093783797254025744349726289169704116707585600387344090169327232123760989459376705263654664858889721e-152
1.92363779929552294267084232397794356238693292462892699418000240337678273646885449624477487954717514191642318487798775322e-154
2.97475346812487681993791854291084327350845582142476980626641033164252704869645797185279006423806485826327112590378039290e-156
4.60021691970785184997637185828788009077010882060774587861479699260649818226442276776171038579922725110926228851584502822e-158
7.11385990801296987896513311511772309926647767695195415448637001161388857044268345577575492936707847264956340634988546128e-160
1.10009954003224456162843347162711943297982966702967087278314194787203115019308392420172845402623576471405992305965997630e-161
1.70121164019380688822059815722022823593177337692027029861558084094545598630009487662846202307219424256492216454115232709e-163
2.63077924101093446146540863322991478472776922073294518832031649471965884896870093841335545795582623254761351628448327234e-165
4.06827380935471262480519398568765273020556712310815401553061270802560059009750415613784436520076550475272845753626023071e-167
6.29123141731565154606168565691777960951717443509498253894337308594274075481048678646482050023348826782201845300164231597e-169
9.72883577947013484021159659628237119661448561243121318814599253075339760739382207292636909634585913534302365877693981005e-171
1.50447792421052181902121866351502420377032396147397829520464102643453934014772677185470466974374089746428464683162704839e-172
2.32653992391764060594875996710514626012258417356546654623665163432880147683502283938351380244886510332948299512263132991e-174
3.59778287661362087083026414339874365800071014959890712744076010018111660582238635965013646925011422141380576418547161058e-176
5.56364165438729595297389437567825884497653257345829683545371204883476288240671317864090947795073428362937604341627712031e-178
8.60365753866757858125516629459636979113251471382785320722708990790969583827033425969983793289219347289979353296645150439e-180
1.33047541378343257538599979928970631501721499987008357254322588318107231973131870016366464443638393852753800853829078185e-181
2.05745512317869781228925920869230566094818639402361815541831582342920001090833285631708816497181184409839658111640661204e-183
3.18165931821932733583470988620536579246848092562614538402796218348092483014373031816622419328133594602645253004706229540e-185
4.92013218630835783580363891136898790268517677489712125350935015192336052954188017789173267183244109768054755205282552636e-187
7.60851086139727136155882737448662039225290341555286111864054769075382177209955438479734773781070406181599721080063699054e-189
1.17658244120236280942720813117545445673370206989696895937512489038858584832527536471437302096822185401282846792541105405e-190
1.81946987875343422743111209950578730704431605568088289216855587641896733833516079489780379744519018997152836448593970299e-192
2.81363133729261683012552722137885694931041590792860724038543507669208604937171208699855602163670868949999000715753866989e-194
4.35100251500417571730334122094031264535656447710302693496122606271589762749995667278903903919726333412481315623641357874e-196
6.72839223713570146039598196727132307032508286608231625073582283563261877641858858260218178017128612908232517099780807694e-198
1.04047846840382031290856304628469463111832705875591993246020657829466393093894074646055629243065359248189890951274669132e-199
1.60899512332307202722200440651639144778077712327349424881312335737658855468702532242367422236350874254889486517588593984e-201
2.48814792721450354723877929574742973778955413129823920426613676333205064668743541820666410056052140023539906956025755658e-203
3.84766726593867007446759024088015728954887698197059494730186694854834202023221592691850001530425745570924651163330551320e-205
5.95002331238366861297384955065528323648032792967207640246972501973840007956628645690186004171870852873985279454712505027e-207
9.20109843638902561515032639913057010048484157070072393597231645210339239297295453384572856140409864732312045650978812702e-209
1.42285466251613781117588438318294522284710547113083119408247674658514279824316238541314231231630312314328388176210576043e-210
2.20029678501241520101994222346327571158288142198737715004075808820030257037062343851933985445042590384134241531001802107e-212
3.40252910697095761536617469506528443592794040560488832767115902969361643778677256547683848959162693691863979137817750580e-214
5.26165416284860176838834367766421684453712053005669223147506911282070010906431011905755285273153507869654236235036583756e-216
8.13659348634299785575059484498535584370816024457048504934301919343025378757171348352572500394391638077638920524021922157e-218
1.25823803719544372957349115981796607980181055413019786394032369844011469676160506122927365154035449680451049590115005071e-219
1.94573135062515467985701357190677876129455117210173552096612926917576623414830508032372639070256947213548301202896449589e-221
3.00886582311155886298683713303283752469018423850120906757306403500216704495754974314970601369363650133072436817573256344e-223
4.65288852013599669351213168894932660414513052175359093651598925815439308210009423440396478382058216899327857977883493288e-225
7.19519150139403101137456496631278371400215211341900747071212132804605719541626129702185569778842633576666579672179101732e-227
1.11265866396650897300669188773774471657650860728777174365615760792867695241436969217810517517109525842242630253008541638e-228
1.72060602845322235133096558525764598929753261339902939775289927184291917358603025579639661320303291607918169883061175507e-230
2.66073007375292857212831026726403915970668748256508393594929796394909638302110992155417790379762411501756373430335750951e-232
4.11452865373400647932829601848124801096813322697180142723788453608065671432920914628757597089285544006574016506553198931e-234
6.36266797296919510269677947265633656950843668846229432816721464321465945718157929122066254732119380793366443386319268836e-236
9.83916695043264596998238325271919691200494495401464882960281904503196210339509542681973348712807519041965003506658278227e-238
1.52151872058429172222566057599025982928277770723755002061220105318909804091300566829877543700039949770604569400222120642e-239
2.35286047676160616961253038953868863143430467930623390513599844888445478303734153509940332672219738537329989657620944249e-241
3.63843779840880095980495501849647009515202420694463654122501286701494772941563503320342683194926325715742424903477754091e-243
5.62643936585020778279945928037031416133643661420053425019031010742736851367932299070401110030945176958015166719852814578e-245
8.70066087289464998162571998351502397864595993110091176189629048560246584979421721018344648610790344386322559849958031293e-247
1.34545974079554499340357175654850500552337877221457170491421286529473246825554053311888733034877879982683302074340762854e-248
2.08066105886375897888932767985290047306272657083419966589599627161437085711820820606718548439667470056961165079212595779e-250
3.19324875121526524170431626753234490823742093894017204474159708517136498724823911651462818327768367660108756770941201063e-252
1.47667774893245723463792417868973908305360025634114607770551209501144714663143697625961774574698079037304430654215416127e-253
-3.86621020586032679119122076492484169641764781923063173502021841920520730825583350976133122431306131528233802947765756900e-253
1.49666822857776964532307709486964051085582053293753051174185339260571702474894717709020289520144966171487386523894649050e-252
-5.64550540132832275858218986726996922534025807080699724921946331447456226264529153397723620248505476623478452959456541904e-252
2.07885365498288083121452020208576825766338999196542102095579016533870372221520846393782977911061626459106333324009265369e-251
-7.47157741448058599155511700415287751302349582229094431658835271652566292785878149713135459041059739682393469316811105864e-251
2.62052774345665571987112516694092260145229164515721349040646581149282895638286919183738225819458829468985542411531127242e-250
-8.96741773822011688898279961230419689420979039232867391844940554986877354956366213226883637155682377657923033431811933208e-250
2.99333372121579457621731329791219091512237328732928879026024419647673956015799586483959013546564934165378092712069596131e-249
-9.74431099948832741817502575882074448385119239861580722356197823827343467656733942252123597021686014676603250641861825583e-249
3.09275955512411598571637987057323353564098779728964335242912573091470838385326668824916189866561722947574431185506022689e-248