0.495692692624699201120511504302382336530474791333656649326595214661055185315837896274529994707531927794090290497508439598
0.00141670411752018898107988605615779517057839781044270337613017456926959885292308080436722041627671470185689419109074483573
1.12399240104416613504923716862838724415622749049526236209078789765747505028418148072704080689875295305409162579355778376e-5
1.39195877117158347739181000764029869186648941495836013147941189129809648335113980545788382469526248264695653682651778478e-7
2.27949040581357162009428697863425298014259135834076560416075585901902020202355931255527658918655502692677201782358064724e-9
4.56216123482930422475765220458320393928548488970692677572906821939578126855896524429202538673934804027324244856377446135e-11
1.06605011362882517409071430401638236095584378105219258898414972955800657890635318989069804160552346486885997239110892407e-12
2.82348025350962034465822958148458554910782406613760649777601025844614897352377637230628666180972720882239833571180966000e-14
8.30252891558778998823473187515632187317562718807838172022949268930684367615810097447019268654323002880084954049320816139e-16
2.66967130108202152402377636420061113459849578329559581881815886394054771150993137129797133157884412882373611203444096496e-17
9.27881181712521414976752395057285219631585439892568734272872345866133244921806773283749614922333129029800760024022306564e-19
3.45426553010091618901696376239050353397412978713101633087397655069756994864653066541151162930087356266301161014661182084e-20
1.36729008957046976343875257971540754018688705983619681404093023497406872568195113212304562066686232353557563600462351663e-21
5.71992787787639792298021044099930089331306079489670079291253181308823562044235507294143272585409211586575038067445292366e-23
2.51629746050683551039085221049746954993015986298914790623256176463779588087494727357985755428318130362425534286887770474e-24
1.15911855016381742600581483543588179177261413714049286112652153565460835375620166769719881708408546868185460052974243435e-25
5.57066538915800336060564807572946699139543662106280700133995357489021891551295356028096848564802177344042886396174727965e-27
2.78440421411210977110398561431667234694336896662125873911430626364525797330033277313631825425764826191557047898276869568e-28
1.44347864164349954708932666859235330355596211785202386665972115299477006091703290155534553994890487224677552653264690094e-29
7.74269127543555389123896620366035150342206513373770471043949721319948975169409305733473564959901639030888614620922555921e-31
4.28792882659467428769476522542697883733835030719345024450661704559446112643138939627883329149445020112728522610079980871e-32
2.44708347335237599706983747054604300826621972783842637618964472794120924151796574667723577486530399147141977853057938450e-33
1.43665655133862603619665469823165695512158719772866504546347684279142799233768024166017422861686670903496456508448417004e-34
8.66345159396635987189976852127136731510361238287805380924927070883143942562208008998732461949999302509998509615253948591e-36
5.35867020375965755658834401809950629394085424875196753986834268910784069270776016889850685144932967220838321706553382911e-37
3.39547458228092957818579426120546579014793188655398051575700171774602180950662744612393875957051451832701836211188815828e-38
2.20149996373366616059761010717967394790066511680093126746793346976731671693330825116029678313253941470308076296765576261e-39
1.45898627256101973905502395149063009207546247348975413974102334793324158025791752168894281105168018571104957426403654680e-40
9.87358548878475029109097881412354559702427378468764631954397865757533052698792924086728125778520890188462120547758007712e-42
6.81709921422002888922930519610339820833265297193366200282442753631696898693419677008100385029899281087769973766529532734e-43
4.79804899552084258532516459153390644523191813320212387219262810322432239480257521953533532460977324616024161297173047071e-44
3.43981982283195044932699325537089560937619926493440516746060581229709988283783473515346423439930392221692404619511110341e-45
2.51016282144540006049047956813548209516346789437966760660888298427839848227765557794968399080780927731543912679542286306e-46
1.86326134047326009030168017237880661969617691422668749223483245512187596039100042208543224453978714183960361686623459190e-47
1.40598620649787421307645530887195807892593222187566880407510454233293953747236176036453358460506715961603455442665779515e-48
1.07788121562593912957414902746434183931031166711659045512887657339282561419348568851739556901577205146745361218470277282e-49
8.39085654243470712942573953888481827777254268377178811644368107338547179654184565226228259417966666338422646598843160467e-51
6.62925420531117446302070804028176491877976528860749196005538600354629276591954423058046187435132009517355525838457663927e-52
5.31296150074573178971449746266409385651461386075145480967313053625300805335414020501769151372143925167638182003077151197e-53
4.31742710863085997830986964595811801808496357529628852982697639173325719892560114881705602500991118586475413207311035830e-54
3.55585092159862157649603349101192979815885950695534889349191084308349406245303862834069301637983386974059585606191382521e-55
2.96699162651621131361454486987374943574410102089453265895967629754369465474569226790674535805748177327978533030732459960e-56
2.50712985409637652111113164291105986844988296367366897262566459523090878888056433101133358821947344162939535936800264022e-57
2.14470353713447693285807860745103801867939715445183273243789767316224975167747844759114994133049422112558481659537641912e-58
1.85668362210367897943478008668416927686748152628339972632429136747509204087996772147767756388253433349846565157225065928e-59
1.62609716555025445769257958244943740063696313924384929196518712400964926125866996223116173195846766225242940648187009233e-60
1.44031581060336976531499024536247642919978216575174119715467398531538514845594981007171282464243637673439684077305156749e-61
1.28986061856955926220476352200448967886004262177709943734389726712792160728477414131654388166692883444852051145412503771e-62
1.16755906557816389185506020091428858229811777126545318908949327551914190551063318137404055356763681343492087104934342262e-63
1.06794476373774134483950962081079076274085369912391867914802349677688620242638482918987960240619855279746962950420728328e-64
9.86826194936834369627215065890617426360765163483119706583695685530923686261368108961239990924675666424354584312482256087e-66
9.20974313154077518072982917324544283966693679684719709973100409008146128325311282205651781756273207095405706353594618588e-67
8.67894579654670951649409846283620393394057965773117558211022926028150062945903184021419432817397993134107781971332984533e-68
8.25659572105481538217621014227197085294463503755288720586113854293608640648543659995172567027847818522230651080273610964e-69
7.92785501114164747034906923709485125942301243270580517568894506228692249139679237818537844669608923773427604511150330975e-70
7.68140907503258688150008783211336242334766164301062593007005049706653151901682093094310465993158951461928091609554300300e-71
7.50879240781190511631629453315130555822770797147865839692018909537577663059938753892952741700159024175662549085549795465e-72
7.40389422590039822689090021621525821759684775857444409407823789866098677567621247216548300827644623505203699125271227701e-73
7.36260204559968097554727364188317819481801127684544153314240711739234560279184274811155929171082338552096305748321587637e-74
7.38255357924708057790701806648548355605704920628205778638295059288000938902500143226846117061621308072560104064823257392e-75
7.46297632508245802362863605354395037015898211658782466357556346345112019304368023134417491261209272781563443410992166671e-76
7.60460099096317550202100444896464276564249962124031682280193662187106650791913043666040304128072525559432781323009043669e-77
7.80964014898307425561697917960586716609891333326541687396070836053226549727534356822211392496689855149487205101530813667e-78
8.08182779638089529868028023483410020131888421269582709235856166897310877058721782129948814220622461413742961546216720997e-79
8.42651919410250697078639791609576100766371418900857078342826288975337112296833091704499894192417469962620681859563983701e-80
8.85085378121844660764766463156867796348685692702213577535091547989358098195891272360335607956878681911873875762814535775e-81
9.36398738703575288565858132770790585005524565957819547979390369762254126934163613385477793086480313928959839337064109370e-82
9.97740362943348985419722432462504076295505186088931633012701243790152096780104406423497630781006167183142876954899102945e-83
1.07053185473917885572751336943358473323997451627237154659596570802356800490117408597900618373269537460119716830066701715e-83
1.15651974425341730173755708631842567857625799286988216159352516940540504071402599435488619538430114499620873454361607812e-84
1.25784089206424935998714169166100149358056718470758581626108755843293532773879623635080756037870667668696867781285963441e-85
1.37710486238461591203694236525030275491711376265867106459638286915099755293388100304431124390896727585461179838072095123e-86
1.51749746247931623093261953658955172839447181394953661292922084163099515332678062237765478997234919519316976448024614792e-87
1.68291085543465698116480519146105400941849033270998011050054654909121647145994670256352189695812292505357711875681747713e-88
1.87810720845161709608004042778063882270624201934088645205776189980872625594910368001669364310609208614068804717932407047e-89
2.10892484761893023596534567515717094170347506957031055716386535069846882929287307123284032382929065848920752148029509435e-90
2.38253849595488119701131906528079055764938394741950929332373266453595853649126745476621420625433364926657860665124775908e-91
2.70778856370198607383969924742278598207433920064932823880368109037324595126128366861916656255830485156801105285958156241e-92
3.09559888736296182729823259545778927094130525859678154946231345848117606469735111596026547764178126608244058886675628421e-93
3.55950808462719764853943384844471465004671091399202817562347309362677919219089548415688387863304688035147917058023647496e-94
4.11634698347055573035712117914461326725426226949363458059988603570083673017966930915489544676301236809708013854275442215e-95
4.78710132379957833115875398496447899557497170530041689254638676618665504275792083789059043482013674393233736304716782763e-96
5.59797953301576227983775459745886466205040407161536898742525851781282942263379648492341895141255410487132967282282181991e-97
6.58140013461915327655003625751356404095390839703023381131684502707663510714954243542391116707708889406395222255748857354e-98
7.77344625852819679560001085145830156514747827529583030586232322526453374706547389220992218353902429137552721468240455833e-99
9.17283059957703537355539730567636486270873848523594569899814814048035045025268995944364577013906891177668998484634489435e-100
1.03147111025394137307349611380416210152640197236104149514939268959554633665727940133927286727164098746022356554439498014e-100
6.03056772795508162646541476524495023156421364150601348144637819172811110884889786498555441388066128053628034943629653954e-102