0.992238041475125761236190742479074553780603626027652189249934244498507368329501375858215335543005232542101378620420272536
0.0102397253658576092691632336248434649248067398334456079057615484497385293848119397955443412525190826684804556368717127376
0.000126731471654979115759718830005741233355942417431904708305291151539320363093289868536680886107570760658133626150323744371
1.68018818136174130533034341704627219537869669824844189918621236736126456720538173517989567611807954282439478538000657450e-6
2.30986465403088007909338817029430337948863478572613503311439575840235896482555371037657557501862198267045098317152069932e-8
3.24753547201078247478907657530983737778998317431251350310321094074410046580011741671866886712941763076194617418053439027e-10
4.63595486856139719797389003531307988049124716261174989512550958516002206515295740379293228521569635368282629026884598273e-12
6.69137218336704314199418910536732818729657423586271997869879325636452892375999047464915510170428676412381845572451049766e-14
9.73912300994551217321705911745466256001389328429932304097103631900400183463251796259245215888204975459674768236772363535e-16
1.42681725274985045139577125848216517203306275177346456512441317822476345216403790898991853577188365724832670796240505296e-17
2.10138528807570561167747609097539552480495931622822322411798315877679624715465307907818254685057102797997211854433600828e-19
3.10831421570656629515656244039143806899772328591614632654810975436765948819204798014088537877336359971920276038293291753e-21
4.61443760748839876515072384194040710241591088206734851617143675392187763750958440871479005464904966111535074204070124877e-23
6.87146917776597580174551823036087917601956124288696256539952186574647165489841201193801439140074892531114596110313296002e-25
1.02595841055191072053727814270892465400216113747647773553238355860774114468383154660236242472182678404030937271813321802e-26
1.53535398132097107572358618586488629561837921654712805572190564333778732584393497430774701233986731646887526653999086908e-28
2.30230576162509059468242608700474022040539023320018338352829852786493380820903996061924492187771943000845007061710500849e-30
3.45853104552547796829490251933027462181988588228323637624148923783619750041975771698239293069060779437168279420657043112e-32
5.20366969324103553700826590533867210360751343398928946341146223376253566450201571279505853440385815506773290461332691868e-34
7.84053174290433370984856614372885716006216879027571020403412560283484279510190763928370688549874749419606914824646485018e-36
1.18287284599807489420538425452218304406405236744333893057815999819908423099419452851615396053170181089873098002669123371e-37
1.78663140663668260759564009608150930963536785518736185558364962020161358365197645475549976080650051358291324922576479323e-39
2.70141243270746233397080461989286981704318462521101734838289818444782824678934894872594342580016273634581196817980140555e-41
4.08852231783515052945261429396901573167268605904842022300518789569233968090417011196039684366271139048985095329514023918e-43
6.19336681744140818539482190017787206751908096092821175687792725794312769738696446617731939594238430597022647177225537334e-45
9.38948339713584037489006208251963883581974476815365181673039703978378771089787084624228134317733125149918183926521672795e-47
1.42457085943955932817409057538352492842304342770787158030650713566878135341879469527915078335419464597880848281168281130e-48
2.16286716033565251511422695572907934656096445379962142563937720296602004492021823106330778101386639271106423632799466280e-50
3.28592457661463091670480035880113857105212858242865316176788322348269966100102202793631684921466195880735780415964712831e-52
4.99514399847134616972229652075818321032820834880949026339841571613901479031589640740933175678745946822118857021601675052e-54
7.59772810255759494448726164156066604180700058265762832298209446593729293422220566257888345735413999872134291339465372384e-56
1.15624295135379706936542123726949636709201113894617752925591194969874720250829540489130473583921869862572376443482079947e-57
1.76047485704235565474344230786671254245992302300430241530120431619755941879841009954761939184639079975041475654609120022e-59
2.68171721787046906271405889880496698654374707816725271260755941195110383136401161717786880775025479287739269051397057355e-61
4.08683157383509195022356461136422844675144842309234198359735389573864070526041326887071391114581479652008729422312848171e-63
6.23074951991715725881287902394931132148158101982920286041834910819365989824500807169387338147615312545929543845166014983e-65
9.50306544893511767609067427499058465818329096497594353126656005509529567515532625002882768718922419901850793639805305255e-67
1.44993289638088825851198723587738649689924379734794744233753414167241367292959033113905022942341495173545038059121624696e-68
2.21301540641761697449859850286025493513762335043946888487120621322115523452664536040968172863626084896247163620212283900e-70
3.37882392265964728495064933515102165271138867036504452949515681412666424639966830534294581391714579588872050024648767454e-72
5.16040858208799292415226864432787417877335023986831057747131168655515763889341494872827926162142932769022293140614804290e-74
7.88375939306729471065586297894817602072096891970819157568852997016663846170817211660640712991901655490332067951875666467e-76
1.20477844815944524611763107621822649166199642267075146767576535374609262515840235138191020762908675790168450892343241631e-77
1.84161912075469114000166702456398642498126653520475281089104863495756176912936454788562152285660336612292427430590369515e-79
2.81582635227236979580685817078229614266219846884365326028892459920614418543290806288021289121129296943047106175873454312e-81
4.30645921036045700196167052983372508034730310142716965519348353715645339797231444347265305418197204100573223933131935714e-83
6.58777161838686125884002306073794719907990661126646728814039136233552831378381478155771300196318060397014785013061694582e-85
1.00798964199947433617444704923091499969853519723160339463075050474189304340678836889021165909806142584321580353469562169e-86
1.54265504737128187082665294151823251077084924228366012725934519382908514054181679438146078503447482696352231559773036666e-88
2.36141835032693400619141322568267099316513493328460118900744257966941306399049466546092961565548627391918758858449207096e-90
3.61546999572555831569327438477404337271960951415244763865793123865149159287521420685411923731783041479855667720386121670e-92
5.53657115273064927321031586296326725648892551672253150373211302943700177895520743664275874061549491144894280236496676733e-94
8.48004348015636484485024309220004011329876977795915334329171567805634423620705754215849849001585133558064461955110641224e-96
1.29907222564613233139429149237296751411708630658157900324571699109571767343182645452260716086113854414297429943643622568e-97
1.99041513351331583984804046506334695302745897679830087952195923660373072659418846651229185894354293441475919779360784285e-99
3.05018696926749118699274888180718907429225852397987397299933345299169707922153321470081851567096121491988230884040954487e-101
4.67497305026766848698260414498061221986324328147658459869205288476625217420921077002714362328887984888616643767733579764e-103
7.16636915372775339028715294053639741366512179165678741435490484215911607291371877044087350738427277808635874750866376061e-105
1.09871319284717205787973159867783369951297669972067554325476485214487505860028437768731733525430255259764782575676027097e-106
1.68473813003903082429429486003365667496118692842817995822123314942884863417718997182579471878436209258975253412270795082e-108
2.58369524214122822336619444563078074624520076589098270482081535175284688134191266747971941316077002682961156187674545389e-110
3.96286241562281277858070958094527140071048190422603801645292182450175306674532121733814559398556847139818701531031172223e-112
6.07902098571918437415988148898002439606521965430419700372522344261844539578137940234268807408418591532722358034044443424e-114
9.32638693093594692744588381803889948050234019869097723581332748607830819337951661137187025298991813995145929103317557478e-116
1.43102308126804293077471721183040083595450722280381550443117886126796741444927651773412239353483813938945581466139193825e-117
2.19599644670553425749608400016125313088902129974340422086758827627265399036005846105297694520914463657515590947247190027e-119
3.37028672263745435681179161618382874020121520412096508026573180699605964655645147805796161354874095246622442311866908513e-121
5.17309905523653049492363433756066092719810480131140842187427968597030798856119196961715903212789947604755847885352234562e-123
7.94112514406085578748982371369015086830434761746261154518393087679166130057858862214925484583262962331344291696235748191e-125
1.21915583221494875938188158005451301872458529044906086429356790089843424292027295315792360870527173119459198661485530683e-126
1.87189303434167099631940819320646294805321737204944816538701244820043232120123012964667849825945842083311547902170504312e-128
2.87439342245389910591736650290777706024833915410268918114189215722759364877223648349431796088152898197985356081876761472e-130
4.41421585747950865219418483050197089262653683614772299421089795559346188724561751964167316437037696350237813308724538168e-132
6.77956681706668729581746704785795460827103628930187898543389837552347116209392684849138071036795542423020547632191434090e-134
1.04133446348347667857621509297803201386320286136951419409001700459167691505057450675940943742093851616092022703262378166e-135
1.59962209831238592159772165443670005923572641545308957047865647764806147245749309509166528507928884069446485377198558400e-137
2.45743696246176249700411370649112971261737348764477079105533030917858356144754827630790229929459875768963361277450240324e-139
3.77558485672826471479198252480477514180884946252125421051613832167742233144622062777223978285895876003985702753616545868e-141
5.80125560546114737543747921171132850594240252384771546411324847771328232475192601378775350650959227088847036667679493944e-143
8.91445457896444811164873835395880979025285546791396295160070908647052092531581184348868161603514631999452771842390424775e-145
1.36994045057877139626578728104020704552333768632549224629418142179810199765696606112464631930022278267941163993635520660e-146
2.10543529705205899800211330712318884135975528054926507257042993017631735997115572336039931301611654007694137940187471643e-148
3.23604533527387082447879047753394931232578667181514839947584863648601617427053996384963349242201278154321500116031028991e-150
4.97415142564491807360399978508771185873104890528354644394973661917845133848477237289930432880244026706918560219343901433e-152
7.64635331604630259508024666080486676767794828827282482385994223626890070047447317260221304532352476145805320038720755993e-154
1.17549273555921498649230502430389706973259398874387484412346655775975944677398347887480871084342353051643450302467657307e-155
1.80723681520865827339825733471494364640739397840645246543933178698494730173193864532788038382215910645075532918109497258e-157
2.77868317353233924457961648582887911123371184299870860304506353340252371850884971205336459491838987619112324269500709385e-159
4.27258975018835998325476357211832895854064045541647758998890051159428466608019081727051723610493744729308828375283009794e-161
6.57008400573801879645930415729273837517703045852278961170042428403612992591667921811621234840126339996902360338721064990e-163
1.01036339853780541361385639493782167957190611988152104917070639504735244220912286648625852095288887895885382178926880410e-164
1.55385557807826871214549329359534886473684827806352336213772762396822368633165530681115284231865823455039170153921992826e-166
2.38984365087039866238105558714678997387884974970904441743511072847034195197036585778886029850217722961644310907297686437e-168
3.67581432889558904903071048342137175668096778655861077136036044129838809181493374277308807991293578212808595698703111541e-170
5.65408517817856427358696900579886675794145774743779919785405926507948859394976467478985155538562245127536053797688083631e-172
8.69751751353374303131888414829500062446694170468826859048783827452642472671613426130361589690121304460363627493102941130e-174
1.33798720160646659833162228128423933542434190607997171832023257543327333719195823402044324840662256971067135766737454256e-175
2.05840961466996063869827319906488767148666713060502780979556345538545076069842807525588411449240985271887492495217785957e-177
3.16690012615703258627288433552743468935529257054902533827220183949479211817829916030424766152279333615384149271185777577e-179
4.87258246645266823969421168961658636238733059077309315852750649716680367614949406654034676104994708479996994217338595828e-181
7.49731658442267009157255577400732164532382428331771827154878855792759226542395209981631043501854366129174517890593413659e-183
1.15364952539143163003328779626296301450993613956191364214711698949542103852646780429587543825630215730554418174242116661e-184
1.77526383240534486756177604675076780866624347250528095636298170696952637524540110846275581369553336236884262017961875156e-186
2.73194834916224202153683788958652614595737586835918490306834809712089572801956162192162757321297998336933581930117323030e-188
4.20438263934561945727107231523906784845901817616407008721905699696936986254734633181259984550444914860912543002332195064e-190
6.47070754766084998138483066737346534663529741719162771990087865596650961596867616539745542941833908829333506237897636565e-192
9.95911447914097081353331763107138407172036051892840948764103872561296818161444351823272032421564402545015638150082800953e-194
1.53288202153758840454391665520509421211230921217378041699860867594651175570372656742787809322819893744085486648114211834e-195
2.35947531369659558176320555391777575145713711085602296047956332356394529890651658363345889124398509533575325593810525616e-197
3.63195537613374341796784489366749765251041800034937351081472473468613028308520866606160922452510665347966085557968990820e-199
5.59092409205394484809816775805851170301953526638666648148094367390967912747958898334473924888596640566163140757103058529e-201
8.60685308126314770569088887124407903012098127930095512604937037745379732924924581375661678400144471736240911761950684149e-203
1.32502041553652282338855428276069607126984683650687034821468254184265953324970021959200350698358249701659558151269303771e-204
2.03994204566861636416507227360627500277139660094050967848226307889903410771790823032715124619642447462138715762148658442e-206
3.14072469551476622787969507790797783465366564173808031706156817127068872340418658143646737365562643756495566974891871424e-208
4.83568940708162529985545394504005366220517317394843201799475085327836508353890942684888848210047605243142334240139853821e-210
7.44565885066873436301481546831318457685951612940244785177512898741000863819842671648335572971634000123629373938914409349e-212
1.14647284249603948830617564712347447795064885182686066033051814282864662894138897731658498943520916359508174431216285433e-213
1.76541692046648427462780510307132240126846589187572825506508126241744987662304936551290426566551781313619650816312925102e-215
2.70642099895898337746736902301976763968587109771930792542465977881901349888501930745277421683117011640361186542620015438e-217
9.07420584958754910958002698288912127123143367693761374452993410619558609389325751102845598746609112354154872339184402719e-219
-1.91519957344115604362097174188640522187338966471819585859537469083651535431519168075530404673418648586389494931355782548e-218
7.34846077514350866290255024448674338726579016779206394693462816498328192354250743737851512628205950414504208801835788013e-218
-2.73263120684360371654087523037958572144191477654788858638397872419418503289400317023453027810840009476887797723604560891e-217
9.87985994808435324630565060295078591796651637933680689666701020420826981643623689867035798775146143875765616499957332818e-217
-3.47212966580287903036103701909227308699504558516239823457165931726727365378137083619760916319098848674798033783059485738e-216
1.18577542607932299104666505372043701077999336751963053968360890374759739996637516077056219594968497276507305022042588064e-215
-3.93409755395426712378236222463485884034754028609199293266007206442080189606314097751505593859750959520347319556695960278e-215
1.26761273218922580250264499077155045721275865480871960879519570543221480638274943719689428981521614709882238655395146650e-214
-3.96530039255409308644952411581336639124435497307029083618509364747956018504432012260471541393497325064607695258873691165e-214
1.20378275738391517056160532068945455952086945193179502869462115372633811096682435504361286393800513801483606343795814388e-213
-3.54503732222106522799925893134908113884455478897822053263719245445056650177547758255284782472530581748449538198261911946e-213
1.01226471905506212798161709645608677384082874837672345009142652381687600512933048437657498173921095176304905162161922729e-212
-2.80122181637813305756435633715133688356753711887689746459047362763236461612612381289654212754939837656657876389881743787e-212
7.50822910657733975890663565689008862736604107068189515223460274879412120279449788408127070833399265072018424481081171497e-212
-1.94802507854283842300194258945276887483958865029580299291425912773237579185458084976339022309653370707238796023839788084e-211
4.88898984105619802660859936192241538161045812298790399331334922389736409274030641026970547856446755845462844256252066039e-211
-1.18598028526946561789919950247793678732566633516516033974892524723853011655604951929106350661802039450479179629474171156e-210
2.77840656008168081677967418011691366386378812233681109256549393077441801522718814542480143370062149502192475188637120709e-210
-6.27991154918564184166508414442177308129214657159947906517623961901609832172426802857998545511528195532704506519881230916e-210
1.36796368256733130823876493950109973977972549328902658397808070405671928193357753730383592938406658943159541463750760527e-209
-2.86824499808890027134566223752814842580500068934555542279994210063329664899416448365566466061241683178830033755390891935e-209
5.78036091185542006398557847404369321398097284458618550182258562083783935610321291038744078284940382729092782006248304981e-209
-1.11780797826510584358293311199242272713334823833600069475136077294783825852485938554038928510382494082920411302018433439e-208
2.07016046886785213342049769338766153547332904618336912459346996063436640881552294113793738386016779660152105541111056806e-208
-3.66315657732004865975452342849715706633752013673340230999048802572778525318070346479900414660711254686089386201578512342e-208
6.17590128195402166935778530331473902145924526567571236399316456613880554998830109601058957982749180529267373175034954041e-208
-9.88624779448425759318042269459168574887781254334766417323087822003025007896628294779815759366869346451581999339594014671e-208
1.49603402097141259462552979300285450910174386524955205480880511401772123438401407344753456271735394359768665563009646940e-207
-2.12783097196903793626960644322311910210265693745248745693630864401822726983342570509482136040490488943639976366237658969e-207
2.82240712254771226737077472395992098485420118233777541068655533238848907108290586925391512137553172745561829313789800138e-207