0.496089847557910831114050315256591867670359775055790544989689138592665480104572184186347668871669489270492299467983126672
0.00205028871718762750864704986164119932451655130856400762155640274105790031224199746444090485842084994421058565186339483958
1.51988009264824757586572278141704581207290800924996429294482983326768125558557975379386783753770211075360056080326211587e-5
1.78320551618845471900047847275958897596594177960341175219117726383282331479486443466074478763089667622142040640219345991e-7
2.79893582191586945515035316112629081188847331097773333747000512381577709925892663830917539086933601074414597283606249878e-9
5.41176309471938594762170514509799175216432032671239369217635227693178826439127471376798831463862489354424371229764441185e-11
1.22849260503832293051299655844066835362742735082025245561633825195437999942066374660180572733508213407046452202776562317e-12
3.17380043363063944990635702552424103889622599807564003421946817088710199241191048083125249749393610445757187096210555128e-14
9.13181264899945524385783467849335037250720198613627830118995800246149813427342947532403640021219689138074474724897524009e-16
2.88017046774846367378267805131884751462413302688399065246019391114650941443906988861503352932682089432079879673217368253e-17
9.83833652882331571619954529387167093966106452553204815961680360264631295547404316650277723803710907311965557438922384276e-19
3.60542446079879411110927571301239712938337801713016340303399994837591165557435957501056318658031811375185315490842702730e-20
1.40675858598184536633764036124522522593741371530145243272053079288110424383017889656743523369702193030058455390031123148e-21
5.80771050825996172712166383508417188177472675869236514973651569443126900188890088102619685922642735173753158946980438158e-23
2.52382013223184939003848681680209670565427710219259056413212385947803296469360799988386826283062344732632835922385887907e-24
1.14941266012764415635519722741192181745705169203584919106728614222268079423225645975729961534129455079103469092517337297e-25
5.46550466800336072146495359556507075022735574754932623080056152327933919074211001868363003438265120825801432423838758309e-27
2.70467892271588132889820404658193422526689583268966516316422971764444061563040417119207632398537344264114832098158486918e-28
1.38901615922318032263939651246204951886942991744112567269153948525921995407955110023341644864855061367510270883804590059e-29
7.38463027675519968363102993257405158980651066924582117669465710800888332259802119957592995752567623120439088996460071845e-31
4.05534460644434817330436007712482051874679990373188750752429666258749165714766417520944309698242559940930316505228960264e-32
2.29591739267332855027682196712921666114697746121873772991511497388512235613046747653694426668010467802557527809404450628e-33
1.33768748732241827183480176285566158870709255729867905897613060781566932624619994255192553853955709991397208821006184903e-34
8.00827761837636498842951816982220011878835605957793850609383899524510758571540053396614400938051476003037637317922923322e-36
4.91916056735143074462119095372646439165499878486909551643372436422366327047204636086716174325423186165334042536261012344e-37
3.09633729024560652244708325251919388726860104570354465470605814989095878585738680593395905615184585255486057991130302845e-38
1.99479494161073324478844637698431168911854747368783650511166263061624878769091535308516154976236807375729662779512980356e-39
1.31392828082942753321166848166624735629121612387150034935589995034962205575508539936954045559686653525843449957247534801e-40
8.83969668383648793253061966839026084658765582424142610391388026562962189639559541498531837283095949229076489592518610935e-42
6.06873433653481070270540035783491496871322870253127489801914007302331839319976482123566434083129008797923862065125860181e-43
4.24802290654678452636575747051677515519986981543416024534702896324331139368441835598221157507503824485612928241927675049e-44
3.02944707792285881840156122153571852127819449180480358385639578145712271148184413161008394474370161229411899870974653752e-45
2.19943780295150050048328298914427550699049102601421312073531303134280223118792892554458635115950840971506065579284464964e-46
1.62456669354246549288019195256855102712092244536840835624158298243590967158759904064621154020307185044021619807591597355e-47
1.22001830363308009955018713831609203732892748988872736505641330997694416201838189600109275245218920539025543919330957336e-48
9.30982002827285197264486225973184692835430318081278920869432271454957362002157048359758180515732825436005279865477300826e-50
7.21475744562594846752451238262100921928264583449733834882696382200154252669883066066227323279402049950684366833685377738e-51
5.67520829919615416537984744941315150489194090860311913669166036584284080402417782650551800970532651166014477123941228594e-52
4.52907044894707995358529013947750234111088324196499980042557632041396703433292085229181861657756677696621054770651097786e-53
3.66524874898876042072824866238609721225281670285722540760086004625565277386013947697725239497064672459673593346655239555e-54
3.00660358480153732346974332279791835100683105378398713265023890940346015868002406213987825448888341664745468741117568541e-55
2.49889997353009740509048208895545367374911774589893928248866238171739332225982731660073377954216598078361625259295819357e-56
2.10354984560764601241602582407872250236191824043342608910397653800778748079080654399232260852896101308773523390257131014e-57
1.79278452934087103882987513652572019463858095388265520565206201203491792100350306796398205449273766683019568952317246290e-58
1.54640436843452455386346233778074972925196794434291420915254629047935220336874585448941728502116372924552535538342853723e-59
1.34956456650244716393290267887570604534750878171581290320707110431536333842765527475164364138657662876427903317560717538e-60
1.19124998619242922026562655602776139113530727987913715887206960469615156572062301878796398464687677102240038960230924898e-61
1.06321326537834753224883348887255202483143219946107388128336315834687535247803766472859274923645069776934767461522747372e-62
9.59227952255291138581105027047122205145423322527954962604572427437809137154507475609498750236785669408563506377292062900e-64
8.74558112901665937843631668903725437912226999775330584564950044081974354383462504465162401521009300861781502646949902126e-65
8.05578231180865866372320109441779993165886319591388149764289420452732545691962638267962166380098355991437809216114811812e-66
7.49498506340199190212548456558701560173896215350947661681399303027136993550217384293906078107287309515235589454479133029e-67
7.04164799396814402641236258468861267419166152318087510715080157425855998202176339179087050232567431650109066995493119762e-68
6.67911976464252087972885857998007838173213052416665143030723042268801528734175885839310666617469239854298077055480685753e-69
6.39455837110461536427968323423221405015396722344220628181475982626943894706150901866791083366930549685832505695344102024e-70
6.17813226097129129885124276575605839022324446806285122810681733288320969752053454505482263050797905089323058415350344934e-71
6.02242977471564649020798399957414874191987807767116155881366658680496244866363430649301771064056734911686728169913008627e-72
5.92202472306456221242356701307917567419844870909333433547306319419622190633982675868374099691287625600597551144270644241e-73
5.87316099030906222565912542770743602703452789068872590423149702061091421479600260302577725635302707882626545489222001116e-74
5.87352985642080222822412829168448241546235025260229252544424741643806975610688582051229166737735845199944620892359192612e-75
5.92212160303088856144301245474703914044661915238489713486194116860079770947863262077450938944932334143879855159042427288e-76
6.01913883327761569913018672130075325787183604254863924700547987786109783777873032527431039322090020419281563521780671729e-77
6.16596344032349720875695362630738962969697262669482716295717537902669253911291658708629017648696800310712957987145320850e-78
6.36517276743566632564950033717327023757978981075839986666095364641095703090213065879788792688125210619933627607586352251e-79
6.62060355688122773038051631273360161504252051108357952016229027726610309736421087337318785552602517105463376328601600559e-80
6.93746505160624069590713409309283503180463204409741674350114389827384450806632539365090150152661828908360208090112582609e-81
7.32250531319725810999586762136564351365128318687246687025589792525849008097251178297629249106367900232331084589793118933e-82
7.78423765034675263915192993476115613234996002270058632758079809852326762994385489577556199853875995478564827439824986093e-83
8.33323720946537054089645425826892408399673189963619893510790026819573346651451162811708949910624352833633111518834186553e-84
8.98252147310443219540178564300064437089852538658236864748035035862478262199933225558262057543427584706565455694525163302e-85
9.74803288404500712991226960980282397017529245486570744971416778408404577577822339960580606575049543421459914234659607704e-86
1.06492473555868206227304370292912841228866085553034317048026891657493336330602029848236655156479637801728658437629012679e-86
1.17099394074329483278086943170694974013883633722879736823041632331165446696207818773679303712222822285727620337189462737e-87
1.29591435489985109921759702565627901168752656941573420361074725524947182791469011607044397165633556485434095601461263894e-88
1.44323629234870318689880652609170929069041411366339836188924996010450443023963914056388628283214484519573349678345738752e-89
1.61730909181601582934705297302587897268984024914163174207639501139620190410581183477237129139057114104551961415237883996e-90
1.82347304798394154869278118699119250755382408466029690226313927003373734221233406126502849788595123483986730918698153276e-91
2.06830206251994049947359112177149117458693103129999009915966483595167058528559399883494426135141002373696971018679687259e-92
2.35991119267782941495931173004818460048449731831254807041421046920084915477099972138382671954557331468347986906631823595e-93
2.70834750143444043118809953318136583755026068195755804724215025748932025659885839569404726694154646039310889213379416940e-94
3.12608815948069379388272536101384893046638358242707031203478957098177034972144522372961739974556899667347767714492137077e-95
3.62867704935987316315553360056431290437244043356038992423275876010064571528233303671499917854166361201861692039882750251e-96
4.23554075665328453511089029857673062207191123685630829388090563379660128430713523460409334127599364953678932720785566610e-97
4.97103758375823734553014085125713756793560453105805156279109854722026429997619706930899228275417051309266770879991460160e-98
5.86581014208961304044264724591968120777610438214400728519756248788736852707455995509374586371344340073154998509995483081e-99
6.95853459271184022871419764456253704894091263729817081360509683615243961567179126701487187205265310879015153477129637366e-100
8.29818964364345604392586540696364921225559799895429737337145783134633953086424889256814718661021277716623161541915410428e-101
9.94700859681249922988410683662731027467926020628973116294431204611673309035682310977406593347872014359594356685930695857e-102
1.19843316408996864946664408570291446107655662907617584866688550808755889382464433424408296086541047395173663301562313576e-102
1.45116480858415832611677264663591622591453123127452638370662930445427162234564378221165552438374264480067762537842569927e-103
1.76592160082047623979287884696683450509203917437314199467136058733389939098577255841444678857354254976427577181950048399e-104
2.15947789887228840486961536656935887023273894394746684513205462162452941656947531976367586809315958924086817042361436263e-105
2.65350788839446980288661241212337699947919567974302285711530171884220819212818956985413754208164600390618941963442059052e-106
3.27611072771630391117840653097161071274207998245440065293854952042982713625988161672491413020367136366666259908027037029e-107
4.06383704530862099459732259443200355121621052004614307487598502701037560476548152674298891238782130233638809938415319535e-108
5.06438967824629023559978164890136404132707584910246927471401121849428118097517879285789702448834607820025595044623702458e-109
6.34023376327602053949431226559955698093584524030686109717962805440465500502309370713281447612248122251061597898071577130e-110
7.97343679130861430251984918733012734097847102075721278696220294439725214753382851706535943482625142570757939320952138951e-111
1.00721770313180569239253559097253869784076336151785380697653036395414966273619631230690522011845075005869887513821446035e-111
1.27795214510625509021912815371283608983588028700821207783011281626389583216816214530897147061793507516547739642402056517e-112
1.62852996401067275306263700095376889193976002242837077754756489728425655248910811580902148501904164431849694619189954879e-113
2.08422132271165213810683918297929940061324983955902858639287901182667670109898351638289703599308375447564461724348640808e-114
2.67877560800996029096805389227722242138972767060114594654056988382514339681674665628964646359781042294173763734523560146e-115
3.45741289707681377840592349179887389927056630532690592708158963744957798302091655636822327658358107628283326045067687806e-116
4.48091839581704455404716831575879221482477169761845870760501251209403008103998343970913509673788618867858425433665329656e-117
5.83126288251696908456819474075406257963729513348389747658365083131922861151662617295109056652515656718287197843357528269e-118
7.61934034239731704303091022997992768149509231212196075135157295204969485326134142379883258880547723231382428976656359258e-119
9.99565119139491530940426011902992817956289059478053445254046042585170522159656820027635991948581001731161800052691286762e-120
1.31650949922037444922547321513146295507766854992960633910247656630341607424394875226997859446459575634199781531019621567e-120
1.74075123181862378981868666718326144693138437806930397229981497532014700291016594924453184297426921212012326480897093991e-121
2.31062917868998398205478775912722307448947955217252144909587951571238854580933389215319856712160804603064801639035213115e-122
3.07883223291438489831385248507932949469641411621772818849057760832829258765566364525037889812278220887780452242876667231e-123
4.11799483573669696886802899927125651791130200794886493913825188508881218476161479785909176711285092616210401119583850500e-124
5.52855590763797464393383072904024486456684700869037377115486858060573523383534443569494949145916261090862544998110176631e-125
7.44982777613237426872583326819038737837923686352487396247034528291887558143732682432017162605357034242319328699040657342e-126
1.00756298346635678611436503676530273765538144817454838238345526621602146513941110419306763283420652384451141034157567419e-126
1.36764308478431459193886179671782250116324225157387905178098039623726618246683006237067341789470844390501026579205144491e-127
1.86307964573693264828779888846495779458578767315155998506929545259973652754761645396064305503177230063794058108586466325e-128
2.54701754360095861482388123556109844225610537544240096376097754475894757755996777629515718403021931703732732352960574049e-129
3.49428573161442476095425378546596351848803311990937689491276632810134177398847887781656018839962959148742036506215004611e-130
4.81055570887280309698706188732878338915050337319514126758053259327132216429547170361849015949622892014527062106490439304e-131
6.64549165727941298058725389735393254328625392774520834372114316628123927745794309522443853490636897198307825343935282874e-132
9.21168295177094489414871298697763380105535939837978173001541378581681659917694236025371863352659732620752337851075939051e-133
1.28119748409514317953280083050789268698260589532259620891725130808055181701618296532966931169578687700259670188388121031e-133
1.78790279421910165652943980062162724635720898135118803092406460281764418798518448170726663502322625207397111468799593020e-134
2.50327302547646465367542154088286908176418604609238934055239512851737903201037333089683485127114217492063260164239326040e-135
3.51637382678875382604657566654345286053167979661184756791119093636331346219905160043176464873340694667057908015377690878e-136
4.95553581737895188798569648275471070376298594872348521211199089941640609968427482224257095330328535188482451633234771356e-137
7.00618272676599408537915036686431248770373911398265183590997824273197147439050084048229008569088378878386560638092902656e-138
9.93697717916008339468162942738146400852531330569025819782522601889069840540894981758654103427070205337879357889028017015e-139
1.41382636981769050704082211135922048278578206607997899399702700032947177695265609846881051173021883475588932175432780641e-139
2.01787378466011227136142019687873011397813939048828109320671966138919466191978358156320106947309423667699288868969936165e-140
2.88891959148356995498307899128526914739451467447604634768931261083408706627345802324960442052632174337118592585277303337e-141
4.14866203278447668822247521142716302387490371831326168795079335259809373699369411024418332882902120742047254146000983971e-142
5.97584913008519335931823834725951845118127100202326113163047626854292105303303850782043506423756148035461889241792052887e-143
8.63372430971008791013145394521524531890553596924393664225408723883208652921903478363453050596710249344560573143681533723e-144
1.25109972927301206109996078933672306142014918870951423017213527221649376959851987168647265537595824926495788607760312146e-144
1.81831571949057950421478715611924752413756466186338579503081582366351114435903636034439517887474070515155613318587647722e-145
2.65044540249008190147550947343470773827479599881888151332432891100358308395425818999173239830912933894360121829179012291e-146
3.87462268901141738863804305132651172175402819431539743789787249624000229604758471993617001872379762645484618172652681736e-147
5.68054384523615958972336331836002627885941974810026807230464955120790160399877463320470705403700048456627850537278661070e-148
8.35198090956775830305580938371136354921185053833207631765054051287185427336829297699521215627397168687436956421094086063e-149
1.23145189604451934430885940121773930125009387648367953309467335013070210880968230313385888426671658766752115916530512926e-149
1.82080427365823235273969362154299427881130270196507359086731124512735889559879370339666948127944631227607740817321876626e-150
2.69970657756719444934159440296691949766600049075991053002641578762055199745232422850796924439399625597182532865145236065e-151
4.01390553973967301607203017768764945269118753914217264191989806898777978439509011863665669714460161695652008652014910146e-152
5.98418435397627762396611481677206352117671805119828278575379591150744044713795608943289277149869783654090098516299596088e-153
8.94581920871416784971041048329750630133645304010890305942718114055230751235157746869436568262771756407143184982741437707e-154
1.34091996938900302900361749310866110065686779604572843578612939171006058059579625490358568982105570079839044123680235551e-154
2.01531801563662255030912736182284584330722750321491581199074705512647695033061623946338231148257678997845117797375735479e-155
3.03691645499275984873554328574743712459160342413374547101624706702333719788993400055058479121437766087826923794389454565e-156