0.491442580272138634177271846133908951018739597902328539198204690953246388757068653861428333458701783688519607924236205091
0.00838782546501671727297439262008393229905476411360669402057196862585184561251006667813061841697041291583595598396511323602
0.000165675746737164594954862774278213459370514495802876798037511419676895254927589828517594565002952891744555135141697980216
3.81542290467114515837367369016200322994103707298314080639256608470998542611034332003008475193601897044211451047260089407e-6
1.00067879582454605580626205326020621939809594435995642460583026135188229393352738180626832550688334789554457455351053172e-7
2.92787450612429242476097473931163677577386421228450065004042134589569112409422151242126230800273887632056893820558464842e-9
9.40459060740379894803638606049319800204185688063050387748928146184101422582781750891319207912024217338027392350935119475e-11
3.27526191095955046974988314427937668145420034960726180593609120956080569423278147351474937363468472219518644910346396101e-12
1.22463554483642930013910740107108679619423668188163771469332186489056371658536962264474417127111595980364409217967190819e-13
4.87752042389621139850005708901913125961450904588419262155719864885515267043529018307655811086611388766884045326039314905e-15
2.05601261184437128901416884939384911793941688253741906299922351221811927606861642045055036624927742692346556191878224910e-16
9.12358583620738775265519421028316749171253209453074602899989620943307244055983929689885841067035233588923935320326157052e-18
4.24292332259056516407934049759599904425209451056676544780179339702632628818881451633965397848982391822373297865335313144e-19
2.05997106094070089316465094695153847394517249003359349472789501770305855176368735826451935366894965887010887697446677033e-20
1.04069038273785593671075032171863075090219298302324642116878111620950191973093868645931829111877389278284483522332877836e-21
5.45509687626499185554886336536345783004648706662472838151679726809265387589167632379527099669484837502434417461034221799e-23
2.95947123257796935391908142643238897752970949090226983277441273282651996219139714731601238432021014331610414918306548649e-24
1.65803897735717208595936178089125284855749537192244821612247551730706083712213525583229448722172134051517415169206999468e-25
9.57392142724402727269715908451301167759483866208976386357427296205515133764620900238557523420551413737294348809040409969e-27
5.68768903105896874357542289037006190800746607912554675409326522855685619395401865422622947678468786794849380550293035187e-28
3.47093508205429500916978653550232109530187997306975075875027235732373983534835396327112107350638467274072337367147731687e-29
2.17271196720882371564459743201162264726280672996001351237451970519603257123456525243230779438950777173750161854656416490e-30
1.39328761890470159724830111495482146787457269979025656037671391592666011187852436434551734748166211924985748597303216415e-31
9.14219378203191820684814963546560039126943030823321331414466025932278160663927374564323776506555096286107732213315776181e-33
6.13144799036476198560203265386819832183368513918552772057970207514448706785491120751986870118018824736857459973601320047e-34
4.19903260110201342374401251758908856771544602847540983523670304559728867581237811655045389847483831995554181902342073379e-35
2.93368698662756484456550900657775485077264560482890415399507082806894384726326335543957668922148939486201771002850596910e-36
2.08925643534296578349892486342215855406770479957060653994125405644228975838646563271673012014533555192093778992719410405e-37
1.51546311374081452882262538606929294384354076425908297975229371695081879674466059677927561603327926448741044275399078370e-38
1.11882226429891369408213650768523099492713547419465930763879857963909841086246570178684104506256287712062043204937460533e-39
8.40131383913083340609632445981668117542238547344352691311120342805557004145344061636584753385889715248005162390763712161e-41
6.41256289596856889326119865265554527270841639607678995542593365686104647948732246585584962646097237750770753875589602895e-42
4.97233216962174532378637718753765495051081391770886641164293254544971796964312102137898309101500396278088056728705757299e-43
3.91466496955368519531949101721756011435186731135636220587492880713632582227968289252909507411328635346469533275278848160e-44
3.12760320660932035088046353760088981353751386655126743374185164124593181786867245768377580792081783568306122631247993625e-45
2.53455267720471631183021647911696471693729419942048261160926858298349207106542971610901028782927172363707396121792430476e-46
2.08240854791422930430906760133497044033022529212790206835990129632300630799168515827743471167467883313901341004330337468e-47
1.73388019500186460979385559572275161561061550568754764088474921151993042264592796331661398049863691462041231658550396775e-48
1.46246240945702646051953650424605776897414081462878322974087195740747666412335053217175926543999284364192438574606815491e-49
1.24909739646755641406744732301397876825450144176827387127618662847180406723701151146795125017242531735366699999869686529e-50
1.07993136601255555455202976044325819267018548451883042114426580658261644903965822059507760620504672339614078900780332523e-51
9.44788745212310622122362941986064215996732794080684102590606931273988512881312177975186822719402944299163751815695661163e-53
8.36122602348024836407897894779249049639635975674682946974178657603897399125591794260257507189043754103235875860171933162e-54
7.48284783373497701063406502737705284668342654154903636694367979336184600621279213764826344139673143347073952877140757423e-55
6.77013111723240511221118290815705333829342710724465961886904279945579225123884537498443791411255749796898509259253808759e-56
6.19067563121724357429938530516727754265466089036615825202350377018647004111933713315096426359611135222169452705039674591e-57
5.71969764195602103361739544990437983042123881587738587398902986004093148624830496572561991334780567812478418265474157214e-58
5.33814891974399712760600563079478017168379072100237842944810346902161005801281927515568681866010378474995437467023587440e-59
5.03134823380383465160545501789029903265736563737968605648765534025601398009500023043080415597973085629412638282503833461e-60
4.78797935205871830029382901473865247525503940310442200995794998785247024044861400946447783649372162480317560096802251291e-61
4.59935392341979691770604687793198725081659716716316634496374683131780874672302111271671831229643404206463384624605284796e-62
4.45886798076178884719831872911940245013245569907923657983270727303626072894190408901777593276829999295177011427350496760e-63
4.36160179243722526560575291740010402216744232654777497799995741657674964018216210949593678086732733390735280444284489415e-64
4.30402746166967495771666800490934181370177161290899453490551454374226246782367006807211571691437288288840921392655783934e-65
4.28379905514867822935868664548784255407872121010133148979474598199509828435640011288805783930548195815419138911671333386e-66
4.29960749747391864977995947838385146662825711686023557477443382302117684703652664721077336166561541178898575638365362009e-67
4.35108792336387698164662679962984573389099333385484906308946530207431004462348978627406119809820322400778145388341094283e-68
4.43877127386117126633559245487738475883674720972242254831114093142063360677057927004752675298489316383825612008474805940e-69
4.56407510527852225004543125654401210741210775963334501314625667200983071040376369846184072027901706262737634951675151044e-70
4.72933117438142908011017192198334446215119103162111318890184081586977537774887983784409417716433820759866408310645774478e-71
4.93784961319139520932366030731497262150818795367181241297029408763428569439636802209250546281169282647347735998987949673e-72
5.19402160416232938303090210636098186770630442782979580133680196989762474290028974446000953009574644217538180641558058643e-73
5.50346457533573554345096188235054403619537032408872266258444931478462064636964976209274266965351257792507599664142715916e-74
5.87321620823328872325920676292029061483927284463462065678920154036330448882102524464098884933995950316976315650439348332e-75
6.31198614478420136636319600926822267633511848014775174063346797994526326599514405552740584262813828798861381218040742612e-76
6.83047736640747054866906057150807899171288703510556459215209265733868344437886712099768925962386066424322058287521960111e-77
7.44179300230530023909822288095817996597494496643269132998435930994325395357272752326793900715220599920380839612687203998e-78
8.16194905594492466415730047504145988290637734893705105824779576439884029507542467246966608980425760376277632845707237187e-79
9.01051953613600518909569287976767441499499006136122424878731384797006437578197630357377410483208614793925303464542313255e-80
1.00114481511183362275991216002088733783829704593175662316553064781412838776692810397947956189954666509230729021080919810e-80
1.11940706036760998073401678917796535651677124828802928747050400204231077504993197397170452810104580651380560746885918183e-81
1.25944043122835992852387037964176251601827747265703610571862514621159118649340798375819569665555945124174138420105259354e-82
1.42567790013766318979338253438435479875485021746247653912776661068342993024403040813465606042315545202447083508854646411e-83
1.62359032773794456309728982970424131485384353886939022399860570902851512067318185128995847842216840445540892570167377961e-84
1.85994906645183825564636978033331427522630690498460293957574117206964999610570548710153597949739073918831614091525122931e-85
2.14316057881785075320535451589951904665543762443294785477356824222932156987329655690659216772324004294549679126937956085e-86
2.48369403700661350028626688562738984900616684485742657316347011395376584755732798261037942714689678816631413733704392550e-87
2.89462933376923285790125482649438737820840385161727597216649553213564953419205433770007826374097803170126968839461113438e-88
3.39236148948625925776495960244315542555613355433104949665804292726374293871302620736057108792400428568110176375485431568e-89
3.99750879217478783087216264734785084603706730228707970541179245369499536161967764882840576007815963879617758313375402658e-90
4.73608711336269340089583144108763000004051991139583481423741193441783711453197845784220449701434177493401570663048847364e-91
5.64103299857348376096474237926733823671008751041497779457886307422500730926788432751442459105447620155087121471591672618e-92
6.75418509780552560657520439556596004296140713316488711969226365094157750209498620912851392709093755501508156936216099119e-93
8.12886967798308539924101332156700714646180668339301592029505479892455051757596345467454203200054041218924233440733081986e-94
9.83328462272723260533313858973979056553963740363341552702184648087368378971532476055441930396409472823420295459385791765e-95
1.19549419619021742454918197596098297924484899619092242084634102118101495324629055610452552976397672805154796708980839502e-95
1.46065177438509104284998306108579001173182245590867449909432982914119629967064675696133452657921378223021762018070126980e-96
1.79335784443123332496839861807286329585165076299900689302510106955487195458544915988954777263034428865698828951218021796e-97
2.21248167942821336920796573485320490620296062369036710668038723823322703224256841658245204402228387963966800206315201087e-98
2.74256530838607799029178677095383284119756420933136405251634122055706670997854421970608247303093220082034858846904067118e-99
3.41563630971531496163499518372500587980408265629170471274739458510427257647044963038902043208781542585914279109473219878e-100
4.27363120474031375944266394605901053943539912790931580421050485878653073520729543164609815887963881009996898096224934749e-101
5.37164486873482898015732262598588311227222538483823268822033921207447220759334555602248872854293238358312059333123410686e-102
6.78230059148036632529356993394555833828649329006958704388566953446074413916040524467599314667194181365531213027654015221e-103
8.60164487725347100152281045912409521989085184427435377415966730973395554878853539519148294436740387945898123542376362053e-104
1.09571227254166281924466950896246432316311741367352451853428850681494349596504694352277492232742479550645600370862967433e-104
1.40183998009407713743941401785247977023910377252397831414592678890042806463755249484469759839079387614525422446908150012e-105
1.80120913331212669119877812553875111801910117811235758531911508623685211847604795127772804188820048826644262991865664519e-106
2.32418673650552030737928641206457401386335886501819577035902265681573671310395423713764025292241750977363565370449803812e-107
3.01159777665228710482328700111268716976305210221730951737744057947343593363684504276840707472684323997927515738986298512e-108
3.91850459736787340073515355419293420731870657193249525103149522603197785102790632878206050118534786005572159148751283761e-109
5.11941143109239978476840267233160853914593820633225743255217998246938224866138370866704858420930708651433201490633946057e-110
6.71545239932551877328668378853118353284242402220440809822021867755069095788590859699881850629202858990248175421048582615e-111
8.84434771975917999193688773492516409740443610007135098109756679708679174164506966283144239703594358470229172413199742104e-112
1.16942340820968498292316195007279351944252514002955613694090342683370957191592890701956340927211135817957922064339677420e-112
1.55229320379196351607214682685731938816982551935732781121632366288746207328464631019007141499588606464663902876409361666e-113
2.06848647661376603544130439925082052515546769327418407782028267189875836508942441799245057271549247225666451885867798692e-114
2.76687740299189169475443576337823612674382944780560431015940032233906792801320757781956631253869265120449870096194155228e-115
3.71507142311950349410050599978556096908997069441816007520299434707112528239254207551129645350038002721067584919072937640e-116
5.00687239969537569664302498738905865275248730567082202754695914602873392322123417102175637341990942323677586148983069612e-117
6.77283386805420378980081310833340310174443398699922145479721089435972090537389042611189778144246699356707199178892699794e-118
9.19520991737405318422105018722650168659980661458440850548863519641568444923972088361393354162197666870628471393389353590e-119
1.25291992712427772052883466855509216262331421858664242761266199214084551559437506858384095933863228439394615504503680769e-119
1.71332152057296537518868564855009044340651315359101254927187464552422270564966364807428273898660221411110416119118448864e-120
2.35121349933957008250240135776568130572468267358787546847170170687568478912310270489940482415883070539607894556533933479e-121
3.23792639193606465896105231393987080340919625875624198729282917323449373005802891512776634033392994929300794443486824972e-122
4.47453541466762531634347980305741428161901880478896254019747699795208393417278234875726771774010900846308350223641792586e-123
6.20468382765051038228231145687851749974789085542256507173803606838022728413950030350071952604258032732545507759825304402e-124
8.63310511650662010035860277727679292265975094856245729700878251434700849692207317999237773122662813102521454941246673129e-125
1.20524484408650647907953676833096597323191090975615691136956170902793941958294412619707061704526854974507941883247185796e-125
1.68822333327897152098559398783052396346711339430666112321402271600751882609643414923762458042554892247683160790776028541e-126
2.37255681366252524769228206931989422232220621073480183011913501603710661866385894124817019796459346539097870821249944154e-127
3.34519506763198285015367495803454838836686598501991740618646731998094653177899741420193670306091877682048760446292237287e-128
4.73184625216873459459490149196666260141541141450732485441796042388050660259946911746079881784681567377303190448254991584e-129
6.71476225326207056521892811812460045944574071763891940240292476661997050981639360791249291311215159906588907227255008508e-130
9.55890657691162835322943540317586744153483014516272714412694803476751887328708304269606915084858528937128535388568627298e-131
1.36505549621512462105625621883308463001229659699057023783254205764906540300503602625640461672555790779922318302541974381e-131
1.95543817605698590909937995550166828312820595900218895026386256389240259844254603766859660451164494209223725986609256155e-132
2.80981002300098235413624104170947719243385306576594830882130167302674396827831659416524277518842041266132892605431886238e-133
4.04982744396128422262231019473305055322302180674838426807417581999762606468702659973481312908955988932607070362230303236e-134
5.85478013640129084974438763884114989510693555645678591212486253742069275299583954051854522325651533259145802783594959500e-135
8.48959926994736972669280970940875407305734926441053984216698777528413293857569862103742039406054164488425363095571003428e-136
1.23468034995611991051188542634580435833851402068892245120737644493871781431449706942616659673519952490564946175888624982e-136
1.80094743368922010700330108628197647361675430522916225525435726553231823313888223710037349800073661963925065665892673047e-137
2.63460365849264846491802214002666230452422699483206711976554586345015363183645717621771442038177664835934936967457779060e-138
3.86532557660097452676599851589962695106055645159774195282521043659695891238777902801902350348415041394300797184878060817e-139
5.68725064952422052827994652172298671716704976229461679798843597730089759836357441479113393171175987406036740306366215809e-140
8.39176463238118239600836870467186315483644011999698717534882370671538582441806566546630954772851040671559079405171939249e-141
1.24173284018763915159461388273608415453768188788166160131652824840163485565386459327981626197982084423017290266055305779e-141
1.84253804757371969854208471939550084551185661626973944981149467954836941818473997925982119069964455180580130338775403867e-142
2.74162359429740506357312015104143909914319615322524019755845704477978961090305714715332000406485387985216502096204065368e-143
4.09064755034893358940410621704158244701568957615960226198735814077203562555103771494034496148730349699069224968573168905e-144
6.12010853079029336429163508937520949686805717653405236505101998177241268915072098412696107622495242230714425176736783164e-145
9.18119318028919459569449344494367187120837863780407808563616572846428917181578001321957587992621377424229288615879139192e-146
1.38102750895979411296179462880633627783349192055833711882876467872302715230103104655778440101908170266503738678779228324e-146
2.08285551546461818559195786189857339762217990100083346260250116273583148092011065165389940260274274572687619755479530276e-147
3.14963424059145446561613642382033721163032970960713047247295078997350520636174085504106354814064883248751192447792213022e-148
4.77524828760896524792259138250534949661998899808902185598495135197094747259674700990181171627366853138218147576934485192e-149
7.25867710396557991206187974754716086899278141612080410607455151523330045496437438844483144044066912358113583660328565053e-150
1.10620507790307310254163998835541441012715919939457674374128510594306144800392578929820224082655538807148882531185163386e-150
1.69013565486634077214233105421551340367350969749701948762681798859229468970974631136677960889984370923293979081780717033e-151