-1.36415010288055093156445112007184891364201814369800917729585361277673346605499570342218486738672791855437474656528907227e-8
-2.95514365243755868801569684669125122670238671845294289038036455783139137972301362438222791191673432706734357337225224492e-7
-2.93464889411915428293881235035305701242858599298570018435390763960185945873210742124981358301897860097635260826980378151e-6
-1.51071303013312134769435398113433677674086646836694490422756134753208795765608800320458146993557811461680059770481753527e-5
-1.42892808598996794191280349788174160485435329697730690301786012723392327417779934524408437191121275709195123026958933289e-5
0.000409928878013135737845028556900434994769344871644759772873314363464990714468672741763445100642727598194876917333408485454
0.00371527448174107866113963530618876006656105954679565606665042399915848938842261712172378789398722834935670963278366224926
0.0183345197517098096965503814484639058056170535780211272993490927728714624701364692632434753008983741422985818493934641311
0.0569071257741022531089114046632983685322344658067936136953817185849574096459990683996888088063192583961990607558319988522
0.0771470028562507285261360069676426906334331285896268846540320329630815218245573489381916714171421249248781726091634414088
-0.310178113385882950356646389390603511583563748343211008062513600165558042321309116350965514003011588329747607808122517026
-2.76227671579891044251129864388405998044798460940240022957905905352693973950291750278562377068870783316906645817615440841
-12.3014121561921444862406715037604282715172256394866551182793194577378412478499865854415879550971009608225699590058574175
-40.6122001912792656329181162036965917519505407959191616972967385510705037102400616335762097912750019809420982943191906219
-108.150821689181479099248727563558036559386006989323997038833060702788737325043999517973691754169731845743725407478939410
-236.840529037265891950879434794565376017854484921340583904863236031271570082899840619166531159005572126438628018459843970
-415.139330455547213818404093808605042764829772669684922876450193780587762593027669605895630508651648192075022269456996051
-505.055506759472441759884024632185012340069917359965006794411309087787001550195226073227333134922771259501461099992209010
-52.4022312752627057076965045962718055652766767049868000909304266100312296022092194392194836043579121108406204612253720149
2032.82570977947563646152824735655622200603198670270039926236835744391276396969416101149747457684324457831459649686537688
7929.58435300964996494908052297624331372125077894449504425255282119317510151946286436150266133111950483353630709147061878
21439.2069178801508067052279599848927707527763317080026472804959590574716161451095964606195997285785051425793320508187130
48471.3602990541174057615717846305351271470785988456660261193137325833538290539030783846804859899591865369923748830816698
97287.3737884607705124709233624408544126402912380841905283533803847280782093264593101264717425636021721063206508932064564
178279.737054311807451760370368680742163418392561484580129933867633151382031283383836672210099959637824816020009507087872
303111.937779770711633482170818737015074928527352006445852585701958962943623802357818818658108124890782780924925715141607
483169.530018067830564539523912922117719080115015615412281615516572268388524277282111024911813212648587486283394132014413
727460.493368732367354182075995362648137992071291753805500057076934259428251316019711539050274941755671945342951602417084
1040300.15215513385577473264229140212603350624271405823764874200005100128464598730483024278248345466547671155724190467930
1419258.12381317432492759369197214777169086645453239233900262422939601874248573333415080706497852363762200566616909815448
1853875.65791582866015783966287361152236910681729549083057268413114180758258573415184404550238620279198077886923385735241
2325556.11346226114551192157133162530955139931237298243209294199460472921033305768614568108195153423195861043261959051519
2808806.80455290476503849126712083113289939919334728965378541439246137705597479216089561471878135208921114314511682688867
3273723.35398918253867830526991114452311201767981899919293584520876820803424375751392282753379801157929392135191686033196
3689334.86138275865384741482649256389757052390253503645616226902824445156925592180747127846637181726502479927298175037709
4027241.90618492257877570198376423911511548133452532414231885133429779792395258251104992677339107622054593083839094895700
4264925.12070334745634842233573722654706181783878082714768566447529969380325186855753737023276121870537371386847241517606
4388186.52600695566839465663012900083788955161641028924773853952047275553839109577412342011689780210237555693248513173269
4392378.57266082186831081703381324760777500997282400949603637127205310582704632049043316664347509049064349675086948000019
4282321.93983866194115771631138955733478966017597338527450893459980526811394395938415926376053756156923502615487133906534
4071051.40824932751478995325132068554394563233168316402843089627418683042736561438897882360361943094455288527559207410073
3777709.13681963924588143795044650000219468647153279130486980591320117585075093299007883307179198166923065760814137519275
3424997.89889709772914694584989769882441322096039012484798868450259851462201386168772478655785493029629844663313760717625
3036609.55208386792696957991230803815037667351770025078755408723211340002949336730939221458719303235651544127152540743986
2634973.13249461499497890715930848263402723154154737559053384023937476542893874449811365715547820078007052074241342949049
2239551.48103748900660184937972510769157286822975724090237354912563707681055855058287466152080484462662804904194756640675
1865786.83975463583109639313679753010722297333181242409542653836612166543229937546286143392352696308338499635781434090969
1524680.93056592288715951886403154964168000982130253989498230715514070903839406753885591435162655644725691882944294781390
1222910.67088765171309447477841862798621844982302855962123498600566096586228624035435413786761529090525990771548264871384
963333.425252055342715097044688280609315639967437163051242535403371965363740791915090946341204546423677248999609451649856
745723.254455088467703976743263020493488253232942593572788320651337605298880182779605121478080194310092590092601212568089
567594.001862791643544595294815426754366524028493516094498783411347823303145783324976665924787193792708087097462865219579
424995.883637214464676294386599090939579414922083370092602452662109270178902199979067285516577541177825289985386264170471
313209.551275798554416099593036813334643160024203113957751039103250380550361678044676912403962405694513467444731615061655
227297.538705180635882330081130741768310254935235372894723184336881858475152175706934935988844250035834941205800882564221
162502.616846229254923369184000522725532256478052055116449028587220957253152050433514895236570046890709974901067869037119
114503.636384520741997517058722731173778313878057111945323443456957490184470368850064570760554082661482278157106172305558
79551.8846716267042114117333853933585085370603986595255298418507908630742637182396176497677521859883613948846740296826300
54516.1330155755626654266782594533719782775776067851112208327048397782085601106887837046608356815101461284765626355686925
36864.3610092287802684442770406393393068972086837563715334017935318067950208302610460362960738797276466693966168846221050
24606.6378071445792393477696937764916865343151864568083101865806389592490723233507769738544586519569530484654550163949676
16218.5504902491775475475066013466661360270158485276355756050019125336877828328625929141927079622191928918820575948381336
10559.1793691134535065310523577710577590514941815622004943088069213166686000618242825099268130345012099045305770069232097
6792.74133849768348232232358017719600574417219841356148804752512265307094834091915284956647874725476232532524553678537482
4319.06498630698460114534889192436245076588341675193690591870349259734977133254489397526000699138483938729119163745416682
2715.13848798155010350255246963803289499733709920805030168031730683824792709022156370342181855795871658067783844435565206
1688.00915546526831344828854650222240518012567817409751945161014052088170849607880635686814541653551359435337390754381572
1038.14150718782510165898321541244973037248900772075600291865374969730010363736447222492711245723119478787792326264609648
631.758777852837417677536052672559182817463623266008314385684509072497141711639431799831080048729987647578156213114388745
380.512458919144360635888856197093184408956490913979473646739208343968753859209308030822155956659037733639467154904098833
226.889980700610479851443007545041723957862181599780978553891697882639694615732310123863075318469973854369336462071418524
133.965461122520191445212517650973664900547816611255682169546672766282598430456355794220611210833661945773588890469506023
78.3429932686364960364268832052792826012977624783301172797993892529199355610864546268370027186505348742391784721803502082
45.3871174956687862574437446826453971486781574609338626542286784006458155961628248455785673280579115872209375963886650808
26.0544725525167231050643791546968509499668558475469440697291739078363322301715248963646272426195674072711429873389445652
14.8230737287786621328719390758247022959151535507169111519290649540072565994238455382374757467882086452635482994040206964
8.35962288169230180963165407111011693882839821914734457627811505758512238710481205961252930667261280459287537926785662388
4.67423866597131095156395309035438515858549920974015935852405558673468574952163766788029478616511160632709128384337064803
2.59174066714744954836873402345289451530750541140890503566174230653198009770351016511685463166061789352703807101350475463
1.42530168948961301138174006319660463603312507594126408385513969397340894361086224375655578576048235567209232834406718342
0.777557208800849678698709501103190183994040828740750397276219588795868450141788878860003213953864046852231398271910034293
0.420863794692431050613588124947964406344494038053593672380406388041231705494182115494239856252161430767808193213931740697
0.226050554768755186176742797110206172692757477801027076408528250135900614468169679550767648689122793934617321044135080676
0.120501756483502051960510211854768249454961995113575748382774203791942051835207258680829974982411657242740809230323346706
0.0637634649835480598667752979512428118912453801748522587020455917166426477163781045065688993913133474700784532905425066852
0.0334970179380524382969662935962566642463986072999690162726821427224749254363272990893240790445617230197930993990141066881
0.0174726658625877053516496580455367735027501260408885403162206658821414941086078751284585946159640119050311090528805435288
0.00905091022065882998073258395996800663037746478337853581771732478805093578801654762672669881096382496414982144841666291058
0.00465655705165441638233714204692913317798156859536902638204221075499552754916267433651278239855419537759986480010649144992
0.00237977028179831868245743408090031036562273058956785400622378517710094684325323423585644298423130090973339195519218771036
0.00120825561615850410152875753766536590676673501603958577803381396738283282032932869536406377322881870588668468746513570162
0.000609524230147309658867053057375527963711360059278324433993186188976991608258314949690309703880293759654025721451624204298
0.000305551690036604034234042441764444858869264166189575125288206912827493350986999555348802342114693471709986596305533853299
0.000152227014155341473210703477545228713676060537193382471266357437921344170139057284562825729681939406395997296600994679465
7.53810992725812872149395443253993194304346441162961787393860444206186530222779475015696776373824822169607594249446648779e-5
3.71061540488235217012506714270794950613610676249617917646985705029223367859002552007380851890269488340989663580386736448e-5
1.81589157557461719669774853974740395374704965547467427040949147717029689653519294254091155451441968488742087779476440950e-5
8.83569856994655008893113139121574852736863213174790484661166577041593984395427222779850589043558193634439763768109827847e-6
4.27507946861872715500545230907755008033280190213125176736652472054216217590407339660561569185172657616854162611956758054e-6
2.05704586903609800910996801432070648563814104500657102793972987377413362251857158707725726236955269847127247034719990839e-6
9.84426478950760962039890589670586337419673528241273696764135978630996899923308420736833385371094430743310783248606588817e-7
4.68601949051721037769575942091113788094961750464970239223642476908615186149865181158368943759636130026460444020348433049e-7
2.21894895412361353749844879710765045135207750129867775843807056598568043557314316907796568832673928172700679745575811902e-7
1.04532868211810586800160168575912680890279395275663661532679576360458550625011407295225308983855372991849742482415622321e-7
4.89958955300297453145230060767611657590461819140367795896656886526219474955179214862257318001402059672153989507509970632e-8
2.28510316846095420522145766549511700568144143004633694897879878189340010795519150712811588270006197719497674766127236704e-8
1.06054303210464051540053051554757504597111486474263141390552234252523549839303389310078361358846766526823236955941003032e-8
4.89850274568829495425147828977217299585968001423788965770953831516298736437573844126400738135430494449026803992793191603e-9
2.25188573483022065681560636860252487620846587572736089906039850088464620921117587542920596338014552414468369873814571326e-9
1.03041412781583006560802631576248839773087622591338182577602215714682770068427226744620677332865175208926783448872364738e-9
4.69346352393831779774330806174116329974314960061863637216948355908957377585432464235296411473572631559724514345111710158e-10
2.12825777017267948866883355245914115704950003073795381469138770428593350693235378076150896777930952596218215137862146236e-10
9.60807412152840855048032552409010890000196627412225399150048165744388510801304176802075868267643290609836830781366953448e-11
4.31878184728048018070363699798054143708418513089444760766716288534085453645842195265829481806117590585890856784395897415e-11
1.93299066518145311801788561112590923102059690384605930831076255720613189792439562230069760558405806393403623438122785823e-11
8.61532943165615451885028934955251575602895780155383688054223019247431830561803266945089765761303141181890153609227320615e-12
3.82399285849280624365586196020150560606264855561510278633341967605337013362793679220761546275934428997538488111620873525e-12
1.69041785839355555755864240794775635596035768364066946409736078118503782884623304808650911158537117999661247762712566044e-12
7.44270874027449411647405863215446989584785558866155849786359988828467916372837116842820711353156912483277101637100393142e-13
3.26403986905907709625598123961903248922438538513177157634833838896961580426186311631218474080633888414289915352383814415e-13
1.42591717827836689602406908081824129608944843290206147946509755373926702246575622424730957140617405635529534816104543917e-13