0.357712729046160820191093064687578181217625340134416435276348615774225920813992316574453739450624570817126122860643451506
0.228307290438262587265635213915560798612117995827564746245004293412820795891332219812155786977116698988177315253898726945
0.0811986460394893994350915976965441227132644158319738218523654532166223235076922516525212479045263569725409941004342825632
0.0213573757139063262028953911983208419658236442792607123492370162613971102331689514073350328096452708537241076503811240959
0.00464896911446395600097266742153227769970207679245112272498116491886092050387733556608710827923660063591809155452649278951
0.000888579277923603000147642407988580501841221570425361211213873126684054375874240638207192508578102032084713807033056658837
0.000154563546537719553774484983064047880941505713632752551673184776920280088434740061533916498260460808683611739136500823098
2.50491489000963200606390478508934710498929257835830468055180940184182780110037308348618907578974272096627798682504046938e-5
3.84451223466323541201042911451683638594260984438211806635830929589257561036591586497549734795971290323048572582802266020e-6
5.65431580052899363768076636844450489239558549703058916030437499663129159914704783324630925576979938636045017740123967491e-7
8.03965269642073789981528602502025606110466455874006898754784296782570084862848774933639503915347489115825109101403781822e-8
1.11260553761452572682854794022086797419929199541019439297589169216068850580256690216045422890960575499206660191482993853e-8
1.50652700730246409361386116334075101207264762802375742375616875908242080083733881696305694980138290954476622837636606308e-9
2.00427385771026106475724630200324240978617203716825732295897190100445540091952581541056357862911375084577003847442090972e-10
2.62869078697372419703288552715838022703438155717485027427353576696838104027594932844996400479695162072090370190158928865e-11
3.40808624275996958494109132480681920000337252639511889455934057071916712223950077496576783281579131644057685681663644753e-12
4.37769413197446673765106200009582233348363212593845162481199136777061094122486202727288492106796187590541056559634189942e-13
5.58152098734145166254551221220608494463073794341135741030669479288109011273436908165192143822106182760877933872575332601e-14
7.07469206261885632864242855179450542790145298356350196682849277499342116590534393383780311444903074443046637841809840398e-15
8.92644420628034532264185877201363673915941081556691722507809358001319291344427758251452420407856547227123373701021843227e-16
1.12239584097510842756779203856070481954396291796605806271730634125430131049758595345316365241568931388876450074452077999e-16
1.40772842965214030307700119287269615326913201144608327222846680465067668664493377183334425933121323027333028611320692796e-17
1.76256873698082614364169661728685837871402401065998949850452294964173665658350764993982623758322593687121866445939404833e-18
2.20458540734531236621981579643760601180202901406476018982185202681894110153533033425167247129762600887097060520718267608e-19
2.75625284008917200115945365869458649954746640565428082072058183013369845686349184718081389168149455734024509174955729103e-20
3.44623387466022364533892329241599722143517782059002661180998188593374321144288019535768311210240577897134916742890436090e-21
4.31118209805042374158213820102261903760673262969715544529423708836711468709533074478067636873331956492447113414899080693e-22
5.39809751532508370903450674618970789658737894366427774487685786767126111885386120119316933749210036097674272067284578005e-23
6.76741385404920766838412682635538485389502405180363417000511974465636088650043737321713951432867024194755929950621884555e-24
8.49705575272992125940794979760763741112117020798707219604073436718320400709969790633194733457441426721101450480413121949e-25
1.06877850752817201394846031302620082826566185848442208115444785466346877928746660023748320020202264282046649955336274030e-25
1.34702652358573150191024557638841391199266758776004864476788391449880417974258639118503251197401246567246138380351913155e-26
1.70144212227382349477372834275000787077539951904854800717957971385082383560146949638865902008012456727417906282959212925e-27
2.15418754779797609927039694695604728613012013948916665914941183597181401406918637368243164461906388208000539362476562500e-28
2.73425159761111725077479490667943389038872027623891039759351466269230568040892619889345318843536479044942158426281051974e-29
3.47966305528321040902671306032219686702090731088771138102947282211106122620767641527214984416797156093526687415061551318e-30
4.44045594000589539826816485284393035149924434632778067176253246441474411296672475777392778694425896479469662924832626424e-31
5.68265294907867828973839508139666703507036063605021306630727989791407269104673163398889799269993091532078534462073736358e-32
7.29363156896307746346440683981906913678095477305902149269969223866596872194776276693309660294555932461738760125015582616e-33
9.38937286622376465704426557644935425897214737018734446734368301215609062427908578436297924788378657295872877157426671798e-34
1.21242807072257667125442383581119779550108256952952710539788591491871040301280426890617969704433067564659015136551351046e-34
1.57045198652597099515541861442487090508400867770012806199132542740976829532713027854802007729880600049949781352512496112e-35
2.04061844447855028580678633429743821539618993288176569251643702776892799425761855771301565157720849452121267571182817737e-36
2.66001146863417758244925220103283544108005325230960006909419699638171750967010944366004342259931042682421769129819627340e-37
3.47858891781349052748835334161167574768529313716240394877000229781860362724704070550454520087495264927965871227925212448e-38
4.56385141221185327455590150743256725011858911210407959412851842254153480088126397748610417862633459535803660912585770882e-39
6.00727302360830833061834389229636680396663014124484073645375370902899726879696151422722910568128208338517884753732212379e-40
7.93318304744889965893534252090494860883757118705823516091854605841521814595674171358123733857277930924564145946766399048e-41
1.05110670329134781687859725154474897195986918592752534682922125501441923668149591441881658037870520019412902005871714954e-41
1.39726504553576889137003935011398239738515699535917829238794655821781116635821349724968160897289528890212147077363034341e-42
1.86356899377189453305778100242315206720913271368572658952461711614108325281280810264587612753719217007117836835142534742e-43
2.49371967680843993571563451054263584477810008599835647327283726814039741791443503604469935910074813704689215147548373153e-44
3.34799596375411981292893777487066105147864575187731175790522958670451595229496013623951434043750645751056057990625279484e-45
4.50978686602322578162874141499375583166286481519974232534115538495083288015545117789566257947593158800481646759176458676e-46
6.09478894716596237673028977777678818697412885827099121747286557929923768661821619346071026837191889606342490262503300321e-47
8.26399126436283627175392346005534432303778433571100936202225418045093138179370143116351640716082822396022412020746484881e-48
1.12420573755155198708943665757308631148881256604827668565364835396228092519916553996392263779445430490077188042409933490e-48
1.53434181472683468522582949032911608597116565672748099382250956251281430448622166633874115627669951299032732030222451710e-49
2.10094098815773938146371001945237012956120889669078738319608766325011830718413619873354974094100882860848751718522635542e-50
2.88612756282621984609735665694966148621322368357296174612490034312194269588461847623221831523740567089793881226855047567e-51
3.97760084031812122916817700753364404217062062350706751499858327085907307510403164341380706885210868645358498981182592763e-52
5.49951705758820249956334439140837829235021049050541892009941344338114078582246243391677108471988293414399381460684821237e-53
7.62814431143619993553207058354499900570088362905303796512976809817224931880320991916424203136175490637847744027524647806e-54
1.06144437320858099069432424949724445167412132108772297217206883565823154074152750572920275566024518186997430334165441093e-54
1.48167273958733091869001981413038549717012050493292791065684374290786939502508994329882804363204598802815020417715093438e-55
2.07480140149093276719444794713619006550876382283508703708201146303903021069010229422162218576734826564873308867789733320e-56
2.91448772154918448554983178380886236147826206942864780130982929096790411206725304828487709532522099605932636353506475222e-57
4.10678022539088333671943951490150286330669701818770449595225656111409498895813015510968333049354799531677831758803892556e-58
5.80478513277280420512643044032187287763348777455126884292270120544270306184183805416336474450875241487166895486036515650e-59
8.23015609392449402590037078904302665718487844739533845991157996456547879510796291326515008117755172551466574296236764698e-60
1.17046625847141347549928548643375098815997953186727146996849706375761387990712406343354590078148409049611056854108567641e-60
1.66966828050431225763928324354302332824695414861357443023425876912342615001341705182120271405746435790527735430077493602e-61
2.38898517499706712465864537917114160953939306730365291313156942808281189548252006968048959109238664966532177311291768679e-62
3.42846796450281469801383850815073200654335518849482202449038506597590477617346889717456643516887966054267344493344707375e-63
4.93493563107001063552717494776053886670874578964920448033405663289222752989302551180996020361575660228535165459458607115e-64
7.12441121335717126699870029482986166028970135033578340440449558360332188386467799211224871476343324773856909902936079373e-65
1.03155850024148433356597796295775740409533699903150134611300245495183731014795183063096311545482953882925492015032984396e-65
1.49798489644011324845766750560746205978634460758715242402744862013031838170888245101894259877584830119720770834647158536e-66
2.18162941719282543737712094527223124432456772218150075605132283797058938037759380348616913343081132062776886217240605614e-67
3.18644031744587609749992044185274950326352619247342206018144101509392736431348927779539729361012258255220724841620467630e-68
4.66737992451486367554235325900598689840647640925989045133749792468121080842668018434665783020484987537319538661769858763e-69
6.85605654882832031731979692275216123247952888004877217318001994431636825588662087764656809350243308398516863839523530174e-70
1.00995224037818294955569322238187073457419368231490064781747886782127075766998191050099492806073257018803628284063456398e-70
1.49191423496881215975915902918605252337291490822338006381644281385875876421204377008671976342675963851044024621221999434e-71
2.21001312960483408796814040922657061879065413621639583524871543135687055677925066356113434567577668146076412889070726398e-72
3.28280634635796247203393833846603927893482420431145631725986182848073267517985788752717058069685881917618945830649245785e-73
4.88974905708066989819240551843276946889975479128393744887284794785559662741688059766726192388701542308691661073125964743e-74
7.30315141418721711204728782261923594133426908104035743510517868377235601565823360245610130893593151797415063283688685014e-75
1.09372475887850614850240974580899510440038825815684083690812796751091613443355061580754807668315544679945478313233651345e-75
1.64237157553038508285828831174039663036669408401308234720347411656484949009352343892858791601331952357669936569635594233e-76
2.47281782983542585645744525880970287994505534469269820379375917097670224640124602066544895346363839008221281792429710256e-77
3.73303361373442278481938454949687865071724451541502155667661233329126931653371758238481404075534411750793657444560487147e-78
5.65031368056567294174328095450968098094615739923913530530102602157109023721181708346091197723030274659108997612449315919e-79
8.57464141988810694769442776400209003686687803613360831208779715277508283721827144264147889182503679709654590430903289384e-80
1.30462008618289162650661288026377962511064309230308543997005506529695712574118830325388488651522814237120307251618938444e-80
1.99007221986234624627945866077921096680278231698813641053546327804966997556104686985127735703596440877946541534731858025e-81
3.04342330999221349015354404204118069784656972343471543194971141559590050610739653344357244588736430179589507455106158148e-82
4.66612930783517051454323804102621134114907778173140101397517100470209124222863307905019863947246982438054640094527657572e-83
7.17206571755136724516338177244603808366506385944044950898504773295868616737252340869120797751251781832427104039163360402e-84
1.10513950805838492765669825140595865402872187404026361008048611180845060162162005992196977408726372027938544974540885053e-84
1.70713412608203366834733421479542542084953898728375316952967152196092719750282159137706400110367623965403889155578284563e-85
2.64355462284990593232892740891374024904692139613554737069777170751120150096102280317228186535953000473414049366897543146e-86
4.10366140286894426437173578176384147696734510663550208125841976708934191025496657321633435160233849044265991330710238402e-87
6.38572025808534928851682524270100926448104859835913619080865492626800754878993331368847665730015309327050358276675217560e-88
9.96084130550562122601601377523910582881307042486627589391920240257119917095129145639965636598865299568774857336849566390e-89
1.55748046814037692907624405042455938999908325495924128397158673922311688634588807790569981647584665458383248866762400240e-89
2.44108228228660345167706323118868475335654323085758113697964754973040671304246716765033385714053895993713229993399646600e-90
3.83502576460107484778885302009259234709420480209545706649555278248213928436255123442344763571942801824219131517136053892e-91
6.03911247928211717649101552890902073683945641230427421988391739016413906687130235157570106637285255564642518043465398303e-92
9.53212862108988776398409288799427743041730592680063350045080746456046379024889376613239971510769123590500874825870247563e-93
1.50803583008759199780631873341317353307010180353512643858578016470698202506395300811026498648445219339266966187560242283e-93
2.39128608116931819779218794689696178330735491752410600329941006740900258666407410938446784408496583756467765745871454575e-94
3.80051725822316204465663217374021735949304823671599740167294563746594600921163372682798351543813321846470487357287921258e-95
6.05394452007809956626852246294942331740886681526445527570277941717555694044739896869168562834071021662814032413757924516e-96
9.66522670341952541148751024023596353079329292201548204303429412943730712087936687129852814324851173327437420012453601677e-97
1.54652494357587214964471874612882903796687411683386515593554103609187855247276096965887726345459393799731288539810681006e-97
2.48008491653356962771304536394204917131456811541705739345349026561198304759868480335382644971055879525418805210917906262e-98
3.98597381322528819618355761102659240726943116675107537172358914444204491789561108564474797805759578726312370345588394838e-99
6.42028336343561352474875048180285845430433255694762443031754133837987701280121168616136451400616044981322406586600544817e-100
1.03638108934976790314032885402088424643149390885186614642212456389603544844525875627511525227417206190893580464993152800e-100
1.67657899504932133108888797528187532077929590216328133932464245417237402051286816032457562277878336980684283909126659855e-101
2.71807610943322704069861164967416562917782761666155251008344182162007144959041100598013321088475046488830397404039555980e-102
4.41597001937923818080631631593419678294929814014610475500775375159336356230985509331568285302937122632768523881154386132e-103
7.18971130747140233975825603386113445156607777189757689487411867598077624558937160186360228433341568017011881204500708698e-104
1.17303672058673349022519627202914946202850227401805169359704474500506781196294992176471336395513967165514320498728828295e-104
1.91787646793170618337406693844716817363674226820871832164092380070865833626694694259330955717599165504810324675435311359e-105
3.14219137435006166338651997079043954557556252618752100171550641817020922238812098214597309614593838111465653826782785255e-106
5.15871795927757698388924911951562529690221224896442831039472922065760059389379290246618489005833794208775664637006072860e-107
8.48676781091203067871841012986829666132105554401596179847655532190903374329147712067166571321809960093699232245599833706e-108
1.39903485034357033592063592413715063269260847638367567435215756950584715954454621457128973700752990251624367917468165191e-108
2.31097248341703656933909853045615041103617194023997851925622633329455856972136627782510608530325418122817012992757535128e-109
3.82503537234589746316048365295793265603991887387507065149128392605909319404802153120184425593440192181651240458068955275e-110
6.34373519472281953207622954211818874243684541529475966852156432645860596516179684934826114352816564040668354690674449343e-111
1.05418800895388182650763008952312777057140629039335338918941889896551087225889316851369102816403615750688902569552999329e-111
1.75529096243275129237610392091889333048328122989970946087766939978701481010463393537900711060647569153779404735974344112e-112
2.92841632890654387659233179259122091141640525072278496975033047442500440474821200028622104720626184276573422697441998736e-113
4.89512601076110862866936809408993144451863624558504575584144208195189674763706307345310263051786707268239092698998940321e-114
8.19854971711787911763642848816018459596316012842385052780866406006720940093665217146508707804386054304638144806159888089e-115
1.37577400600040995819941297315557987085227362248636185896257656761880695892351590815138031340079298981156380110037610115e-115
2.31307080944394221324187275507674965152187947092777249393297624336361816705276455162894197549440021526124763731140009287e-116
3.89634522637121805998940196218424881859594275173401590983085608607921142187098552304446402019025298175304982390305197479e-117
6.57578441452348080899853308774750454938550682617835819121139095564518590544844203165808037377292525810726726301491453345e-118
1.11187087059785173455752049467576656444339913942094670709666649279633385027535621020661385014679396448555072737191391059e-118
1.88353134488745193411116656679537802424360541695208576913637128924866277315899020150829057603506045353698438561078226119e-119
3.19667275497294212880539111245740075781155645961046461002517259697512506652277242192940155330815469444910345412125713288e-120
5.43532478047951194373880711030445571108921547688695912226749444969238522153151582977664512942721270637832687541368525204e-121
9.25870029506867038020575083168273603390523771519042319618634462628331445204519221573109419747852968227843739310357805761e-122
1.58003613877204900771264271714349447221583389612311493267738183186045373675774334818811830266931640765052369764902937042e-122
2.70129361384955557937982585302053355061267404165943601713913732649144968827051144553245365068663933488295643252145347449e-123
4.62657596836382092554151550708828534640563199330260242868679104441988915271077842599912562630286971481880849631500966387e-124
7.93827502468457907418716604151264615127893952267438791838249053191793299323114735161254067789960136957004035268670731215e-125
1.36447810652460822436475986298788214600917659027373505388490925888948603868737377600299360097442007739906016127617152615e-125
2.34950559809627425765686481102010862537660633584484062917824029616003550140261050224097324611717368801736873172811693823e-126
4.05276496638653349932424761770808907146388531185397612217151277013181602675484800481272299411345134408313438176108628278e-127
7.00304566110140862697389289622425862129466796638395471807019525852230473853072248829394314351076513596490669483227536232e-128