0.494267155353787843303970130258685026247965718189079656736961981137962283031426096469989076445693698348704983532991928185
0.00565166414030925180121093970011550424932054207710724405931311985223238620498862847879475235832090709646744732909668386147
7.97273473491346898230609871035602352795661808277313065201452471614154803979704462746881408124481665430132486359823571333e-5
1.42196717980796117614692163639442222215267878898503244584791116356384418716848235329855521120641002696770867093994052273e-6
3.04181443520786149168166661789141368146914705904950199931197401330556758648787850936644165302482800314545764993204558571e-8
7.51660545170461038348696974005903844669155137074821257654229630873915649486143680064935031914048670828450244196348924245e-10
2.09046024398954394097294709979609456261892611957300635977537049479390077101555421011259929318778018478258415846595800064e-11
6.42170517583902318214652631181138102278794929754680992689445520997716621356605599626638530482082096647862717108208770967e-13
2.14863215975813435732076520250591891305231622978913188559267057977535772068784729623060222185646227067939913428933664900e-14
7.74608926951538190711648993634098455703745211323354557782966200064098320745857393120975277406243070723474661337016042370e-16
2.98327580575798241826953232925576804035776446889791013497250794546947793745340138619640397487366071618019776150975139605e-17
1.21894778269395372992389690831272448112413485495291106611378120746720832557835762396094074608410516503168488042679933741e-18
5.25383867495564509272590344317837979656207618888491193182507548649091212250415243138303429270150744531133931884715713492e-20
2.37734217645694740450036317994009989837593886437851955278045909723802994070434167985233225811813896599448920561434581110e-21
1.12478303893063966235383785284215891492672271274641046343733308379226489706217775312273784259304267769380913412485164864e-22
5.54494330090088161354734822339676223910606043511142166984588773068776285233702061506894483376259287021168768741311442203e-24
2.83966978313265262971347540082278622755013125880878537986488070398266032715357907555550831922205696080264275112253284525e-25
1.50673557214052658763248647897570446391844814777798033930615112294109768794793576661735433327237878552061588794732874686e-26
8.26413219706855803592785503752778029299779643246348430690156549648875027025272334386605557761960616294330830862068131195e-28
4.67579073729290131262645534417275981723698571821446093940095043471198422626970979635747147906942087279615148462546656147e-29
2.72403871963316932714234950167238820457468146216481752272742131986766436753684018438944934895033460984068591023570094455e-30
1.63138538493197262664052243952743583648683697690413777254356966856657165406832521175641583205084733539467715936370032064e-31
1.00285890212466225979396331465388369631032332402707199768042056371443541378452966343609101784068039739017078674121025534e-32
6.31944016569127100636401041568734641744330897727394331815142177434404023968552191762969073827853678827243704481631054527e-34
4.07700376576865842389513243775310786972796358023721351936256958442467661246068249718432604064600597997565558005183271231e-35
2.68993418020035367361566680289686520462665926603231086022265887621604089254010365634937894627890642961046563796203606956e-36
1.81315538530675325339102079200496713697140488046473310587435415466904596561392940308545809131664981320389930729215310181e-37
1.24741738549736671959316620567781373689126459669151251471527877934399358162398302167487425724924817708284389450984781448e-38
8.75173727409979015017304906209788824066855004586667105933779689418143813129732293383311621182953342493692825254267041367e-40
6.25652332519084421351417671371362612195976753408570724737810801972792541332312505199045265614642745883259568305508354629e-41
4.55411617199887396260603509368934792028004416046131817133344737207430571124142231200885549852659326100857047312484175599e-42
3.37292002875549505321406022772779361114852198305606256487445655354907180291882088559273353370637599335070262982784260549e-43
2.54014226787430568735533152461830262992513509773146573552485514601024324294950441541922756274741621904679342583412057986e-44
1.94400680684075556355831338504337881377292079706247957462744858240268179156897039710364225995212659029061046431034930169e-45
1.51105320664866910880652108885336379963890101942413841101353281808006602593051703756744694681347314506672683827496572307e-46
1.19226761564373741886190940952447473573317325390559592299012513275173954380059843626909095198661558223319339506896273501e-47
9.54472626082722516768279292059268886522894092536538808780243439527670202727362759776062369075495832998927346066031662365e-49
7.74899568872339351838550962602205249652209869153285470754657941042781099664915136259388496762102221625222067478418035269e-50
6.37716617170455944074805915226763871589803909183903101842049142597189669815227397963313769485272354211905284673506039003e-51
5.31776717449176343708165443483003269375954678479718347962780370545250470633051987366463869090021750812093740713795804291e-52
4.49137130168553922455816056889986142962462704199267751957080203437506886673126026645241405541779883214928187496739367078e-53
3.84073694296197335660326592760211145089386970413946648498912887331184136087193538460748832192064284262823615820688497641e-54
3.32416420023627359739439473466510104511685490858248398630476865972933334665042956906189191378506514755152774090724983977e-55
2.91096394230086739427405274624449503922004787311907273691161712907013804602541291320079801903945787585825013457499269621e-56
2.57833316154723810551587346450506157181544591137647544995780043611367424308730554468246266159629775025576744826465288193e-57
2.30917702209613185460066849900794316277188296041888962879614344260849493495699038054081978756797297316452695519149354709e-58
2.09057527481884187209731120308073903335573628692957947278898856320913364524498954709310539665361697745170156664286033599e-59
1.91269196608618201061584563337268054293854856077121384471471280277400577087035808038372074809860507253588785430633651439e-60
1.76799328692601413567554150689725102361829243105581931080147862260286267093262450481910304119623471914019454869619270890e-61
1.65068179670060989821918891756681176663423425972965320277110517030377436015908292333663954863057020952248870920982723708e-62
1.55628411514172628701840775033027665503257242768929401942623630138065853127828128432663432417380625438488898609535287575e-63
1.48134857103624479887319070369433966317047714586647416560184681799565881977065698348965663262016350335024993244145094478e-64
1.42322246140781790005067550015504840086610100291162101398617412751694948346964822584862353129257971284978914268786851274e-65
1.37988760244478230673818654518450686151765890189396552559783367100194902725105403018866833150883226473810659300608417192e-66
1.34983910723224965090848788007760787722650166714572974560897712618698398687505830601174342537617040502500201629663257287e-67
1.33199670519861595557039674966802825432799498167284525309406587775283913861376754283396411328901855278669939296872965697e-68
1.32564102331098472505575874426548047341292297223601149974981356962207019520344314555694812305269901006581512331064005983e-69
1.33036948288505870925226650699804376543648624663854234637266411428521177203930042289753989914122285687569726965318156759e-70
1.34606810328578801212157886499067592168206372136626722125533650193206615237567144592600467324554111097034790765792330300e-71
1.37289673476261452417355014594613478576950381512204136099663559238466140827667505369275733710199683975072902488150480564e-72
1.41128620096592702256979935493735663980870435501082058793267266512844782480883661073636352095882357018451032332929262149e-73
1.46194661403623867720852461631237294262662760424297651034982060539121891344433469869658645909682948315895613158081815953e-74
1.52588680416976277245887916474494326727078688731191639491705518826471453473846202210095004825192849019860470976844157927e-75
1.60444543885162887323795504907647780028822476289097762900468777554331835271764620297752563268226457633463056365388303591e-76
1.69933504369526499141595634736507262281202690718652034713691740030061323088352887112327339818698868979323755044864479323e-77
1.81270082289779184663108368600186259995784023770596803274681621848400893572184406846311069801306336126623223893275974586e-78
1.94719695956974487378143175278819246461517527815438666091798721245440172218150115529196398270782258820614382567710680509e-79
2.10608400650544461108113887266568970922400842560428375277314085207174589256205178313539084115502559127175544044621040954e-80
2.29335211745378962597890973963215327599868827878484687471000310496721850403547062070690453477445701430312682894111131918e-81
2.51387629280492052350570197215468829233745226352736944556800338965143248574642540080722330525013020268355604238992475530e-82
2.77361161690263410610589583514690000707326586136109548794131617142557997597484307265625814966964108082551548606311248177e-83
3.07983876932017952285048353117385911477079806145285560766619253581862984860945429763364694954845269159518941413268998240e-84
3.44147305876064726997396940832862930642883332871651636309930351080425879060701380617011842547545816121726984229025140750e-85
3.86945406483833860800909961564310939977582626600539779558998932885467313508315545789966010180763670084983511812927031949e-86
4.37723795564594512343146960852708596828811656954303059989310774808568143187051379147212644856195501220056398634697814652e-87
4.98142104299735184736228579350265284641204795770223990183025779291813111411651496187780662110517070559591436887867571397e-88
5.70253162805864239424600953154063657561927753057853643064975337210445532816744790648567269796761689099506643329470915881e-89
6.56603832499345373604892893794438674012277561442871193542940991728970309001193327611316908379710595298051750177248452016e-90
7.60363769458686568468030039942208062693038153197130526441756587302482150268138537143189979358291329121165649691405228011e-91
8.85490333359077670531841134818714031533346047151571213816289085185400792569230260683661526403148994867950920606051099108e-92
1.03694041078918387031907184462343359140319334107669617804932422991281374214085419488263906222450649064888204313975257194e-92
1.22094330895512847424206360222025912461092482705264986715163822212300300820042479155756009013392030313844602314837984411e-93
1.44535337977791158459231704217772584356181775143154038047483791187474218902543094091895055362223184618956300068945409111e-94
1.72010703965684826672103436498041138185279728034940985446702285502750669254312476162241677654458815523096913832485508854e-95
2.05781687876073894281212390760398180035412606716702547016560033427631423987647975891295336523137922012373539034181708389e-96
2.47454631632691564244230639536482958772674702491746993350800886691191525469489869966402370264331008302168970977536295494e-97
2.99082272507750184139237576686115915641402654553492622977040459545585375255861482818839699490436737346646996916654512896e-98
3.63296644570411373637902992337151622340775853766337658829923127714004797114159338491498881789996169354614172757778449953e-99
4.43483946200828813635001885252845693846884887240453872367748667977372679797768474243493347587686486333222178482084123089e-100
5.44015321241268681348302518924386096925838453339582617504908473237664214633469132648867614325071282240032379314557002490e-101
6.70552352602227339506940426993241244613195426986279608644371345294229024551202649422862582787118912768000891681944134148e-102
8.30452676230021623505711736172270483016175224522372693270947279386035662838804457012034193457913770224155060148305007291e-103
1.03331015139006791768726261696052227110913835398467148294757538785804262368300112534425164941918425587318625667491702783e-103
1.29167638863032573748511189968538492350943501369377387108622915269714229260402126377022480996468627216333639889995146100e-104
1.62202741859271660586910188807454008184460913870668776884888941563721578181035593599038553634695152001186574987559143464e-105
2.04606266878027329841053335510025543772920625797493924911669886761073815222155125937334331293428484326349838359400999357e-106
2.59245570092399960283367896479004342138706884415973807259158076873765072667742661996720658314430384106708805790241823285e-107
3.29922085592250776989930525033955463541342837349256263767277384127376151389514485648606224712037941946800459545977633588e-108
4.21692198999251107904048340409887596623626020697000329557937409261817987205045220986093399126306807416623901335997859263e-109
5.41303582196319634083624790515934037908231698529353472557519138036219508697338136313046584125508454332158128059208832172e-110
6.97790288319972105935180987720520345102980406920314940071714804996179521150884988500907478926805477701622698557719388125e-111
9.03286760777036292756073577216684940012086356105694487965708813364799531596842021753256460539440995427466781419977180074e-112
1.17414455253334575808936194736985926283351780382267007380135184738807814960127342938614388721992688484998421961160912231e-112
1.53246880289499624873629969030992379447500762857738767562496193210502708970623209769030190753850383218268151810106494476e-113
2.00823840563830986139881248542224657648883249347979724600394460579814497660556213996382546801760153218498850957122158549e-114
2.64224008864846713527383676829973439283562750554662867555902037328600905253192140263405476883939670059839323810612195291e-115
3.49014058132286353689872224842831761908810736752762657399387690933206769121711405312181055027055052369915587133154495580e-116
4.62815456677163730596619207568028398074766388794609387567028251759676537634379972005045057780956097353717512942937011528e-117
6.16095635138694944135965459031887993722025149028120785764093873257799215951646136622764266017593849926298642813775839933e-118
8.23275492178817193567593400365306253580755636548002054544526582013945120344848157178441903603411523967449549742890374717e-119
1.10428412102917177661235883235762388055190788015535484399862571161889651162931945602182070475472641031782930100515868808e-119
1.48674751098736287699375206107850727464120368162479407966401040334738241413588607591028871344839434002650032760194054929e-120
2.00907839954108622763919355452704831048666122890082997896979771628283107271124092705066966509198479184579231772289031124e-121
2.72485050200652255522930880097030441036552802140484511891844803243569496854468482379005583794895986310902154282360082456e-122
3.70900823405689539468766721414578936859565971095015669510867447983732101738646406549046278435742008782262387280419961294e-123
5.06670653300330432922139155085218944351960597338735245015911091391005659234195752245952880221861368503150011047865809462e-124
6.94592940421491029131938239641559079047693208474361341392933714930874634061933632798206298597183527471710815174438879265e-125
9.55555182625075494518189244243554049894156927811949074749753419842342154356234634760466628189438059733455513128321154879e-126
1.31912636274612041323235361791295993022732686378771503461663211564973530442051308533718012477210065633852179612337182577e-126
1.82728783678094263940380806679382047673289701690960120813912532515614899247888910632184152376702977209514074785961994173e-127
2.53981719837910158407881530216839872571025411762697998550760726791620656588036961790738960740075309560926697123479426536e-128
3.54207831148902858397434904011912904363374360806880274441997417724906623542869718202418626188640204887170602025378068673e-129
4.95632294721648838670958674082850275895005637098672435927236412435404426908269071982663727782046017582887949626792454657e-130
6.95813048638286303205896203092785289887070069528618875499143154779694154077632746037377659603107585713449532306378056660e-131
9.80038469103907473394853601601326738552468622500371252815586888828849225607940679550642757104458634973243387516146052159e-132
1.38483347763268012574280862799693431458016694830569545324285055904034496513756547180391371915026296607544422559689183836e-132
1.96309987095284244247902361332730703217239289783264352134560900403151165845526776520977838598331663765295936364011157952e-133
2.79167214262240728828933187697739885926941260044407594554208859628965505789046200034210459317387597667814990926726054483e-134
3.98245249985327959347512922564286013418294561005912164512263649709224697106745584100024916023524198872844434869746047807e-135
5.69886261412364955629576040186909394791044523538849832985812218929557459804291379969264518624631353090155429194342424560e-136
8.18021269378650225904044323612746451773194694031093023986816336372899223776401391800049304657042890206595174719298376035e-137
1.17778895293301487699099654856712738248113015493413260572431965293132115086327993705789217213096223009142663169635242837e-137
1.70092310973979184733676347051194091557533778174949691088460928152525092659023439603412869721006910692327443161505098096e-138
2.46379327573580579648458739471299848636331763964260726447923321166641457370516060669457317574268732521008577266495431593e-139
3.57943498597270361482998195145686931636759154582202596190358070702830054309646611099229649665227676667801062154256661278e-140
5.21559383690429572918178561409432508666442978257932252801503162411041710908782846342528369509686574215769812254014239473e-141
7.62185618728102304886232988555535724879231620948292589871423640975782386265834291695723636378071688157256879710121026068e-142
1.11705421444407541256119299813634765149023310108321876638493853467962359735480987759713897051953149541715535089016923824e-142
1.64184917631205081882654628113543689967186521134198186639489988985767239946226308894558441698805649865320809504378937173e-143
2.42006449743261740837434059406208576754259996588479237625697908048049963829713777546470434179608836071406589903801101666e-144
3.57721161387224339724934082547028113893369542989664244764206672376592660417127365510750557021557397368829875682824751625e-145
5.30244091590023118009374159807954204970697436370900021582562489453935359230774515470700717418382846001389750522831227270e-146
7.88152441586072983165663081639709689379888732828820408173904463256563835741649835818865936047663947466807912312575411122e-147
1.17472881173655697074877604801257135318656695169649880659999557578442738006850899384634417057787044707881192208369054460e-147
1.75569068921943944431577488318796034974893440404629577298044582411159738791943311332975059773012114798008344848571029479e-148
2.63106463079238102614524862963759092228889992797006249506353163473106917920516448977220128637006339873469196043266875519e-149
3.95346989151466061162777106991990937215228324880017050577003750553146591223043096121806926431855749285148271579746844928e-150
5.95633606577105940922787888293891737073085870640248772152834976181670033250874983987163003193354715628290471188040320251e-151
8.99755192641665666509678484675914961375152372466033549718895152062618421566483112808539230970496959931602942767254955789e-152
1.36271379604214176423386567045036648926929242422903777508834855234316554855448168448241293198762153406200170096818012180e-152
2.06924023721202700465344601059718522751583452850484582993623093817379905904425818677702634460373149990182947904970136406e-153