0.979440384855000798982620272849193060053499511213870948433504256743716089036975844596100856523655170701726235401010785122
0.0302914839304341244119158522488271626521323668735350698014540585636259769524921823663369599700929918354686320297869360250
0.000702626223782565218309051615028836449796802839086888004102411059140566067486914690441666209990134489061713412346877795349
1.44869058535312284349297994478080813977382403621396655278108402303587422011712873373828837832158777012408812309722932356e-5
2.80025897089769601904794707559783745374923606619222007314144782302598518028796877098215538856158209563671296586543183819e-7
5.19627335749847493775061247482021826692019675901260901560820018480444399272040053104069014661890301571653321890229824414e-9
9.37456934069186866638553909685979755192638497882153394753687216210322046097991475623195506920913152401427497481269336207e-11
1.65674557448054731489502942115302141130521273997198251838762401690350493458862949991775789969457013651125573250270450173e-12
2.88217859210635068381317104786412420053044816433331469499370354421461297427386165123206591643991398869796302634377273850e-14
4.95211732113263646205933963571270847593426868503149660731512196583729578453680226734791142596367814775122822696652613900e-16
8.42356936837015009097354217479680499357408515095964820236326969660230010846773132476691704416335203544362474691456497485e-18
1.42101042467868859722890735420634069230300089339172278772034759307815108083701569835436413978964529379435733194317369533e-19
2.38052045002115297200180101114836843859537651349403092069692458036953932502117843368666846632169110777366163591375189849e-21
3.96432404360975244842999728879336604605824642623795400205958766742986506160948529658941367672477718942251969098015842994e-23
6.56817803740494133152511361472923008465278168089426521809973823309303686212042872219842985291159048114914681476515826693e-25
1.08339340191279654173265292611749019996474525426482853513801886541385936632813564614207950365062408409078733784387978882e-26
1.78003143313136090678588535739958564610626484194135807509543337733102735440556833180457387635038161711162758968024746250e-28
2.91449826845368126582878363810081191788390979428010111304302084654827879317246179805075918168324808312534718319320631106e-30
4.75726609284092050413382698623492955099801008777591880756791378919888312993034463569865580329790272028045173515892625434e-32
7.74366194111653752029023842088319132249019004672814165840539562266640762612945139604395469108725795752114753134187195256e-34
1.25732696763933463978211739249267044404564265211513934752031910995456722114843997771864574992345143487239925915128324888e-35
2.03687399297067822685305679238464715823438466164953445558609075812570246850415956662430219180094457277917434600062362460e-37
3.29292519286424582584760767798989957757248556548036678165269220007048287924916768398566046182812621623364675601089937255e-39
5.31346491000675277191833714598532313945342241731875642521680330242565035652960231730138301343976578245126364384310388691e-41
8.55892321615022837054530433574255330766691276833366109589279166981290584829803014142194941354357058656457289257583672997e-43
1.37646450276963418836627602210508743223157339212991840402316098636283338586866606897402097700268777927851278587411985938e-44
2.21038527420286722398061158920533375443629391442048942204276671488019810400820448565337640475382070502776999660328468111e-46
3.54466169580414340254308549823125248932466504172464180029535488429459076393923759006060607095953168984235696223448504571e-48
5.67710994766159190767689733404636695265692437164313826222081341837154090085987534261032250515407927309989498896455187557e-50
9.08161545402086466602322377197040097401662124410509240565885905582434129565141206446609057729513085978460861336342133016e-52
1.45116265677330573962858648279682448401182452204926874918903818552156379115452020472279626816236946109860487561281880287e-53
2.31641796763770502809560141598166846805768766664673699416904354256420106998146932476187640204489332234609540385943743176e-55
3.69397058581153189143416157499129626421511257075818292147891517786027306092369395860265817031793402893823264901159255570e-57
5.88533185760913152970888887175238895174354465537371156823678549612121734146875764880953448545517508276992303069000129257e-59
9.36855542135615751012512135212154645572112314752951598016223249668326532387850996201882973319229438476665346477329447574e-61
1.49011447380427977638697676148177617149857957073471148611332224399520929145164076416051640897846253652841833759310136907e-62
2.36827103208530269695175595838909760264157871168418934776957622455687267864462167102446056948673485804151581679577682618e-64
3.76119475534492188751701188527421738133699860334274100549859430949957687564456222024097591264959146765468886297642497962e-66
5.96924464785007617418747965682015219549413350655264546771896672810772626311486225036752768502770594679465277654573874780e-68
9.46732550876811577306141428522067975015522061685532481178344859411263788017675282703572535557389130993015186765007068043e-70
1.50059578163800877623790284107339568193834989522647034433665353572970894681917951509703894315745471093134818750096184399e-71
2.37706852406928882604968659571226670603754544081694341708551055218324762695426886697466908261868802163896104493473163228e-73
3.76333962255025241127941777114698320697043611417787265742805085272206480075937862809376485398392083898054077525035660635e-75
5.95484114314673625181404065388694782373042034208013304145098252205683915428363706943247252905431166149264991857948173387e-77
9.41765038778886422704161053968878308263458264401820707123906302019892757712561015787077922515284004118793813470113821326e-79
1.48867682795481152651140445236470543503274321910785987224550521881819386981244132069035217269869699491608516323537629804e-80
2.35208493934268271229698494259426335193124691941914100148063396482635881506981674962616939571165403724423628359349629067e-82
3.71457325057626714952337177428529740055594036959873528165137128175165966417617190496395310409402618736918102989476088814e-84
5.86376174784210239082669501537431105548561361587394399384330732372000429521508978937579455882810371576674852483587733639e-86
9.25257867901766079534549430336634237214753105456948881029965610368014832246541824132769492820088074219406224085039607039e-88
1.45940390838730918773895372978458771807624498643938920817288669760266976322729693728022269538764532934618388459142985757e-89
2.30102437362391208058354703208555478757002531550147503800476558250439994801800507228756273810684518836465258230013127442e-91
3.62665539924292656793075274448761742417533057497212532560450230968983436907274682644141299480323104059693541926838692069e-93
5.71395384518211976031738400102409868434420234992365009661029558115562897868671502577243847574475642421987257430447655455e-95
8.99949632863757083048980968809320031269877363243646975270082861524545210746919127997344664361668128865566403212014518481e-97
1.41695509799913865385170922681505488544638069098072492447850621978659524608370832984849291417848828675882814784938427626e-98
2.23025983488546448232991660426061153844871362118357202731073401842926365872210063829251564352869392034288735079056567401e-100
3.50930526125499662198469626451224335775881027737860208880753397764519649517161162855772472049631832730503006979711101551e-102
5.52023685188162273972588979486693476834180175426947749974430413610296702644504283783663296613778279428380237613691258752e-104
8.68099482233284840336983823061802321227634012715786350720301953466918549453282301519281233932267899694421435267871093804e-106
1.36477364803135425425756007446233478985818415589141993807060933788641209270095426550190830003345710391868804138322509460e-107
2.14503819227611764147829728514017708301634158277769829081721623728894074546922646496651782429173016700953866652174014007e-109
3.37051632961263171549584385508764635905988406501872489473997886379833182142914804817811926947161307234983797685148982087e-111
5.29478593497645947730112149847470144833581216564649214932801152023241413139941800232867610913588767603484378045151846937e-113
8.31561426586595567415281981707517638708604203817930560774601508245597626892283688601424514810375080605453651248936165191e-115
1.30568213212331468919566615387594039931919270748998010431356963661719307751162057032467930989150190125316346764638689961e-116
2.04965551080963310611507647192922681097918445547685838978272107131303190486155498188033226093318902296588302567887477744e-118
3.21682570891142290637134736954048817600195016348233530564249756105869916243309791897245809513225984294970917850466452633e-120
5.04754565080617115941556668020537130321589117591388536560148509297025043678139303176524407166151854909996944906947931460e-122
7.91847866953528819730781611039462653965962325973450689490995829367599062314792953443107655352334216786535997933469425610e-124
1.24198001143806717540546040825954283276552582154722303600411197191131529349827732159301091909110967604466763508268118876e-125
1.94760688189232813394056285404149146590086971563988393416681490022895277461057064702122566455535630261273220811922311790e-127
3.05354419861569973488142920985359188264418092511729200737287913379651081441899292392102688951481755543403210390741868948e-129
4.78658324899276251920473163588460542699482038566303616857016740185014014343265800264031388051031459791077212479391078880e-131
7.50183843656907059043677996002210377897977551099786625268013147145137361046439607804329758526829004495240517942557396455e-133
1.17552692804678672619800093767027058217510462965710732877064331850693060816519719174790327673930195307577480900479680980e-134
1.84171430501927612780176922797858928340006031140090706126523828651025210834216970870243539099571128182430952018120648429e-136
2.88495262174812666078873773622513757763684871508726086254405048803018752322510016289334231576884752485955859516221959925e-138
4.51839006763349756525176126276982022830559561352563289717746896694972109867542671748984726280139484987130376093944052300e-140
7.07553302713053488947053696178715328738437792568906083574760497753648528402884223322913943525005430783461821455978627614e-142
1.10781372344621664034019792556175261678807599673239425897048271146934609251116828126642892621728537247109171963811020969e-143
1.73423569458610709056234152479048807208386791660287739519658944117385750388969847821914339800851944853514248422239092024e-145
2.71446913086929150246069292612935143471789591789806234398345910724426997515131509321274437307434495296780460184840202348e-147
4.24813830355593421669694108655199406566193758352364025949008722851228571541580103169889347922635676679274447679885045964e-149
6.64738500984217786517680659298619521310716561455252841374012735223304532575628601594502451102668153583596337686076778269e-151
1.04002290800309713172880230738440075647663915873487117415307446815331122874429773795520855103348062607463669836303393828e-152
1.62695766818969060984327943564792755649890990767664521371813087962159080938571841613560652618767486545099878068342139976e-154
2.54479157999683353183230125343862827177697787540554578684822117108322910393637371376911312692535539896403995711004080894e-156
3.97989945068567252812571977859522158988844574221817625728190988486551774196448758963132480877276467105171324381038395043e-158
6.22353518657336442635707482972923853244369188251815526794500786858032808907877890685830553386251194901921314041256243474e-160
9.73080072042383683205190489805036159344653998900950310864820209662355094039079708701867312407660358128516554608824399685e-162
1.52127441070377101812412866309909223769478186296237431100290257546866945658296985379388344662817275904449486536304358326e-163
2.37801849340275514080605776558387748021084125829605807460760569634314959747401418548126545493009341980890149075144294510e-165
3.71682984056718977296714211356835746639781533469388828027797505576413900872384692135647207752625330932851716417821063234e-167
5.80872715317249637024435555020017569011766807664983145093394197662732054216494367410741499794997609570441358368906648197e-169
9.07697525518717079001371208101095068466190826644710936604333972457367508665932034255974359160286797677609476322577822790e-171
1.41825459456408774162804851880401141298583432702037057948856494445293232391671418764853909659262100482013874365175466757e-172
2.21575167885098898033448599617117832009425312330235450809916548634563077953036612693635567590433123079866915296826669280e-174
3.46132797462074523704817781690771629014173947386440657427211959020541058674546215016313469121471854890964462505087507495e-176
5.40654851229094450684858899372823269207206712348970481808021893750359598302412189076207254907620917113559112234157202364e-178
8.44411276636572405949258196951133503218840113977883281799868176122637723947276326157632296427725883881483577071693907186e-180
1.31869806476604405577550557125836998463364563206258498103044861929431471769876137663384163630097311245047559611577351318e-181
2.05918311405840903049931228061173318510067050536342211922780596963925877754854610044060380716786731362676454511348720639e-183
3.21516769280301747034225973553296988558337896696055865138550171303487448763286513847306122009504017437573500838343111617e-185
5.01963496129978545596687955711764515002839242238106476819359743340051538562081714381466350475780043974597092439518054301e-187
7.83612306846259524485617339220792841073022931077451366079291842770750256349608999516614429979378443474159817059520525566e-189
1.22318376156681083724143113935588967333563780557605582049388735501257180053966288891506212313717389862735056534907591349e-190
1.90916837250278974391543261304645558975479710964224160098907475571679823909659119648165201827214226129494513083566071992e-192
2.97961066489551310379177713556662555512284149310609605516286346833137809914331648926369324671282464098514815210786628082e-194
4.64984261839309808739309885610558984786724993397891243921499595731522470871831557898733208682485872920790487781278729512e-196
7.25572967234379003493923041984520557931617701028874160569581331827759475121218218241954463726654234260023426481438834667e-198
1.13211015000467720457005078038562315507725669088567833777814193608919426983660046524618075792638854629347201122696866963e-199
1.76628854077957946799172659626540009649478482112841921797493706454176147324482391080020600249110140863401082351919606049e-201
2.75550120729468369428310222509686949092277994862976910408063565294317845492419720403996045634950584249905794908387722245e-203
4.29839320576367666230055573486758592400832734681877669098411319492469196694278469518457554312688202456178464636713997879e-205
6.70469206744767290223541896503851584700544149158149350547575522696958197824425328666351960385931190095099438912113729344e-207
1.04572924893382957844177366091742470558623070851857766195117503535304219655920540558754013225162938253794556442218728302e-208
1.63090230810150280973127984900216041583235168300181473240125698276954570698959391121789281087758928669575072927015865275e-210
2.54334601001849309578070451883777031867929861661363091700276246636114717446496251882268692123760531212006593139447744782e-212
3.96599606496437988490899219397266935973554813834817718860446918994069700159138423660913736195098188302104440458514486668e-214
6.18399243556567134178969151699802536453503405487308880200369665052626308397807348018830416143282823205809011231612172631e-216
9.64175199695926341310215367167242799682245020040356703309493752017355228306454256312593671098093778329943515407297296285e-218
1.50318967365094156462759385503119678149269455958428738256406151636934187086947164102734204472993693735462502807054107865e-219
2.34338099705968807680382194763326094551674277246655815434711594767299805359874523759914775174613966501489227107433173688e-221
3.65295042295042097443355293090216087726003884354849027060396747870183121075206756247547339060923197865903228617084116464e-223
5.69399205262868054870040293747479267927981016406255493190814170250905792487046610181996096417191967701653610813018775057e-225
8.87488182655825191082185013364223083822970835396992619026602002653201342926967355231583455280908150904698599565514182747e-227
1.38318851447196235900296859745158767434585212110615469799067691864711438741249143869185926212009256365092920158817280117e-228
2.15562723071130802068422023181568661813547294993563804780822883158063530220397516604121728117589737291705471089556389440e-230
3.35923084628306655124225060543294679795762338656505675904021959491273409821510918202836439012114261224682547465026499784e-232
5.23456189455985922978489188110946071680828359007712536620805387557755685715983718377799459501588827224573710195641386817e-234
8.15634375873627258327040892477751983251904739961120262261080269915392521698382281799769103292940935697894420065330692730e-236
1.27082508119770033629444237774466307296819538196203966455063805882088034826320762704615473356923389354483502131982844653e-237
1.97993750054722677904566650589937785737617285742087361765899928585379115660133821053254218026821966353358023292697321941e-239
3.08455840551845425351665170421147091541949207394883591638873650989138489145904926985579577313915872814451796170618272437e-241
4.80519132382441448819717251230001625236779502887709116913111197859309161359755050314406140377103042862894767227177175057e-243
7.48522553253717168431803752958452509464588259389513240265350662230291509132972077176231560164897305593995148544836645281e-245
1.16593870565588770953859130027012014646378826629277653987956331400292578409807477292689695825935586396768500518772234778e-246
1.81630015632930640119045833017869979793437991946455447300117087840670888749179718067565338049700879624224326514670120565e-248
2.71976725823494746739593317162375748597805926072895318746792901226685893700408435114537475652253246037378978035770438177e-250
4.79218741031917359059842463317656119540887849431914344651142354353181584125669678691929291045332894167075443573533267639e-251
-1.70073835665541159615892946439395146735000738077206285406791199413231632192047096670460477192365593813228676084732542674e-250
6.49543386110795351145857909059204222625943231768816334070089537112681526011909509352244401852026440443853717192214026198e-250
-2.42090012401718906682425459620218042409481491114168292215605850313597810550175327093068602750040117033396500389063920106e-249
8.80746381993501830092450644324847043706686256542117531826814630013282650934221705557071653237709592572726274613333632565e-249
-3.12718348786136554723862132354938838355077261097012598118181275997934961400252041934306389168601806500813142659056599078e-248
1.08343251736035411039753952723955683688450581715266362568758277838624225331968237700435069632415422230671297950782467477e-247
-3.66190401159461294754657875744227733305844477087829467475018486081329043265891282389105496360629389091273800741634011009e-247
1.20717923975803742294877826827352650313775577249149718212814691824677184385686785389417089223798819909420705766391624492e-246
-3.88053251973217393409925094081371901751699352937275394738137389125215691568144675283146797114751913187519332741169842283e-246
1.21605148098722037367906390795469910693265016797175655607808854195165157587797664987421234185471868140803265253840909617e-245