-1.786416301516861098752894537110973983799106247873405735234459190283789462674883528000508050474466285262421537297529462111e-4 
3.649427963035442753034484490646400571848307452327560466685144978677975037926895265329632120740735195893756188671635266198e-5 
1.659104265931638861281302525978903844716040934544377135857590828309360711217525901814345954651922838066853023766324942953e-6 
5.122950882607344226319286715747019778380143289883105285414164485368418026361646800269684167374640876115213891521617588026e-8 
1.320080292712029607651505919311164375505679358893110726637764534469411529262577777513058585719347688571560689895221768114e-9 
3.028239946364060721455659006469763364444840038647697694410715523126505468331121247767216736587039358354408973174741710355e-11 
6.374244263274485483586448839984353998892482120701773411915422057359317427706065346822033638148695987642866564777805400453e-13 
1.252615485637819844227376487966147336556348613785131688044331443259602132849528458974029494011627895395577842092961804539e-14 
2.323758564067824648209799195007316241475387707110274072375616254866744436160872858114696003541596982649246046860079983886e-16 
4.101322917532130761891289074519656503717434960066716678737545369326843197132492123318478197599634174965937349472124364082e-18 
6.926483638542407537528493337900941335214312397869595017252187615642436661319266553763701714673321486876401790283572039223e-20 
1.124302719473729788930278455723532100146829604202351232372183532092695332505139919881393802783489565535621740724098184158e-21 
1.760232182116312848471440984419464235805764300345548345563983235366445721916841543693461296247019798111413207097898891136e-23 
2.665799875024228873379136523451853516918635620946345929783718976160763095814417347549317829144553033896477612155523245645e-25 
3.914741224883461720725170435028496815239108464933348375234251723110230009177878664574588379509548357517241713702298476909e-27 
5.585797067526003172762297723236151448922555269594606353378720610353516099538139454199411017554996704904732633385829444774e-29 
7.757802545704903793061905640643093361557112462077986819531713199100146531508734587573258142795932692431864543905847236042e-31 
1.050340241186696060568454772257628576435381278893468711648525185401334395781160108260068721505538056569680748403219725723e-32 
1.388178263741835841413631330361556292208392664811069991312066324013572075614372029226351222176616279315804897428027608498e-34 
1.793101254240026786059333597838411244673642898782109506259228518980438382114006727191707658698579348493224852119324305622e-36 
2.266074653155522525184568915460124557892890374234940814209783244697169140805959872721461531871954609746391996153181653275e-38 
2.804610946849507688413089082419558878010400626220714845676738027617450583533592559722615409382153548688649069685970803656e-40 
3.402356410233870809478402673406944141786385450863815748435139403786289288338774900836219192663863965939922680453864609156e-42 
4.048942642001948434260946801506990100316578369162548919582009678189648541932589093012858340705534716003186430349867745585e-44 
4.730146527556852922851467668914137356385842218846692703629672027558663706845347796882526532596439683167066745741849522148e-46 
5.428372154359682549950594758663336015962477107415909651170737629979319265828442291016356741049265636113364584743745494338e-48 
6.123434659313245616097690237299295563009391180448252590654346680960747466028524624098932219445186562774608340830733222945e-50 
6.793593342423191310983885236524039364405380391689835958986177093714765922972757911568882907169662664340371816619143937751e-52 
7.416753903723718353878777039457312722691808476056003115273024597171890396973100585128983104563345541245797340258123911292e-54 
7.971740896443093020979761290010221772658552518654675600327622867785759620864190959461122197454560519109944715804272667544e-56 
8.439533738433903955767686619182184468854164491731586137559130137723811860219545220808128818652954016860059615899277464464e-58 
8.804363638217279143214552867991729871289348620076458411895919958188762468640888430900848496935862942737553018039558326264e-60 
9.054583732972887981466975272034760281096291627898908375978859641522153127583924570996234444600441049066971340156889373055e-62 
9.183248379966051675795579749584085897253268015162105959578609267586899702717298931474450273249742428175795733014673729873e-64 
9.188366684115731708970932186366417361471434228339618760942412352523003856814033397409420821682341207862706415166351915285e-66 
9.072826310398727547194853806227657620050473220611929337176175778272860466188794691445396187845978543285540646794278921755e-68 
8.844012819852208413516213842945862524867317760294538255699715078845384246979379403074643633563810008607542484149233983153e-70 
8.513174125699119953398165997746430349763985337444867845172311999907108065779232912802365175232150164474763232681322146842e-72 
8.094597022253543053099442951800071018891640674520757669107752474467759918932019517707175818336358186556781207556319252174e-74 
7.604671988680422095264538935267450861106337688721502081285474300782534887274651413166639489529427120109700196439007066764e-76 
7.060923579019133021320600117006897737961606005280239277216254366865643035273048363590467661858470418032482189499651012759e-78 
6.481077578385692948888573240552334059318019301860259948350270738161634770159723528541377323987158445211450807575407011177e-80 
5.882224321379379730001483422501633819745414605779886054529466741128341136653082596285583755000315165007385694943429125294e-82 
5.280122113535043257600504993263905596702845862013990743211277446585600907507655433224411652928826092493852407986247244221e-84 
4.688667644800056032686085440102722345069174083543997528468650852030534604066676446342481787524160256058458178396128731622e-86 
4.119543543651934618124431848890147352089510141568094325205553996986852240419184195151429900397063690793265058113255755255e-88 
3.582038340852991458262387711496119008278484812941332997282802248175629687601643545863806186201789419013481578082733207583e-90 
3.083022171308717027933703615706635821165907295333248525896796612184901719863489032944375348664571327546753151539678831197e-92 
2.627053116045546511146828393778105066274762199316224333987977233946462511507284124070529541656301764023073828032022555725e-94 
2.216584280638140344528279710256203919914925791470425104158732360630168729584258174391525603527021636516651260711824949212e-96 
1.852240243677646958109418265072219419974575186201104501526853860134192484857394321960029903326290451152089330599564584213e-98 
1.533132837993370277589280602329458761226517900019919630141825388364835992726059030721244516520538365204632645291514716326e-100 
1.257189642481714816551694279713375995272671037655581187313347697040795546103142654940922633517044156255305331006966573919e-102 
1.021473312346735761717774968644305161546235195560354146188909706471596215826154279269402854234171880108380510511582838785e-104 
8.224752527044873533991534645355741524358919086361457773794103606819606280213329622448636942166829165109882065185099417609e-107 
6.563725435654559503559263861786587340397250940729386634340191206393044176878955188110118783315093834712278795143890607201e-109 
5.192419937297863080778903125501786648743410879966852561497023008897307562471309750309551028324477588866496262538961832614e-111 
4.072294304832533893054547113386046561319689314795276693680540597761647973512779847673040363071253994919532976350072668506e-113 
3.166756589753523485067553841332378646059658902098648792481732074694299828502625704826266086876553805034467957570508892174e-115 
2.442029103737195473908980309679061579874546397197386495482176413515994934115376497126372716486724255507909527187207423661e-117 
1.867670958317476952950895738375037446113484327402275072600359065215353988977454089320844564141112605935445384788157447252e-119 
1.416819116542367430764275968336298569938323434819780505916612836675335562006400957056956574739006354884179341783430455504e-121 
1.066209519368617274396260968750552710647497693106618351483807531427143997389930636206742308826825541440379001247500780005e-123 
7.960364093438627303008142360277979062143116567829885116337261413575473938891377865304386489471850731459059050318123186091e-126 
5.897015330181733118801891075089245528939248253246432154841100445025035455106814721228038391426521246537570647559093308844e-128 
4.334968124563266476235713976595899877493325490894885354659887637204021417551209061220411636173775790402471033839150462366e-130 
3.162554243942059937700093443774721543276288152408772367284156679107823409832274674327433500009756554001222629527523979572e-132 
2.289978213855645734925913432303852447838999097237155899090603645176838229837751193868914586112911664592216710702301669189e-134 
1.645916144102744492413956629107238268137807232086756576685049781866740372835727877208959577930103600342067855168022462033e-136 
1.174377212018447941776539490907564347216661582580505463883692478490928381328003956950357260803049991518459185579889534786e-138 
8.318989410031472042714430928208856420564534299277617594328187269129023168709724019688348357013113140618698577715155369262e-141 
5.851066407558111040932655894523990203981604052662851868808343046711257369404275746537567059396518305902898799377523007597e-143 
4.086377112126108245516631680159378135182193149982874045029809812707842257038935096469783931629594279976981519690868329646e-145 
2.834114060091084906161140940205537272655925312278336161337361684731919877552928697168620256796385448771518259469714052589e-147 
1.952123366139838381768090952650572098758181037515929244643173801521465604902878759950636263735246481658190504212453729323e-149 
1.335497115528879836770765858170303768954743872570444717258994312591603921800823052813062126743459216688233956540661746852e-151 
9.075243049299579766840678894909664503031666047537068416642538388154200744583914803498076419871217105658935339154071929179e-154 
6.126130318739523373462889907642597163049989502613910396944177779978477288181007653253436051528365254597980884950908344994e-156 
4.108271202759839368089212186840747748975567234361636643647923617426336451795726968665139550383973574399309533892038358331e-158 
2.737211660433160385135837378831098816081437963351025385989956203451491318814884797146668470826759099679223346233130233348e-160 
1.812027657297133268013571636012585199513745367624135819262273870835172179236641302364503646796781970164072093221467180850e-162 
1.191951226297216886227854368488199551692906918438843637282189355171197956802653741001220923798477622907631762348756730071e-164 
7.791458219759768635814878009867424261782184430300293080137901903886588203679723685387069427748408114753272832969229474787e-167 
5.061442715917827873024073516591390931299329298682732083344514590005528959101490093277318768793662402603214339486871510742e-169 
3.267783752850752062740707886774521590407474450864676848316407307125430295880864891823134715566289617326315021494294917624e-171 
2.096926303777305381916391776588592151283691846009725987893857827109772115803795758147535224418905759509444680477040167902e-173 
1.337490727867171614782120027972504068470745943586530468525108704599147069405891662907687141252614164893911832147981358682e-175 
8.480128871642937834111450557220521169930318940948970988058814288297418292844008358241077502405718900614329418980102890756e-178 
5.344953550720986213026910927010958325982543305316034212560248495027537747638553970150383706145507732778993129141382210733e-180 
3.349195074360339152450727467329548678065544753324292592149718105324683788294913911515647447538222340839171917050364625561e-182 
2.086491751377486656866215835882375678451859515641773707367617742786615303780582659512407355083510459961108277000246694147e-184 
1.292399590331229741544710810329399893464186922419832047584517946125214357357841327066617906497449858557721053733997840564e-186 
7.959844179177832567553548560305271766274531089653725612067920656314918110392620770512947858852225206084381852334906455618e-189 
4.874871434523824970840799565115113267309021916344351406992460876203100612431559743144738570443670575098412279303507013606e-191 
2.968898740699084273648151184718034687993657083095256820613314253917536168401429786481401549652356956710079714713181277992e-193 
1.798140204139826823256905025511400811987632742227428840289907205462350956734367555769677825097445905417226335156458529056e-195 
1.083102507480551803525437618654232322913976814913037565406070861741658489739170811689249024523261095406671338122051032607e-197 
6.488658138950268144898347840419913651599169001870080805764761669667319419529684265249947410689485587202392453228264533850e-200 
3.866345144727975526449293401799953370216825635925278533825234008197722989918009742409376384236383734933004532619370691675e-202 
2.291539879195304429317043064997579836564579766645202474865751363471989305605915672406790859146012620622105522118563517414e-204 
1.351000734817382307243363022108718881679206479440441204602659338856649272320595688820737220807282880694177599763081633830e-206 
7.923280648751195691718747628010954965610528525926427735863845379281174279129046694033491450501418812005937137232103203725e-209 
4.622696077927764108418564812578980268185361191959597137815990515111537030299744372085501076351718456385985356190153832057e-211 
2.683154616337190640289968329696102995383398096675527866209939739201423573164712915845650324236599091031114249292675206668e-213 
1.549440769510035038047533693288130401372583378078085533814801990819083295856688290308436768766120645377929360574903880762e-215 
8.902289485229649871925976470689049082272276331687422490070706342926066740216463127209636800444085713328753706944073949638e-218 
5.089136602996920756958783505242200170948357575159851821701564930692868348696193744983662700936437794487125107630070737573e-220 
2.894809968855269216602874743327879112556889584945165015112332464573524959216267916492727542388260635516678678554850374631e-222 
1.638502664505430344615170532074319938337918041907117937441039729017316331490630865278179134263931215996046973479203343349e-224 
9.228745562187198560125424344766268557347569981362098598281798052261988490930321403533551016919736006836877803969306427267e-227 
5.172775342448645029755699041141328191014992343068495531609948524618581245262357601729229174690402604157136851930985666208e-229 
2.885404450332723670502159601318163329267083477624287054887295919845360317914161855413654169184664581085730344492899282213e-231 
1.601800218459091344490583382986889080345945644968259514967414924657589142786561402311477595597568446721058798127909518486e-233 
8.850029872226360686437349953050106110899075618994116592075903662868003262843099608992267684243633385850248415152738734511e-236 
4.866668496680548027012793901212841543377740203268760088573870243340488912651801710390323818919861917642835436690155740501e-238 
2.663698575516694076668457151494348014000286820419150206218905688580987714615008226381726336928909250868950949585795743364e-240 
1.451175960543176926416363455686190684833489621987533211202295459036917470746552339187947855507048768007076663968513889669e-242 
7.869586404627150244888618936966435693483279939502744083984007196311076169028908155889462269434080199589562574078683412214e-245 
4.248107429791937726540228916908624042852988505286341746377551240003217251347491543247606087939303729521372010764102441993e-247 
2.282787609356307514138577781347111716530708472314561319436637894004602115064361374044152546270681533458493397085072733451e-249 
1.221170797877028763555039530213893630503142171581747309790964314093361770346338142081615418734154813332698543970170874820e-251 
6.503429496938861044241453354040302632534099207734909274009470818438235958256490202585994431226429675479834145158681859049e-254 
3.448082137404845265052394696178759424063391930358180317687138959500039621031720245012393823884995836378725961090285039684e-256 
1.820101952723469238089543691323762204148589094304135458954397106641552220816751724466520452554324745931838390497891984235e-258 
9.565559453651351600568377053328370726283719746451369458727489657708219720907497474905630201268000042167005047666379093577e-261 
5.005356101425632846266759969635145814138884382287911756699284167450442802833103433149211355783716847670799964976374883812e-263 
2.607850746109257225148710437307247407150268299616800385461051190203812454906086915577784146218551593906536727908832741631e-265 
1.352902934412009754824973611753042326444142914129036715158261098067275393973416573155549940190901623597066046467458756855e-267 
6.988750249997855155201270509911864557358538920209412999214208287273236377038653390206784636727957381249524824733944129912e-270 
3.594959598798857803515491318043350374463212466808515352286507105883510300336250750873541246638683652975684220227706024842e-272 
1.841461206131415159011725190588628375595354289033967960076818447992418131368913646482403698399035379978718916022950128413e-274 
9.393284585772288692762374575946092024124868424301801025823787888828021372217980337345776908228501662733964518064269606455e-277 
4.771674816620542843633827615977203533275562652943141419098235046419180186016970351563541661281682359440861064751250889011e-279 
2.413985124679773960659584713160466663280601110524867399074232930898575660183847787641103663814518755010945464392257110776e-281 
1.216243419622195468390994327880542812085867441167950661274967272967158765145630650538721703240531208617178477004987931565e-283 
6.102955347414502550073828178197272905387379026089886921015318160193345871793460679076925343700829174743234527161398266531e-286 
3.050037007564946730524099035806215091587007285649745527810900515302031959194589832641954611839008514846153315268164729074e-288 
1.518191482545357737689722714442514542319296971230434260505804993067659132977415552265642571958572768458387149411006749944e-290 
7.526891632210713616541499288592379632031607588610336015526129635465369252916577820203031975510888374794679229573817887223e-293 
3.716921972476860517215148467467988599805866680827214726776741778174062738560396953448407721638936257261893580857000985006e-295 
1.828271732869858936370276130281342899315060509065461554316522352354059981537259430099804668680538597405484756489297714715e-297 
8.957736292247160254189504181932289953037686619458985170376847435703991225336175001094226064578970553060783609698270906918e-300 
4.371863544352739658394229651644529229699028873259717369573573684497479562435753702443108912492244845900771635164692820303e-302 
2.125475736247128964395478275744332039843379100883869600566554113503649002288129464042444119871927999289084089252637168644e-304 
1.029383565549659190964103646946870985567299599022173765353796249934457870094682814589648592926962395048391902707406512129e-306 
4.966380611568720057089398268156141642681685058217248858574155981140489853371766939555502247448401444861448764781303384681e-309 
2.387011416484731691011724101830374489195048054482453820782555471417786838958544890857525550602018515133595617718211052802e-311 
1.142958939618332211607571664576133876291635446745903135051870074955187855709785360943933707844992497643934066330372219336e-313 
5.452280404311866232508585314690692967623759152071264312116127029970447105542600725053580101595946395074599319323959789701e-316 
2.591235124651359245438875002833940144690303154597697899416508698815762649703711715611270025259766512143012893765777827589e-318 
1.226947809260629669719730156894195058407517854876508636848797578525701161322595569402749984053809838317786411896378185193e-320 
5.788225097524512974752595696704199200141790913994667965436119207404296666461852235484487778010165244073722056497338585811e-323 
2.720658929927943812585842838594806416144550350689123837830126780768958694764574034465077395211796431188544699662539048430e-325 
1.274152333638218638587067972224108345475286261066188204894015596397970205912516655828440166589996606309551714479881428568e-327 
5.945607820449033199053868699518703402544695704091088953459424048768989124324873605813158284578031887743558798830906989116e-330 
2.764443988772676195210745497438416741224411105214762981058831651915583798061972766864379791266125377893031138742650927182e-332 
1.280751381507553208719459814971781483521077152956331469319705289729786854440016675639766531381258672631701838002194155872e-334 
5.912567884001742940689025799669119216335079003409733560231055185362863961011840159744863450917928124612961531381665758185e-337 
2.719883984826206449571827765389010717300832225727591512035472684527771629706252512057534432248741330028058648109363567559e-339 
1.246798051627777339908165438119837300290707240531257065358065565065106128435885931580484928823557432711188980890537382203e-341 
5.695368232267865451538111276028136566617098581676625995223923962214474563429306789684478297019360165229254772926490528121e-344 
2.592601846783435962893103350085286742764064676058893631565543333522350642807948534096445626862910295933581823945102439683e-346 
1.176105923218138828098057087111802956674310248510281418221236732282920907538043954287559319013524037532196158548916720206e-348 
5.316940708594248645857281387199819367071039529524137556990740028887311302383688894206175142856597973801288265861713205260e-351 
2.395466210259882910163135898446061060370148885394350039452935191928691866387877208343110763128057595349780005847849425163e-353 
1.075571100264242436663756819460197701713628399528636686143461702175038981760493631245777190983713916925539878635258980415e-355 
4.813012013746108895561294201464487964192676295597414176102790908371273460799123235814922973102063122069605431567301616412e-358 
2.146502146307270291362784926575236932282116491619252439958668795276162349378633581518729326519290658024146418637926864229e-360 
9.540914337371090259281642197376866089803348223302203613896653846593354614058988170577878297825697729017850205132204761915e-363 
4.226691954969851772928970296070283652479802590138467468491464957284171934788805214970320422388332849496243766377543437490e-365 
1.866253728695797938537338962830845688148831762494550657876088725364460232112355799426631750466400776419516465576608881147e-367 
8.213112043086936324602108013220283199063646509349204978265862802507070963115984041657022420813252158523161565622096346669e-370 
3.602625932948112475204527079498127018033287124007931023632948116023768293003572983872354994465931687980323980441527908520e-372 
1.575115029962445229456013893796225834916054446980967413522060079165991836657505029526920960408884413506431183194312493678e-374 
6.864269095078950348224577944570101001254305804936097711506980260492940283664853525897917707400380819555264058257911208679e-377 
2.981758098760513985063691254264662929724226081682468629610234050802298625010324495279679170720092277184248066901063069264e-379 
1.291081573673440776125651608941194507852697928515992993451354192473234392187581323675367077858705585473404018181878259628e-381 
5.572436632541128040803749014772899575667750516120628016861381916316493065421278748340742792845141421316063412681227241169e-384 
2.397472934620372636373513560491695235946893156425790835231681429553725519837064560422798826445168372146411248762308659443e-386 
1.028220534677186638751495253572386764505384509780070550064810743662753648592474852773859588164021711418710402738591779902e-388 
4.395918315416094728476848584934981770006275827649750772541415598411451216064314292197305088388222031369246923308337841448e-391 
1.873486040131155524851836723992575267419633920389338536241302018079547258031735963459734200342816806348068165384490037405e-393 
7.959677515447836858997049384957921471416784521805412287593633687883353084462996528503926109964181548921792785012959638217e-396 
3.371252156371703924003641752536956630622919849379865367293918442718259736892121266394070990581164551607256914058412621716e-398 
1.423456754848911371907584751400602194880781785847139418735202536120558241827503800365133205433766358328768739538948204318e-400 
5.991851633985119895284415367541853603655439890385197456369033364291712223553368832903967374258863912223427876980912119724e-403 
2.514478637341421340223632341229897111471896537612282756369845851799555086118209756459716136151083812611113942281176841440e-405 
1.051989255216096332293638271339901300767812792681792354975877613745853143079720257753726370199946562106702179691068067548e-407 
4.387906641751852851799780068080381126880199495092604279176101526856263625335211673204787437261973359964550793780552821818e-410 
1.824703811752764604399681773911509415230746642371170922791500558860148408816366060709109089692864005259306606667650210479e-412 
7.565235455459760106491204653557626339652147910959581828465154635333616749804612842518136809164629204121791582298278094324e-415 
3.127185709684364600826125502893851032317105797134907486332521018431799504592720966581143732255246731984673413887470549662e-417 
1.288819430654788113553673216376615000035096391202366659425875986391443231797289396226827363029062910708823219533928946338e-419 
5.295946909892960070310925877564098156080025032294153043521012727933298666289933897388609489296213157982346039275061359794e-422 
2.169772626203700238043874252767211647192993718921715957996476073115860330827186885280545307198689218407618659656289127269e-424 
8.863591604780080615154278753967433400673908441361674707734214406566495211489978626225592512843239194213344045174271955021e-427 
3.610239016117339964730542297222840750152806956114428716086922033596690420565284408262355845031361167245826107789878741642e-429 
1.466218255191168828178104545356822352158144705658443579559438252649442434348346731230201489690222888023992083614024057905e-431 
5.937497332366663044243537610195091889982423769708374294805896049039072386676091477336021910430899094339776387521476591967e-434 
2.397485594526975037558272584468764807906921772553239059393437877233252123335066158233962443611643795677505537890923747974e-436 
9.652991908480367328637783075381827202302049038431740114645251352493162229333353757854608177958360434937050579537073926508e-439 
3.875491300547419654344648263766326293957197661617100021167944345907857834317699140412648474477911868857297707635839973377e-441 
1.551514931258001323680439811564861698431980443218738958340361150495656232452130327364108999295487207431198976963325514499e-443 
6.193768252039364309213843596830839115923109051747224745815682921596885043990577391008826303737932628954440907283812289991e-446 
2.465636914582067662010256517288342799015625046117728521978031839789051822413148226701731757223467699293367162205727808386e-448 
9.787771158359416189119965474527729438673176576741508151456943120660618385691103524265442675020633831205668571681193601266e-451 
3.874576901797510309926113563701534108058509082915961698619353019176468579297154152596700684331064453190794790718893260644e-453 
1.529522233144704982934945678305726912064669960928044930917526076978063914201509545921764889174390622203318494953688386818e-455 
6.021206522587987704102123933131649320223479112353145768523458792082828258780828934356717084039447481836487471977167597041e-458 
2.363810270806559466882652772690896053389826034094696491518750324316215314066317891264362886788829620867320995206748700166e-460 
9.254397874617050951197254219133574731735082001361413537934319535443611108707579782122245654267055648085926095760357158862e-463 
3.613226869491710484655549801433633213242362664784081482525418548037721361061704303435217609537640678607269805336971989532e-465 
1.406885698794159408703177648028348027191320571633546780092705771798581321134902981407381607636821188117054697773510060624e-467 
5.463159530434607338362453113023765498405522313999083783630999337344215323343328049094505292323241220784414867558647191545e-470 
2.115706180142774743565275293152138362276593466104316970525511056387904100093113628531827669390122211200840550695242856815e-472 
8.171430838284467343065133817769958428407093053682495137611092234901101018451244746526023464285751584398744948040015204423e-475 
3.147581487221529920557245998444290349330708685564020620999695492880058710378712062520749053843557776508387999324205756390e-477 
1.209196184691499503746735525978964821263854257658075913434198104364940604853071873695778199880758350912941002689567914968e-479 
4.632999148138876616870980908778409142253478284555612383364398495718512492728256308117094715356061212582121979865326148127e-482 
1.770427111989273263129274780673937394992301196997303044731047982180835606800530146515231770291166695736612909598256059832e-484 
6.747593872315806274442595268564490923539780866422630757157204922520860774887485054813054619165014201850076361895444067493e-487 
2.564953548246681128511266242944834478992809565856345891067994436160133918038991976205009644953902944669161989590472804178e-489 
9.724658382542782199337331469003526103567988164718332609257565508790556274201990477358198649815343140199457043656509472458e-492 
3.677376022926545873975994292059127457889526544819729241754601051685270288791303663167601597422494122077195728369039014671e-494 
1.386995592691161338577565371679036959509807704120259244997729323368951115444686040491180296972364862719286292081695394530e-496 
5.217830388093213189863483592685072011753339570875516103064774053307004558203221375566921613027217803856469807065439867857e-499 
1.957884705949920782026061622810147638945198458863402228746273441718506621573641554072827147642882057276993719797973562450e-501 
7.327755277419466471094249429134740982186146590981573371949393518243933662297901103265727387811259395840440180831298895994e-504 
2.735557564114830865187826754136316646753613137157610248798184829467243195940084199055698111601520784871943765739661935027e-506 
1.018629273676461886455638139585619819016975963630547272908221806395614286177037690440971301768065940181260965546829382016e-508 
3.783433822998202669202457015002248050469744167481317410076451355807334953986344427341379516032579088517884371760751661632e-511 
1.401716195097295730796563532760164188559842415901305234613853845964729234329870134269160119511854968748252630377425971436e-513 
5.180148758986046974691781820314946371301299956415131223516642889609012812993231726132018339769134680244275551774886809631e-516 
1.909575179385766752193982627808808931323037947751434251996377308981878443911742065446857101352490804526795347089119128907e-518 
7.021790107860024277162500490228924870543640947456385181856942006015669482051328039298026389478374869565623630171022551606e-521 
2.575607079351254247949609542691937806451853431084737150486383641758664050513231329216351731081562956060526428756268652622e-523 
9.424019130080680030687714746692711227385018584842504694160039423401251697795084349019610651066568371883218225763376575402e-526 
3.439707840557423768248241636720200606395616053356050112497997886354631612932242093543412491133162386942212760729196807742e-528 
1.252390706509809174122731682896437009980499641735098381297011799421537322307400497758339741140538563286609350579656950075e-530 
4.548780717362016728943422796961669531513553504593839107942926355051124315632991829980049907496054443354637825104342871592e-533 
1.648128324577743886155289273025863915185812516256242275956363727550693604174917144647230303357622058785173555897600704605e-535 
5.957058191490617788043462455270500462917036509910511804701718680726017458737340587070128386714339332905524712026204429267e-538 
2.147936161826844774612895282492293805066992461412525667809427568614410527123286442762594167828043124183398983202170280648e-540 
7.726156216287188850990000071219097303057194779558813059421807925651325323379173564119980748152963773185047220231399751047e-543 
2.772439252189248539607397118403056295008621949847563776191866231203659842072029346556716591669180140988465389839661898555e-545 
9.924779183500989088328049156642242606016203307568786919766960644610281472028382007735936588102781764747620959656072764894e-548 
3.544408089459462079635011875397355894217786598037380895533246970672173067878094091197470913927701401794412192511087253645e-550 
1.262799499253643916810193918564422117209932483465884705747630205664215465356234292400357275480990435060871881234135630737e-552 
4.488452503875571393867650977786071203853991929406080325861573797268486030326538630475917029324314552903347893997101723720e-555 
1.591600712800168860170091895738849948902173236895649155716353924403330114572270146892822173971765230319391401000988310719e-557 
5.630546555094792966044596536854911639626108980355007000903181970629119709091397508284283481267690832632055768866974855257e-560 
1.987236577115937765665698127843804682063848611242727339849276801593071602537378263718432926054428933242956082501955170918e-562 
6.997369464879516695249789041899411581303795399067204212511508473489567998933808829603919156135965839005564738323201345839e-565 
2.458158327127686468205424778586263329028469538767982078065157105568257192922935669599167138645057985493954273620082074069e-567 
8.615456283057884564663453408187418507860995993315956030994251275668468580818589555404616519038864465960307606970732190402e-570 
3.012615073372839047453049056254499030512820082443882139737240312389009114296828471180687451641310359669152538193405818799e-572 
1.051016312370741110161359186180192638072212383848569679716048356467943435969811323917421577793984796944350975664658995518e-574 
3.658299121559120589052271585105952824974067151566033107645581845663532519012487268727438500246548447525860465392064237475e-577 
1.270446502913803413552359408556377526652424996484696394459526374148838559046271243061376708224437745433463198010906558377e-579 
4.401942936790668508975423366970584255023706874162288819048735025376956776504660306755390296098867797286869569431452584428e-582 
1.521761914461071511382723516019984018610775480870954676051513530837497254507673753400655385003550710306687595798371060283e-584 
5.248880477180959823082946298854534798842042798125143857561238797928133748637710216403512661629945716416754930547494955354e-587 
1.806374098046401808554129563019070737766679702090657916546001811071546882265696458336866303846456127176929848736672911756e-589 
6.202590335120750628857564693244109446643251718423500020459862203407208131688162900632852551807144482973733051410102024264e-592 
2.125035594446427590408794235884844150667608812887963989663627605974263745902145254383786761215506093724635249481516419383e-594 
7.264242418917143833532678310699945615190347189391338302907474580569225151234081176201148594258820673063814443212198396356e-597 
2.477700074633620076575789165791244794799821812543947060629548138963965808919747412370239783052713914628883853857530942982e-599 
8.432273361206179608716666008504647108022422337346390407876481675577734112556350850652910253574465526498293001805602183419e-602 
2.863395837038392708344086863884143256939439332259376144522057830935291929795627769448757867728739109216768961535926061567e-604 
9.702018038767127565992072419589067864828822203353584153839070582028711543508949257125012360029294120220231779002202555186e-607 
3.280121482946973180222612429981365919295562581652847135715805302028871436758954585824341339572358804854422806391965531709e-609 
1.106542516512271881733202192253556586033698357777510908157848390794013199939612621142494625115743048576285208276151206979e-611 
3.724772482485351209242137532409628611700284351656073232280872402302588845606928582928030225494646814975971853762416132934e-614 
1.251088359787157083137228203186204621487627933622829458139252878816130867139114997552114356171473651211970567251365231399e-616 
4.193106606438199614605564644727716901667909437770414301827060194311480224752404024822061418284569599373004930900795759893e-619 
1.402318264234691060520433855769465863515444396573780815318228661285010350682517295839954907621811183776585236376852837421e-621 
4.679754812200301993751148314245595055024204180061230758865433589487914905697215576663667820134650020974888412099073457204e-624 
1.558362424718108195680691240386810582967155868016601571657286423718245779291271313941785403817516493155324934186068817625e-626 
5.178282167874484072618557485765278731336006656445542229877853935913912002944407732090352147890794013282186469412052973001e-629 
1.717029776772808151745591581552639633660411034313209872302458556440075658983474964016322113655096657917788730142152903383e-631 
5.681300865999572263699035699709257762481385169981360681648100161224689129439527850811808654439937748305940592293632030937e-634 
1.875851928930483937439403207768850172178422323800226888580951092728785650329545752978296982544292059472374432870184069168e-636 
6.180634460663442113872612867464578260301965036196956647201049260771937786108839760103330164209745113272091813246139542407e-639 
2.032142788262777042090486094300704915137979855209787954784463157485362301261769160258876795792464012082725567738414798678e-641 
6.667529347393951882468313962825782080291285897341677548041325777026474647964878246603119867772712062680891551204612918116e-644 
2.183072126153207163379475132567363761803215235515511708283792832646454733331388415130882331423985015159754233872789086993e-646 
7.132906414553883766666593911625240262597776374194319820685988266197269248185526851517110157391534893838081139154203935807e-649 
2.325750385438835287298067738050048636608201581349257732908703082171837844471111017620955337245961515899117029404053416712e-651 
7.567642962136005253302098372400546287476746012827371639173267938189348696679692938446305770785050672893998289360299465151e-654 
2.457321202378484577150565366635254380119015367346465403277124832872270167617573028729362795870298825986747177571310937354e-656 
7.962872636317233467756594239588634759169409782344800745618214410005686227336943487014428395140349061909277910748777682555e-659 
2.575057475766913253100391106780543758695904376567508477296009779991292108568770913079760178554888656297555228462293447836e-661 
8.310289465669690340441264748491657257427112870412704896469469598962821428000757848610962583909334885948371037556599770615e-664 
2.676456417379424012506939248606631072735389640083527553253201702816569603015607552520697528442140421266039840830910002426e-666 
8.602441260380572713635465798942674903030532053464132367430181372595057292486755454590218841381386702422611227173101554117e-669 
2.759328901777837137768302523795477273431903321753184508725327841992496413323401600822110533719640496451784004241083648104e-671 
8.832997739650538707619093882562380030828600714225506049261520083211554705157161286330246692342991666789292562600515393493e-674 
2.821878616775181092214521333861790339420568800768131542364921024745308805854775290661754649732765714933168089269998214937e-676 
8.996979802796939560505786619910461310816857331379956277008293064995540677713046321839817108391235683832060035865019446806e-679 
2.862766992347581770185620576000241357272747400929258303328345954151925216715659799006823058611942797916936693428229024469e-681 
9.090938299229840630549063322532576961117119918815049478831469853542377070239916609370881657649840606412870719629718731002e-684 