4.914688462307457068665691115190080037704526556596017543419941055601648191546361119868250249098446279537491608056122677997e-1 
1.112477474511269630860779683952015049807366743908607006446939783657113102794330517231213660103951447540245397320003521584e-2 
2.348266493255772588650250876422913501279029627245794210068092740884898191571228704831143834920001477527510173391136546667e-4 
4.672165562908716790456411114304975547189689391075906436509203481762396135978793813296537893919798389558814865679873815852e-6 
8.828812741805568900339557780563355753586253494463078078833338916743543566709606879228025782590663832645852821018280458946e-8 
1.593573226934603925152294285267990758783673616106693108610706443307963499253269539285857727807074478634806704012513611992e-9 
2.759672676739653598271421439617317410070797593277581436946596220142235736179227067084933565152980775082042742807137380821e-11 
4.601643653471356181036998158091648954907009050483353715486290521009653260517518862866477843351481502296637264891519708669e-13 
7.410028203903281809924398940695235911293755398272545836459631890230069252270054459020495674741925379393175333072940685091e-15 
1.155195947044089799265059838398606784492463721469391664744548512913501101473292840538535126649111805347635574059521296711e-16 
1.747191636689033046323872408397128204635261110240481195553151515103332551169906692312137849952538425505391238456801622230e-18 
2.568447626051743019733142807766155729690112224169839008993810721986604299631594987806049513014971777623575579300744019750e-20 
3.675722824891267787084620332166792905981223496781180434358955529345183021483066268170187714965468097263325089071387891392e-22 
5.128281896271650328219434066573115218333102455902198185408160929465511092454504823487676885300725917500616049605759400625e-24 
6.984027790716958505941268894862586873253291774526272745478781153794099342395346814290017113874929050439990323082869269414e-26 
9.294719845397016546981609698776882577092804870990391035661535470129071129990799748765622889055954056876217080510308886876e-28 
1.210058559051068075885127511050688126674579214682909682373801546337679681608750645055528622208066198608373030457717354554e-29 
1.542477045847154194360383737122286262314192243048895312184660988079314878887221939772462800124713012292805932259945334545e-31 
1.926816819685317064240851512341917727679654202160811406661808870909707550909825945725737707025557361291423144665163509647e-33 
2.360521610431013817523926175692011563230641683942413011066778436017855054248605844021751421371356454414357678948506151928e-35 
2.838121032390572463923630150672300630810775571857165708197852804227469893218169561371122715315547728624158661541611129962e-37 
3.351159415591462655529455658617186242878111659858331826832379418237823287051065977481521961237406921597849315433814762897e-39 
3.888350446150284632444420764720326594332016760135433096405857061319123655318163909739792287272258678292488969697463847466e-41 
4.435964578107141277453916299460354297182652700109039304239136283029824478601496445039081138401112365179606027251242089949e-43 
4.978432466810818159634492700471652021110633316971593264608709583566462907352414930636488559042292866377854312491698570211e-45 
5.499124779152734250709718632200870584639535392314364411588709555804299601229777748748006589082712818359434314780246844857e-47 
5.981249586823726880201672897385624897462079155748631971162342119361857802595212762328029090836641039270641778534927533634e-49 
6.408795575191184603519536899634927827040174190348560176799358251376465036755957393822245389587780168384765452023366217178e-51 
6.767444081130447639172289553836532486356607716835209274490289716550397748008235169797009520294106956880619627921062897316e-53 
7.045376028259635018279144157904280287754149269631269509984525266307043923569003955419401396983446709600469495912578441423e-55 
7.233910584201667547814215918615542669555441698302410755546151516839157749214379661368681601033482349701599615863635183520e-57 
7.327929288615450394575735228318318050860746984349481468006630908715890777919254636690964808389744740694814057340651778025e-59 
7.326060268345731289918822407531198146389623752200552969086265149249949919815103543675509011451032594124193652072062356084e-61 
7.230619401168804114399965188757862387290453760748323247203652905186851886512752208799736380377241537037110616016055744096e-63 
7.047326373952848148753026030759767245585412247709996937413433834149424660181685330231730499735116979822327922839351217104e-65 
6.784831323829256239450121793875285389067405650940001149829620149836701377947175320466247660952560757263449942666171430602e-67 
6.454100573928288519613767678191768755319924663253455642000896773711687106627507874261077433491824090933453362915599058417e-69 
6.067717036399378812900727486281956839122693744549467663068468709247873528137755457573428242441169432867598861824194685366e-71 
5.639152066315867336048937462065603736598855657898383164489292176393221122675870926713573856009549646012909649612318405577e-73 
5.182061489717191905169356799747397492817104657818256140618851702706343777367000453792655495939024019177394333530870547364e-75 
4.709650282303084910271020069910826694883568486315703039332592829471035802493478964058119812826125870477249617672277126955e-77 
4.234139329477151907459915216306082205888459626202263721720144124867256193626286290531708945300668020080702569562112318297e-79 
3.766355333370588984648922769170663957459802331329294635359859454693202510807243289889446070057948134979154734308022415940e-81 
3.315452633655581903984908542769728207975523658998043933536561897689074826560314366756558730821782864413606910989154728176e-83 
2.888764624858403467440295912979696121478178710731927376139358889396632251444353371124293004442763645599727624471844518906e-85 
2.491773407238785151769044959217694643327891120115136798538908620685370082135060183866677175500086460311752308395580615717e-87 
2.128179768296047814824671210916494799185425290921609905186269999059856995462666681348464482049877501030050733194903842223e-89 
1.800051685314460918037934859329994587473374908278010438082490635059290167549884811955851433058281411841420383147949459989e-91 
1.508028108077670882323234092258884650157674964160193891570447675692496540979725268791394554537449204598665324612091802850e-93 
1.251555457090887904380897763877360540474847679591459823612973423191012309871615651752062020403150666544120998007859267791e-95 
1.029136562228330624796498968603198353130400201256487271191137776088839349827284006482779886398929828285082649418692428078e-97 
8.385751286910383038264387357759457265873733490554783159185338614800403498209501300203053643263541731467467264579655097138e-100 
6.772027301561952042568203460526884965048092477765201752156225176241031958663946947377351407525513677681674348166347911229e-102 
5.420793399484106061419414181606611035899561897141378999672135999871029335209839666313653327796144652606401988587360152081e-104 
4.301621646001651210538456072806550395543383075680739396731557101374670502774305706771613572540925629004685042801780537903e-106 
3.384407941810906325018460345449577440439798362158143236360717306111033572993357263206582781802213061293058300704006646930e-108 
2.640392903078434673714998471838148964718506277575034759276173603114755895379802436108548146654054430148131916244928890602e-110 
2.042877484418072099635894332448473022859808875397957168541717664333793346044813626121521875048866904852850711865398554548e-112 
1.567671215011652615923214297183335055429418705237503092414968455001481241541798514431286966912241984255719215014559629377e-114 
1.193317535011767581358542421765421813495293363148019650112101563204467357975306922047602087479992801466315167695888458340e-116 
9.011425129503183574557477837415032693942835915090796969554344183265474916280325362638345927268880272246005180818921684089e-119 
6.751713755294368216817910740841460760159507666271200117339618548244759525530932625262202525302619306457886812240121741330e-121 
5.019529437162455017479190020570797957225802905602517564372796432761979348018141554299289805453304441169590453590466410171e-123 
3.703262747466557325971014029492412385462861229642096239761524393123884420650084034020967167521873501695761438291098316041e-125 
2.711574092547295243638316928661062592383855616393767802522310242755351232211094711569301601651242376615529063281111166023e-127 
1.970677644116986796745938977427759467861314498839966896981603474871084137450587138564177590492523289130938267444370111540e-129 
1.421698472649446261719427005618944749881449397221252312323725404939096609472793040481271731868278060432023091819135343745e-131 
1.018208602294406797753996761010700137207081377567734226778209828899477918437824319037727122250588982134137069318894724247e-133 
7.240056057543752767189830170329262174760379942145962913749348645268555588229669623274324119366910683694153395110007155291e-136 
5.111643540213204370370474082441709944337411128414927451443017353845731736642211768598113219454713143427334370426928356491e-138 
3.583680448857314103965134404955517108363267456894456375182794925564339573974512284183067113485344341956813544446748201579e-140 
2.495076071622749343847728052935582638979943423958738809740613749442012438929562725617117157316697742657478006642554463395e-142 
1.725277433398031936735658888001713281071678504367330596852351435719150204821981558121354536372709061633985491004274813702e-144 
1.184919175604712268057845604038094903172875295561082186613851218161320218071004323047917998594968395030201548826052692053e-146 
8.083628341691363315117077792157441804199586189260305753699153926563971282611176633794751150826777873425152841387531358585e-149 
5.478279428714531950044008448337706394187861254902452952319730383847687648231916569014236519801890407083688507128097652732e-151 
3.688365156578142372788214233388677810184729522167914511957990587876320110668418217025037516791835282550451149068839702973e-153 
2.467211938495087838790062270875890942545060811299253477786656357020596854152828235842063363210895807386174511276156126406e-155 
1.639804410906662695214927469234173086226854898783058344333127220085849574145579243025070747245992780557720002727999203207e-157 
1.082979508824375273088835432558708494812810265976262089884063722826209448765102523164788968540103007505389399576459900584e-159 
7.107549987473958339908574745523513983480825297510993474416468387176544593952402818170938857923421019163664433967041703479e-162 
4.635743161310347111781691562387448494158315994468800105214632326103396536349731594646393223092704481338228962250920944840e-164 
3.005012099057939707443751793470898490536343722551686597859771753532141807416377551622679918705372879631573838758146043661e-166 
1.936099009612855176687142612085717452513276335440133009158586328437503431227443868703093978155514007340962457069515024723e-168 
1.239909171317797355663571780037011541268633262187445243860686367616267864788054883837129378761903936189041362213167448998e-170 
7.893308788752358343291228863855316203412585135100557025434587426864613186940073110237089747902756718993620065906492169405e-173 
4.995289097723734398566612583086201890087528699073062062973681811859633665267310616143871624906939052662251865980124012523e-175 
3.142818936556607477627030331415686704053830311768306925230617584440572423359090713518835687727948875436078103227463826789e-177 
1.965892089766289924442623662420581823357220573101154813157434326313947175929033754017390129364622846211003411403690664320e-179 
1.222659322680121682463841857861815033718950629528106299066939654211472105502806752321275133012269562604303163150499513801e-181 
7.561015845712082922372597737584863603827073357382758133226195892765821454782676322576617813227594146789677933443784748870e-184 
4.649504709695747625869868867645170915048657163039241477901376792765555851107306051654049840246559830069837349821032945276e-186 
2.843201327383134152071670712804086468045200655075709063909481407179868218739527444245100715768943863064966630467849582134e-188 
1.729039833264993453973851607650170346105624287018693812585129415863722405131176366374009345968251515183325734630783643488e-190 
1.045732283209782660636064615234874775288210542292248966149383996744396652503557084104271513061985904079336106042950363777e-192 
6.290358890079999266632457277711521265529221275235426221251431796554267185354844985496050668408675249735072885134276829716e-195 
3.763488472912129948098687095970634788399299777150725048257825268166365611303990517693995727280573468949988932870572541738e-197 
2.239682690639027646993160826104651973639989649063066107721918518761069400087409858340382598914648265750317161178065395079e-199 
1.325815956996725100498590981538847238366090596909351239942287111748261080824522268016665800893670098200463810465059989746e-201 
7.807294802424475073654453309204458191734799480972444358795760081846463168308360971511497369401437639681792499438742350300e-204 
4.573597006428887486659348719436221999414095807628518200000040159090567844059594337370145974944808785026862766492397462682e-206 
2.665472694943324651906790598472604235259144087456204803025212058389055716085960453920891181948531290109221833138346597316e-208 
1.545497548357690592515759833563014481167450681286130723579340717695172588178514670561823347004593191779637221355150152295e-210 
8.915763293480770011972253802640104937892253837351645327234750790238427948866466525747614411514656322014584232413712706197e-213 
5.117559920314422729037465560987933129200040093777381949765969246536435217873641916727530046649824050285108712540590535196e-215 
2.922801370595003502038130235541250962480745554967887871564349741644843598420786557599044440022656940998998157259501502998e-217 
1.661059115772049672103432439638314041789349376745966598690194190971062701407435050986189189911046339520288585478953698377e-219 
9.393716838155918650611228164080675865172948320010110768426162884336269531489165659014869466767644370903260093887059846690e-222 
5.286561795649456077066516310608532585198530729323246728466983098929203451315187793390635466883372085552187307632746909017e-224 
2.960801138053395547216669951424172272175046056475663206935067500333838393020330957913689505847700549555090109885458968763e-226 
1.650294971368968837857961369130232029985121196246915018578669578202492878986409938524576097326805471908293011997566171571e-228 
9.154748007354992506121844597557480098219382302812515436463471104944558008936155167825582021083506093513934170733948518602e-231 
5.054515176143155195212843036986851100291748698828154260193382253043396382581392273540673165445609256860577419804620817564e-233 
2.777643259162771550488970860732579697593433737322877521889517834831511878961250479775804323210770006307504318677144570106e-235 
1.519331688394545064819110294394303810239492447572134789925824759676657896357319108650321611881950016050974614459375884932e-237 
8.272236939316850481236475237166887153070157903686670988629678704619343501781414985245644386596117868123023999496874670627e-240 
4.483347644294029185242987607436308431526145068589067117557490046508684757688801872201772441811916717619007427945054587266e-242 
2.418831188344269735209120421643033335479603099879776396221512149109647509313469673937009920426871887348704360338224376659e-244 
1.299112572379908457294573600567561645573043186334276840398479887305572545107164826797578268273354939204338098649293176952e-246 
6.946087740082145076499106400440061121624965624030112187435532374372935940702323881902955780466689615451321073056430709153e-249 
3.697429951971573512698870309771381953194870042430748832286764504749857305158277723836176048927016973692439248952850648431e-251 
1.959474455457479791937290731931068899061579868399381497078865077174164349677890521305639139561660865781670567961476409504e-253 
1.033886262935023885170043674143994045864241244276945219092785980383655043119065850143027433430160397971338635401479135524e-255 
5.431412395315242318604914974057398016489965648691551002891614599803595243595123185147937605574021119341423318062645821614e-258 
2.841010258697080072421305398899014189168986379984266445084132420621986760691235852322796092727148945448383415762137988900e-260 
1.479673162485056584533013618840586452714926000878716194595145387503396430069174537371094346825849171942562830126671474842e-262 
7.673695136110763560841609248546743514528694644518910381228547801540866250837657337659934294589525330850603668544566168587e-265 
3.962795224960227131469465227631334936635871894792144781698728053737343870823763358149625050493239460831166450703107412210e-267 
2.037837188972239363055129222752032057229142582104327583672975530323872363618945212533739752816133504439742362207941517961e-269 
1.043567012644008844387107889358924161824144879276223667446855752715456593798491178955227381275383276574172575203132061410e-271 
5.321894748484763379945161061878511692302519484967409896283379513707783626872702123766889191714122301129088827024098568308e-274 
2.702832958632635029736641376880423757151534309463943382721922619382458476393932585830285512511681754640358479272196962529e-276 
1.367070338218571453461213247561458290552444744294320704065883720088729283982616493238919152824812250791814651293128226574e-278 
6.886409228146068469148377745358141180688982120897429436484185228874919058779561784486164301616165110630891393263715430764e-281 
3.454908369793374328698992780594177109480753642844022690175231356616264156412828899321290633705643548095231880233907749621e-283 
1.726367504714848591975768474628660436899542796585401521979567342045723905691765101332250098166278844258189260014122639638e-285 
8.591996823137070345685183733845406794392587622829259877584486629849054783866988872679691121041071335991357475694929377813e-288 
4.259220016010927519145162035780047516933913505614045273086608387395851658313466648050517558936846007039755817531260609973e-290 
2.103061560048185022734464161554697146807966326722092472394377457075470739599014350961882005136488531698644483257640999656e-292 
1.034357171969394150915815594641908830090803468237127903533569677099009946375764484202457578119514154364693521995335243346e-294 
5.067529210004241858677957599974579296136211858860954006928261148044255435461631422495661328590836564584834784283935103930e-297 
2.473088131842314643865923275854887304569781409975995254537466158331892595234004241671323179356962899349903169971744419120e-299 
1.202294362591569794743467454620396369750845953017295040245247387025047229088295417040616734212562417282876280635969647744e-301 
5.822641687089984017655669902651586541907885007220984317641287112698533539056041216139141981198259647661766728459847155727e-304 
2.809165857770013326875330994625555735204378932141282938003556071079866184242164202910620646421239145820145374198994136767e-306 
1.350183068422541390235028565884286940865769954471437975606732850869667352987852973790348633376771544959763278340438819631e-308 
6.465106288225134348489330042423111917285535933016367629079184605128972636247556819314212596875448157951702223955787128698e-311 
3.084154110579339889221730878308270831900045615517549566290368639299291884151432772401200321802614500268834749606923372031e-313 
1.465829301307514721355350406947188014559744223605026709746291557707490735943679187552712185042813686109540898763659210692e-315 
6.941080357389156977265875366254198120397235752529824627057358262521323658577122061000033012909884772066022896104985472489e-318 
3.274736773761406921564972721282983539760799159329522962942060459997600521699374794240330213992995496535538288161943361927e-320 
1.539361304765497600832795730794848212926783676453710766779958062044782475502361878406192015418305967240247104601845509224e-322 
7.209890374779093341490031035489238736535706951274309789503144093133080761199466486414504680771828798701355926135323616911e-325 
3.364725656686808234853993180061972311574028545088557049383837922752737425683487348120064817394465885611108872326883675392e-327 
1.564632796890731313586489915615155379358421940860546506439777920569804095165948853898892945197177008432874406174955024582e-329 
7.249795146762986456756345547930404843343822288072226794287218001840187164693344274923961584043747993987912337419432952980e-332 
3.347327760348557062484624837545554166045579452690701321704046153986973277913321394469458037077735394677353603148337501473e-334 
1.540063058711674182140530484377255417707520875110227083126093892895815291753229566383532211395843809223099364172675197088e-336 
7.060817578095971730994269233140657165226174377731807254286781864335720078863570261029589969985643831810096302865364144749e-339 
3.225938386042341760542169040208252108475578347753785813118616880157957995746304124030447408828274562870386952232758455800e-341 
1.468757189087326671032536755572990536895018209629855135497755275818446046725062858612252574560582670986301484908115763260e-343 
6.664153308401191522710738586732544689012617212449141169137752431239132054071395915682316328705163324238586689743038532841e-346 
3.013346514371497379872330452230387934251010032356699820781686594917340388028628185247461895730749880916082529454275305213e-348 
1.357907815274435258249272475081418979243137731926370946953452952017302885640922259084043346596528457978784589049994392928e-350 
6.098408640200313101865758291941508533732919052164723670967268750095582459070328483081254781837069124496870215586235311699e-353 
2.729578546406379878346625146565732951324470306538008319249695424159237291759264592749183289930284712106505025594449803301e-355 
1.217629725785272639783423572389533142343313567417893727377699844307410348766237206040626550047774210280836308996025265932e-357 
5.413561900157037814989450850913266882686821211872292901373877626553834628177887322989334365796359611452122009841106822557e-360 
2.398870234013078760614943137756778017920455656145145461738370381321562458566222359379940763222676644921638437222157269642e-362 
1.059482213705424345682325319655586388081595364928039182637756212276910284398230385874927114437055590805489972974279922962e-364 
4.663921726329215019872460608726340772988010518079099410603531778693718674188366432584759692097093614637656828388235921197e-367 
2.046382565482331698516380233453001817166746702658962714695547011276227175498950121344375691020010188348734006933474918608e-369 
8.949682681859713012923975012138872776387476439273098879854544070844127127077207044875838402461667811889142590294069383149e-372 
3.901403348515814344026235344531179411826710318003491571148499517886976051194135900768639697730453944727365868090795708671e-374 
1.695249267786268383228141533113382517311649562188893363664436173492730998562086447343656800903299580591111883719527392118e-376 
7.342649464816668914454996599445885859358953911600562105619438650210192574857258008802493113110917248072636189432383321293e-379 
3.170191440517414093439785844037089495661552237239808350848973645467496550701375677616955991317793699037219367440075551953e-381 
1.364389975654158358687967992213222519455689199718581474317634771316898841992563357924478174574234725807234780003408939403e-383 
5.853541367602121709393546313593712196474169385429171671775877384136797610390172726866817656104851097505592015444967016999e-386 
2.503414359465873747694713024976318525196734790878570482312900366693671794125360193819816841858961764185843473283930655674e-388 
1.067302008529369778330492785177168136019079744881753706331130114743236879306255964023069497050325852795589525860600720181e-390 
4.536167191301466772728944789486389145878110422366785664897291248114921879443697424800388521376750828882357694587979512008e-393 
1.921960465105733592536798063091092307138241001925282220877270667316577810878025861652197915564601554619137653986341412456e-395 
8.118204430617582123237344489673508906835150521632345366826411140907749397510202125346062826379655098362167526425568091097e-398 
3.418550937626390688960020078960069122670783067749057507809615651770541988577911120893538421104439347674300858977493677707e-400 
1.435149038752108657156857320928263763225833077617782167927649912488855959531616478828396107425347445215123087853539068030e-402 
6.006633120716679845020472430339676969965348159518560443033340405745233132538210471095977620486668277143611935663903794671e-405 
2.506401120193236663294414856750632771554177216208629997002779369699310819471742574807883353676703174020317016486446669714e-407 
1.042705265812615081548044698673103932505665302506226690684679284988718227912243033278132180587957780211419750746057516923e-409 
4.324841274236306724572555401823473857789833099845841584004325579935341763031347613643035655970668244500927825702363047991e-412 
1.788473172864989373020668018082906383947066332405677869622263421855296317648330021995622297764898947555623343567661737325e-414 
7.374020068612355730597599787162755160470323907366083809933674808329265656084177593450725049329556875679136107336048675740e-417 
3.031389546152419788689901350592099673975737058347983610633463973623301072247672112162469615396946956440148086112090443094e-419 
1.242512006790998602791264628709734777601503527082598275371538300981367098631808530206049594505059210066732730691808834203e-421 
5.077929421483485121476328607823638026580372784016342856756023452306783839956914633213838743050089264768435255779991710638e-424 
2.069215394170743965255592346957816306282715996496718505894396409123503861637659959210818890826187358488149578890220464145e-426 
8.407433005050082292312153646410515665526226363571007925120998876077123009955032909256551694047085005647782674577108171975e-429 
3.406163185520167795296512244793329756908523609366027206021478734372473969917584338643049876951430019854088192139108765166e-431 
1.375996728008753107505635326205038803841822891275821148457745099717651949007046743625605617237351040687639669801760713830e-433 
5.542743858754063171231601842485825692340034913680342700785693039746350973551031785772281990920790145656868325772730702259e-436 
2.226348601804946523439953062160221728013343267132124587906889274625240156674960550907377576551731525329181796924997278090e-438 
8.917187856324664052848437640787217170338341089415206394067427521435492922357458369924271314623719278990996814423788137024e-441 
3.561512292621953457886966142823876690020345786835475247343312771638323883566421414097261149535587243997142534262906564147e-443 
1.418463305949765993860935791772190419258348209744332333127997164414652338076172192591941297697812514045166656536778861414e-445 
5.633576351499435554595976069453392148022089052603763998414306244798686494104822596872917602097770511009594370986087684068e-448 
2.231197077698536639238452398123613614347199657571355439685317592231804132825170736755853515503927697264576629950611821935e-450 
8.812204145961141700175990326968750518666348831365255858805399429073034643786990687710570787123353636030025579973232503363e-453 
3.470796817166173089804183875534764464367168475292842545287550986605661997751676386985267794777046923943815342316455797071e-455 
1.363254575864674950850254599779673266835259244170565545561018313726162573843776354905733262848260771991006271919325819004e-457 
5.339897665203587593244871444676608719390490607630893464980760838106622325758131303413191146200963020014413447774646371323e-460 
2.085941479850096321227531477032589097123963076272933466894865572155038525929446507672989331247441920078296157468288617564e-462 
8.126237259659052879457027679037081498351016107925691692982497972323139480808720305799709122990664975097643227815856113587e-465 
3.157184777791400982046905054221874281690491379985130265369881196157788172661805932969796455072060710599647367154458873919e-467 
1.223315606595406166380966790310219240234027754862207175354588527780872608446815724012899197132269469314108483425695961578e-469 
4.727264409412385976794855227435222253620438047962758880132569603301417818470049079143960451588405703922307032089739491542e-472 
1.821876526851033245225708494723168365497421600564820055413463943400837662993528466782215943062974114378838037751671858830e-474 
7.002778986591544739595587951272012725674320528144963772615192248087318137737494536118978010348189377893907701982165539351e-477 
2.684534919796632284174774501145233979626898558091666308827003675176964788466867225652266121419802720809888531436481542306e-479 
1.026406841737085659973890659275751264469198962281862996085377795017235727442385371805854315281832633951616733116144878159e-481 
3.914051246012628969278257769480897740485312867725088967453022011361859592499995342967556998088404794943610539681866956191e-484 
1.488656752819953761474630972918287614426917277423719920687560924778812032253060400715185266113603812305478885006018765949e-486 
5.647136679897839251715322751213512640354520647536083967462886469776269900159882918724332515659284188297485968337717970511e-489 
2.136644258195871969434107711763447692659389263697615427028299141786182649405114355155419813894838965848694004385486607116e-491 
8.063263027933021471226211607045846808194988361459678044005130043345396456296674165074754280663109369664692896620697293430e-494 
3.035069047063145269849651185051217414652059145512435365721367342687487900071128602204437645226062521886554673711048063896e-496 
1.139488339301192635775374376353817169188510246676056804990500351878687127764987447879705156413580057028671374201918541838e-498 
4.267162080719268751114164265069264361655251611628937863120740728799784177593125986826470347293184829512765951572474797181e-501 
1.593898583068815139064475646285426768984713866227402718969764931189677683199013510156799909151442505258308884520079833172e-503 
5.938528348703165061032300483106105088665515620271635057006274122246095056934405969057616399542666380903187327692462122433e-506 
2.206977293856807113166749610974067061496681194997575452490840568237050218216257829929626099199485084075198788448120447858e-508 
8.181294400442544205738703061285989395813208947859548321863916796752905169020905943009397596818664617206950215810461416400e-511 
3.025209885338552291705642268317599934092268597224227230513898974216754324891686326469142128711065518388529887466913601511e-513 
1.115841503515664467869156924554024657207016498771489508161003619728674761497572857198710605873754708320280042239714270566e-515 
4.105510466878957993567874712577487622087469848102484128643662291238885116795545990281561947187014050967781974961182712937e-518 
1.506792949311392855159458401517151001343874324577115457017295522442878449384390126785012899680417648554875788469447698432e-520 
5.516528111758475112094344279745023955372190803207292028476381138829756050807090389854935505468658096766740206208452210979e-523 
2.014688829207379836651744596240976721548288739805568717387850993076386440957708754665258523061040211949145074998930012908e-525 
7.339796550176021357093177299864942723931171227491904337052634831549557720719434856293782436849281549520789025881445941330e-528 
2.667460207935514969970369419207480122840820555150564882396408989036583725290512114936796859338339289733590353802282668823e-530 
9.670606528827688411714588869752307409670871942240523450025706776831956047375275288993500068762461442765238011692057669158e-533 
3.497479965835224778668277519232202593991759031503332903030595705189213437047903723739221416785208735908142875482110646216e-535 
1.261846151926135816646676541487840747398430990486906469568782273750203977578209067991888950312976167242875305043714553018e-537 
4.541623119768365501705128928074395877755913146974850672574256432817063631751684564384067520104648877373688393273257910966e-540 
1.630696433802819770337636436969651793251403390942496586222545259542422362523062573409351889754839295681449474416434292324e-542 
5.841122299835215238674017717126972846647656899156982821099969684611822604229504994457112203610168945996383707339516555512e-545 
2.087297731759552338974119512695896523867074275456106181778839614881225494799848041104173033579469293954650195882651546007e-547 
7.441169085731204970270169835528122480121759543476371867627626723394505243929218887588817133492844903344491452371525011048e-550 
2.646490466751054837458378942030206273356914774046281759516367323866230212511612093653712551068555630186951263412967816904e-552 
9.390215827272149789512807833781593457448005400380827701411474794858210222715430500062733134331915447581780973565161353725e-555 
3.323996499669910501451095776693053858769244333669003985319893715800000317075082880019464292188248336064305468598200015942e-557 
1.173894101886082270284007867529237723853969208757548040001910841608647277376937338096051671950930653648070364295421818614e-559 
4.136035637496367427902478738982919583264687346639578506243533592601627060915199071745017521426141752339921165593334367234e-562 
1.453885467327669671649852903639803289141271506055548004647333469992949123424590824408000737944625853855915738460827620047e-564 
5.098826653165523617739337824098779354743789468787867489525756485361911523736767011566897334306599378340257048706534856563e-567 
1.784053848133949840723466097777248801774458230121598704779095479852290781498609750858354234255316424264376299891463232563e-569 
6.227974623674288048261352756643373093293835771625104655451064557705420432313363744611502070821032800081810136523880724260e-572 
2.169153842637513983800038077589424121094615677850552359796569066742105991695831284469890006383634915180359972574573871066e-574 
7.537754243992253329368814403205031654179709832368665181655556714257793747161395930726128729076547625104606849602334816424e-577 
2.613395400512121303595797205205921498069201519813252689440208426631810890407143988281920515574282045222680821175199258684e-579 
9.040307554095726507698799534761944027753732839754523980939861710277717906990588206446773410345312971499261657379171172293e-582 
3.120179682090952541890737655189619068052673080604481062639652628270303010863721195700044932200424491064436305225443852338e-584 
1.074478367903713628080109795569130663257085169464053642895194086389936063944359870588184720441329932771017074273903543943e-586 
3.691822010842571466198301720483293069136749139131903811330240866028576098363291975672246395621223954686407393674147668088e-589 
1.265645704494583647990878747781499948559026171241895210064260011846286558353456702217421967666048725896881771956639718302e-591 
4.329274739230836558167062086705723133268238298730660532022769116859517471654894113986847112112585257126787442885165214858e-594 
1.477586831934508815259575937123279229301974455432888905515720007803002366079765836141645256936346146735375803913173784761e-596 
5.031865043262172717531967914766723616065011662868116479726780962601181782853430956162792090576593483955187769650053668719e-599 
1.709803821970756718802653123821824781190784140767437425861561123178389369561726854028900580418502064466596418371018495652e-601 
5.797064133123351231409161064535500761079532518549839008613864800288392839671458338587634336289019153256188538762470828529e-604 
1.961180756713887893844196269440035380998200056771490266917638857431564358783801243286305092360022571941388024629357114674e-606 
6.620304888024769997849295536792343904711401046710746903011935302477921366825502571021764858999481662663304468117180331640e-609 
2.229935688111268958326838778200566869748654135106558172884776404155875273432425466416617788329434482283130572139593810529e-611 
7.494864315520018573845439403730134839993879320589742955068328845529920998000874596415934577182677657029546997979306871893e-614 
2.513595496627918956589015431602258147003530162744779194543005242953771064334994527030776077000056388596448514128019587532e-616 
8.411825397274192041352075902263468984494253573027597683178573523538972190773177112152574964973868908186064710669575392091e-619 
2.808997815439069782637017578631291311765377551876003051430717176518781187108635713591147355396611918836754485974190764794e-621 
9.360129807074004329377237492292317126422173984974802906702615139799515694130133215285483148482767027125309745022477499302e-624 
3.112323027481535911893087715629779067954619124827618290360499665410299077038025977654188654118423311569693658129400708346e-626 
1.032672877150181935622565066566428324928851674392295647239221844375513838403811146635167902359407187143587472857553743306e-628 
3.419157852024573215647929911887265163087287686591824911879028632497720513621486718090218305439634052791566135488982294858e-631 
1.129683419590924889751936988972986773470155906243609651607526797670619136749333626083779228237289536903616054858115024638e-633 
3.724590296649304946812286568347915324497366041229087324322954590551554888218403932868992573460051676398954272021949013939e-636 
1.225426640410198174591264743315403032677886570884476942487009910358301330513981458642395586914296257922568236594109347907e-638 
4.023333869975690629857701500417920269505766177680296151598391900264102692909427158309295330069591213911410741598525955752e-641 
1.318188882492685748047952676228552616027169603096479768461551020998533446228448476022665436852981195502588076280092229736e-643 
4.309877061284649224376774128856724803349568682694293474684150836320567813519725706790800622426036695413426132021951049360e-646 
1.406211413831991854506380731433728643864295668685294952844043852324837617264953931818921399587788558217261244138768748319e-648 
4.578652336805305292175312852870604395763472356575385264250127382431759315114331400166072509001091512742293752505855872661e-651 
1.487746121664809769424155610433359881220341590441669899097455368237799514336189127937233122684419615522710983197789857720e-653 
4.824217418406411222801626723680099090178374583026417966338573089866095196989415948738318670772291174193680584744566126300e-656 
1.561113808737207759993460793828551399184502474280787296751034420663408678934884162541511886351548812150329422858839455455e-658 
5.041440523601402662434306886240873857701645432834777257782527486800591362900272807721937656394681417854151443834953467189e-661 
1.624762345730298028131837899294598235164555338576089850491060395626429618113359153328722020225107802719781080659879812241e-663 
5.225680654382772136359413236963234880770215404969082912282683499266843573442957718321639350564714765409251007477346379412e-666 
1.677321833335356935016898316946855188468507252109489270198993808817981082506666658833781703237106204683217181318548153266e-668 
5.372953988226638832905470427164975582371943109379504876264387586961049784610434585002680806349332636261871420798521654303e-671 
1.717654007884218803838633245824071471288142736032371325310031317502759449774855414144257056331296870750692258300526740179e-673 
5.480077966365099698168639269559811221613013840783248669535177117875886599953919693426391668932304833155718827453789091409e-676 
1.744893384519461446687943820396454631049125279310088045001761732496926217352097813067356570798110771384741289262181435940e-678 
5.544785765116840136785778430041049257232663370040927937448950144008542936279934364652236930312198574662877412259055960033e-681 
1.758478055981060028712273853056648054613317015211223305227494084572760660588625782418657602042936950355667162892248983409e-683