-1.815481079737664103685694770463642445615728223030361252836747702782433587108692909446217756206515669534059365937972363637e-30 
1.370503450792445818161415815407382236647555902817217310659827452615270531899870674315084675327964980571903771664986327520e-32 
7.722594532258061607711228813102303652798523469174158350714927691705985797986634818391141713474792521489865111799109111377e-34 
6.108581247499846307197005883560389991106300185127849760099277363076751498657028258292924983478236938990628945911309227503e-36 
-1.113165013863730459590814865408626210281699356080075499599931992474870268396485086989873405806867751285199700279872133818e-38 
-6.132811935651054058718502166905203756551789786487026370866427481206420552678377313751279329868160912952724155287275601042e-40 
-5.109343096650572756081107086491049203242560093589446386988801276212959732377441941230221481088774753584155243500771607658e-42 
-4.968350262476335591857417035745733861364381116141450833311137784272243632953476735190197638529184644659072470536856190538e-45 
2.971769245639444837360549598015910522031256491325322380193988449321984547234600488176715787369509533863282144077706298166e-46 
2.934978942001941083955063131099004157097189664963668049307817733588928376871579775829701677603417160375565549139230119916e-48 
5.719976057480358560566436903335390156471091378286598053998195646423924687804215274667353893905978953489384407539778158740e-51 
-1.486033991192248480273021239557923841217096360994634627925219557413011562762706320347754198230376289074918473689721842943e-52 
-1.713074026121950850081105174964205471427055256795240728116579609209126619462255790769783901819589054393047061106556689089e-54 
-5.197477795696844636736039818608539044878570799406294108328725862127983306356384524442016518779948373613941275270245460825e-57 
7.084983205869794678014915147040161424885879163330922042365391533948000073070077116338303439905881850266792298639992068504e-59 
1.007492564117343412093337738942150829304076424717311083691641743841816203284698306734017169785962040639754295653230478617e-60 
4.387405347705847080725499653143808095668787096494611033195815856025344507971036097574425760787810042703724205364799844156e-63 
-2.924954522958198746516097092877036144451868012745043588752101172210261850478919367927706069038651554296507101748091004911e-65 
-5.814970735075050070847609788599741783458210137709279806225931285354870030383931093936080148458017118983507417762915106762e-67 
-3.470293171562757233216239033244111896862047587760249634590072767268018724029047413241591490071576411510174705606077473212e-69 
7.602677874897680495174745074922028748027313111856716277478669148228989192287847849851708994932932560489075487413078630491e-72 
3.176228164433425303037916119698581091659987824263081116004825086654237403642721580449434025980577125498711553028089258065e-73 
2.555546228132690841438731503099599191987016298720091670109970736892858415696161752241417988333903408580019574000025489698e-75 
2.617146355421394097386602092320964454587447370667338493480726199301627764183001132188273894943446529827581742818200130870e-78 
-1.553384151685180801631909172370677787498272748638688057827527256947966938023477984790676949153461455677898488743219821864e-79 
-1.736236715601115627319799607183462959834148078325515429998325526711853766948033425017728593716985227108078052492498394837e-81 
-6.394624732760763540910756378235067739778998247132174543790270043107255552142149678317065728725254607882303028194134208030e-84 
5.923052074071159162162994829128467671471170914821496429555126451226121350853007060522104198937186982838078420606473167785e-86 
1.063880912819640630195618857629773998310198466270481294038066228652048774047651444857400731221689710714185291375170698685e-87 
6.711533703981654467547372355407787823080997550027550605470102215287135749026290924781664721545474265352198360268042806202e-90 
-6.884988619161498006630177284097156286414651269830029745435141246001208148595756479012271392802392187198369161301966412327e-93 
-5.567194135958824325056953290341651221741044235139694105258108704018494734486402412966008141225463606247977189407900156626e-94 
-5.378758461532725378806937518541895509693031414694144112925206983743675128047677066039356213009747068568061300512432566042e-96 
-1.682896671614452502185490600019149642172231910676162968113479587773469779681276056918057537622242779293890267896263800382e-98 
2.108444888185546688986076364376180268922335734916188499814968005992873218615463789512145161109471579997804796320385622780e-100 
3.505876889333370562727260249988373520720940197027085314065912299194752519536998186096902700868889429271432464143350105088e-102 
2.276485086533425740177602602319944215786926169142725973053501991480229299000304586985972776886263632862243728447295565929e-104 
-7.127647386926941675804063785755464556119720817114010844620846246996098968983823467736925754297815080860576633520680328437e-108 
-1.751359221012715570545321051639507082538219054367314800488354364332812277972895666136158621637157298886452774618931083049e-108 
-1.898849541913653636726782344881662267637172336336754512673010340347142309922620094175655855367041945875012377760887752709e-110 
-8.386610780978533184737551944015094202200411081932094447864703897449143818027397003157704181939411039187095101476610212514e-113 
4.567146659229214117908346824201584940314379979126643561007695417754839349779052810853030392797564138361295644250580170392e-115 
1.142568224221540484375055076571541386773430327291038997061347500103824443468844672280721469031032298406661626081433924127e-116 
9.719706562896350240777061449410366241031082427106968428446992525922537334847855212972282181167595207133812443156511206341e-119 
2.723357278879786534060384790618350707140703872518041940245328709995256904905986863702137219225875590180096561659726786330e-121 
-4.089680624299553671182406000150530046291055471029744143430614698912022370327424109561378113872347660992100150809660862533e-123 
-6.838299942516015159166845823848811495509603470735414952372326060689478385235885484546985335151161851387143479977818777092e-125 
-5.012113860145908171265528861662753702239309741825103151120323085616602264531440773655347201966993628346314005406551557541e-127 
-8.211889906301014307226067577628835431133461889867238768770383867249416494763297265166552455199333346479912929528086609514e-130 
2.795424264542819435216480264591107054734344621179781586469506122218654283723385185930715671546430817696243196788488544141e-131 
3.996195583983672930670947520029768360448745858483703927125982293168405557576392309712120265809101591469108193854563757173e-133 
2.741604703627559531198061532373115521564669541384528707234730571592772799760119711258380368291320801810289721475670288104e-135 
3.227519247441196438183958925211056353504083533904578902463392423401417348094315492905064027323037204214097131854409848816e-138 
-1.688677927172133527564654969221965504025901470832117665924647049920902702771292092024444500526250028104126875191948790437e-139 
-2.343209849697266523780855830072187613051823491658805821303932306612264993311884099323160254288995956658164675109499717925e-141 
-1.638845277850263292906418195614179962875186758835386605850371565270295854514204624985091005221840878475923186938382807617e-143 
-2.677618005439595552832062337320248818846785633286324147600104183893739992185737168214191694999140687405019152638562364868e-146 
9.192171261569141704641516451651535603583305773993012511364817031482732503031800289495766165782902002079155872228917710200e-148 
1.379296457818545259190966740492323463232896354707648572802452191176719100887922245062291423642758392323054568961417221646e-149 
1.063220862227730819172231281593238666026035494250373891574464540457708742101124746414420625570659462676669685145551497250e-151 
3.090258086054272257312988870161383117365800726835926692340931602087923820362140577087197379838156707592131106858297461029e-154 
-4.213709138399173786333673455948556768359647391917309404082570024179803331861541696313247208790128445962409006029795295293e-156 
-7.923740073648870749964969287190024707009682585559498820985551980443190615746052017572596628647281012759175671460238029455e-158 
-7.177622070485488641434716113767006708997886498489953676284700840426953130997365538969591000054028912629162648480451953636e-160 
-3.354943943950993718007625467874322421509679528887512816650531916633644055792381456050362958999407849386439489845589084201e-162 
1.123972334648453366758629258359314270224178217206877941217974608835732281325588688020172621492459321671029493472980925603e-164 
4.140469588962217928755890112941228804517160893840904553499933105748297486769610428735341589286114040418819409139698372465e-166 
4.726342431245298245649858555245792815445048887723839224623037755507225612921179600384967019377269879815501126779670449323e-168 
3.186655444315037747142204749382132641018314720371317949079585534578475605106648575640672337517894382460426428614459048434e-170 
6.467570611479893334460120176640452549762380656647151015367566014375703138815345726333476946052981538974077940540332409018e-173 
-1.624146744093158498951821926961314942243497308740345521279440843160308462251562684713010029962700768518569598821742852044e-174 
-2.768945732263777295026213147138564172714265789241783506956530969755858074615064731019937692648047498451039446720593372371e-176 
-2.583851269286839633786440100926010215917847749159687688787898703506417128050059638873795347837910736326227336080566026626e-178 
-1.435086303038628806785214793675891732589844181457178680117300690572379612417174333315217291166721804051531575300659497225e-180 
2.597179889937123300087404642310320287922455565666841773281723794883053556298650922280030397596584649753308612116781531757e-184 
1.182452664113332911752219778669092238879832311716928393128136773844967691552368685444551021402746363126489832558653985501e-184 
1.674505675670091428708060858137256104699945900747933993611782355553302057726616053144169578820500229308054235075432261371e-186 
1.467868011951294005366487342843283043830672574196155790205357054981854775907980916987209805094519744473011481366900970609e-188 
7.856962110570820808041228054265844276649108955664418386638136288150013964611237044584989380229332552704770631707203468618e-191 
-3.387765821320812021293271931749448396950413535009704750498817672951560527314093226936051336335027563911358309769421473902e-194 
-6.832883042094759414962494670475092001117228330985983795429808863074654677328707613304255784066982444886923696489575530972e-195 
-9.825200065400047912264481446462046939941425262958113692885584032322933306660030550199769659248584326152145638639092683557e-197 
-9.077298319265278225232114517503256740718277624532202086223338850120128359713141085000137719036250729018734369737018768808e-199 
-5.607788989118149132949273396588076211567110374880017117844727065190490966590954290643955667948671458754651770298450100230e-201 
-1.060242013767554568591154115883393904829772544394898469346974995050639106568104632903203034569619009098771539035247710382e-203 
2.961970401976413100117197366383579168025403668925172413475337833815170294218006489713328013797064809060958774554293101557e-205 
5.374703495444232456879246157158356566934498671092430421205827447909267700545734499715993964885098014962799420965940050025e-207 
5.809431705527267481119147326687415719617077859217735578466453158137350582755879830624584161856254701403683401717359308856e-209 
4.546056030937913234887415936169538627380595885599665866586007425218605043137080682454308947150117368871340357125392232019e-211 
2.275360512317397745819329396699850975805887286845045955701117654806650066199987178353697327460184465342114510982043228648e-213 
-1.925887020556983178008722807482677535489077844738691216328140325695524023202327048905494574917855010982368746729641053166e-216 
-2.176431649024064054377578498756903894637955560884044068804969313026178476450711789333807090494327206091420353740065013457e-217 
-3.271504133810909601338959273476518427101602934237674609380137452459438307874455185681244492844225673800296713037317621679e-219 
-3.385957046550755359272295141054559175034383077662223512214715230197350078520250478321406061960941036567272938941510508236e-221 
-2.687053984445140364893182312458740008044465053662437509917148270365405422280406029593958914279092669958271386137421206607e-223 
-1.496943524821875418697707206657431730227411411906381825980796267444558053964015522004701596085737680066960242820034723429e-225 
-1.784968913282685072982397463689400169329336868695650737573923707642083438582722023256304491659336790439540156507666676654e-228 
9.579449895198011549510763762131641023788902137134295695946582273212545761956496889653737697567062475855813283369459987783e-230 
1.710619888585751563885546580222068453153066532139739130852841889114268473274628302557488284710021475828224410243626322325e-231 
2.002871991413143148954249226938866402894102324779674443416883219719187746594417096093899574524672298276704099776854130707e-233 
1.867892357522434554015211674968252718145263292911102144394579612567012640590731412784596691125016467925960495119322464486e-235 
1.414348679126273348972574133454031578006998368869916364513873688822523797816677680186519541024408790260875518377324542846e-237 
7.859422116169367420220784019123396924368593423009068506928722964701805772322300108853072529558680924980482426645340660970e-240 
1.251832806429439788006613322769535964932611941110167473152128184444940042278815717962421240463438503541888244434886137378e-242 
-4.524713114059967022130921574203358011010041608299117453571629596094100559714109758331756348621599479207469706913979225654e-244 
-8.720935199141135892596428651755477468139585070576945127821639793230966873376991223104763351545147185163813049110168928613e-246 
-1.101522463223631083181008768972130433662453214192501222602470165643886921585608957536650601906350793211243246595466800759e-247 
-1.145383102045556350684992123859931378669608514257401116753724800438939600432300881051061364519617340389831258117152624631e-249 
-1.034518884743813080541072738235097764423451601897620019003213496069764767765264967555946149778501521115411486503175620821e-251 
-8.141512432892926897918644665714170354220825697567843203343073265953377931178714375401469120577834109669915342436175333418e-254 
-5.332205084650863815289621180273314421207186085209972044637384940621029972112931957281330626739613548115041807245709098877e-256 
-2.363327055129100182013984667782619074764713869816462563824508490051251850871106833727042235796667499187785225788314671992e-258 
4.119991313002511949083338621561821254574348445544114109487108113723528046076536530593869391420904416961647290967198760625e-261 
2.754328760036933924403493911669024325261791722062252519447671324400952697246631856816183579295384483064398608953276616967e-262 
4.535983366138033563918310586753642944584321726358259798237745412231207428595442636160792843172288840228606407900646971198e-264 
5.724254063573211249649216005597621224017221856878227202018156523675144165312930705063115540082855384048330662014374606103e-266 
6.357159521023663154814152244762623527833508620002984014505069119748829238355138473921123479788757288594073081264043451305e-268 
6.517746998721579039108464874744738585377013617083286661113494343708004223736008431413211517890399127450188404592986883292e-270 
6.311025985600997908196546736327970371928800102993428449430029395513327510530547111232438816033751910458865556161054828671e-272 
5.845771918759303659245824471776749841968204113703347277169216445028106145935366090279931052694250489971803452029416092517e-274 
5.221924386775382931319352404047367963218236413185606044868677806524675943914779260707052611276459457794807450411648325676e-276 
4.523247790152720011394119580516094127002749345378876289710543438051825373816528191738825319508260563019348628232023475490e-278 
3.814315354382369745780592085594856241226368752650222206589709599096596651434753366301686295607933665415051634383544399195e-280 
3.140639726527527425272335150362234928532882793367833400576132550340550712572566105537753787288763795837096245282715249479e-282 
2.530796397884178137281510564306483035062916663603514770731978265315491791023880992021787777051739791629508998559450080388e-284 
1.999562959891750681112307448081955806078967476418898636004422627414734729971574320823383061472905925636141723825090994615e-286 
1.551339939707891115930603982916387689696060688318760704053757173754694077539829847442074773414782534615687310801494387325e-288 
1.183365630745615051286463734264707624301114944895633138441484029106862159508985660193984644900521224277298074857217667273e-290 
8.884509361218533907839431780345021984347560673538481692635468516631851213285126339995284022297058642832894130987367503142e-293 
6.571241764338004378798633504604173436908945193298243531366682739788792228166834787787206375028006249217459271925757173317e-295 
4.791878071145122036624306645979056406979318972542573772550525835983333096821350865440628474939723153989543019778203208448e-297 
3.447553176492148528563385802813167055540376611968144904819775524467331913078954256496002778462110985257121005862469068939e-299 
2.448674164011998439508272006000760691975520957073385002181809373335445242953165115472211127477742206856146160641488482853e-301 
1.717927850072579883242283448390370865482838715852198479791776807200185408634465542482779567651247988698726614372805410226e-303 
1.191098280703402866189355096430428255905477203966597245898389687533410939028871085777382992939753188292713504165169629252e-305 
8.164946260116735435134854086198139446795270655228796769923345097774796494350378719783353109341939726380023110652468756694e-308 
5.536034797396743099418713702073742265756286131466225533905386659313623288319267779129417432236705375152941057554872841807e-310 
3.714031077934375664546016076032371637011213561395821946823792059322074897480208597955650396272630948297133149372464140659e-312 
2.466276562791436761864977161596680908732727124266310646882642941127837402165236563244354191265859555977175941383503811397e-314 
1.621527242354605396964340347987969455231204140332106560129564832838449480021562159385857694967391650054610347458491770298e-316 
1.055891949449545922725305663438265486919806908125584263810707347181106714977373053562640848980715539654989829626100801595e-318 
6.811534600826840690364694321282159477208979500589474857053344335247573711221833997055830369680410738161241619070309593144e-321 
4.354218197776105588262446741108257208142456482436186263851366540262914880372052157597567337703324908460166935402625073967e-323 
2.758782330598556781379327501324569219634491951055864002118520452249211488019191300928405535479311161970799557676333471829e-325 
1.732856304724154094576341560459239140368623198815822064858908611344422801031229769624215203281289161452426233234337298259e-327 
1.079283549560706873506292179227154565651081406189221538962123804862645331849068909264798892050449037655422298670077123326e-329 
6.666858117327269220548980610391631662093489980031845275697455416575827456023575073295047491553790087031421641025214210898e-332 
4.085069848059778657568595362108823903758824825424757523103166573856327739084440063047510379548962547579234907584295851815e-334 
2.483396059360238954314160085504484789277724484383069605568211119455585231879094605459789813090046310051652794849591238497e-336 
1.498070784709532625140643508128745847438833894469449222377940517961278282765740312169132679426719210805357516050453242235e-338 
8.968637853380551806138513532688545781720006885160482879113713215381141213429818281731740664969882461477195220447576419923e-341 
5.329580722510840384846325064352383507924404525669878171213858548152905287993363752009837734268485283083162952756252221577e-343 
3.144079360455152409155006212514053354433722448327684999717990993579626419143667898301567962496160537670335625943219952791e-345 
1.841562584501943420344276653939609190544127573110276438228880296863516580854159409279226455538535221551822446243809682449e-347 
1.071094941517598979534013459766432780952771795938877765938002477741892223621969717074810043050346047326169885624512004458e-349 
6.186876780696743929266343860099070539299343259261876638342141334160650690188529773296002219855689657093631702749282559458e-352 
3.549508297487143171675298886680360648023424671287132380235014697689390181563578638515313649962294805853216628759992896227e-354 
2.022866570642282633362582600089500583089717370835529418422171485615276901539783584735383242242701680048067240426293713638e-356 
1.145290553698463695953319912818217570578819961813575546983545947927032437755181605907725142778646486763613986817636319870e-358 
6.442563991392759269658402204811798887627263432290103998205231158389008587376621836906371685248772631196614820209992953685e-361 
3.601139103642817940229075212306457289808493670726040062526932482675186422573912257894021982275433804825235377934029103085e-363 
2.000326928662398338941270464913265544212695336270775658454372063672800872929040849419886639072686015011611576871765634476e-365 
1.104287826537946737837271925886026852806017913036315438349100795692420924107833819138020876088280334565793499364921380708e-367 
6.059302682308680159665724084900074531733140456242431427297142869376466132233765951789309024564058878674580801435733133586e-370 
3.304909287051439446673380864702589553817808069982023261522841195918357200927592898347776702085642817757258715088220243608e-372 
1.791963484055670709342248667365770642203369694891982436985594914908040119267263243316796858125709147683514355747788311182e-374 
9.659762464007804330793180260106843836175918419366662220069152002949466512796369103201232934982249286805731440425433047184e-377 
5.177322617529386674766325670903979711583941761571916956302596965954931193508582074836206107147721914691236361300121590357e-379 
2.759168455379607929669443134832989996307981590245634497472160143729586168766145555247570708887606162184009809301111726116e-381 
1.462234721779354312864706916935590510607152077034437113652524472687909228624097836674211608889001032911772662541841682597e-383 
7.706417868073330891012856240970452770693479025942463241772658418753392315726549336347499136476326466973264843049513624979e-386 
4.039376785544454398334956205253121030723926296688790516789754283484497940728829642452278566181570590635366586311950308104e-388 
2.105869233690870612517065259063070257629620887937835412564757969093317163573606360993828855167368843506243680285506842645e-390 
1.092022748866577456612721450742219868507552036228762634903660959875033330385630820646256835596706865607946314669616968329e-392 
5.633034934950109864838041408947953007658000052769189010740146604083563944396191232184607700080203655819479225257682543217e-395 
2.890614182296655000706168045687748740188650868429866730423882537094065909429851396222273101674216893040607228249685919691e-397 
1.475708086706780303429904584841359300945876315657522237865869344658766445407835434663072120443734926738078508700785779486e-399 
7.495462664928590889564469182505937751107404430611470395018550661569525589768345206185753119938300026103458693020034360075e-402 
3.787986645115257284797210837439720649287258960852638705048119363256531836820785872838046981460057752865207147728200014167e-404 
1.904820878960531232714321763927685448869069594820401268155802432086106299486173574409886892102152298280872335030745605719e-406 
9.531442784086782801485278479655996204530161374356216251351727725263440080893367700534358761716246084591714986357181290242e-409 
4.746182641518166046344324715433123972984048935584586131247937602260385831133430946202194710967881023346284242201893275888e-411 
2.351979230321634325520195111700782605654426765478384379681119331434347329705918800081415228325350519103036391963976166212e-413 
1.159971036490461068849548911494057989040251089487560598468434640578209862213277777280391902956508448439653494827065435568e-415 
5.693853760187059728753599948744317102083141334173733986000292956879290730343064989527271348129786674590491012162189891059e-418 
2.781834856310381972785519630316739493388200277453661177058095153254311240676615958260288088083523288912586283401146930499e-420 
1.352826633560600428229271256456993821799149691663635113685267729543080774186277474689270176644441972647843107261855392015e-422 
6.548745884026321223148922561928307523294945013789442280150323548229865556624167337381016415724268330255692105708025311218e-425 
3.155718889946754866548928951307420868678800258152272659265594477521307428331524554557694480111175612936490784941608250032e-427 
1.513844309771094086386859400605446934798557980521764394649202894105655523608375473649369404302382272268774588784418187762e-429 
7.229778467440887394527140433313898490776271491815571904126001953980963826716557560036661419161493645089977301890940024200e-432 
3.437537024182290317320427937844089906645010095877384091844433146606347915735624213512137499661249909813956395048449433077e-434 
1.627292995546532340405757203832925123130336480154796681881821712410803423372372206218435521388736133788059659738626962302e-436 
7.670030480561491714695421262701880561271300360102517197999679671083496473185866558365416086728083428799821591939492672470e-439 
3.599631291473367040517822371878532800354275123864967909752027534604771424503113852979885593134462068911624468010837696860e-441 
1.682150405957901779445710555592982325655808845960614250433018772304393284388309791063331610785338949816361919988129081730e-443 
7.827687115262441727391194328816149429161300957879216294440803290420240938656719829454899210761216558770914245461091137818e-446 
3.627267159702813171975451897697657649648975706444584742404824567684899892811830504277680675604564118389806486737086751065e-448 
1.673857165702420808517668887085669653133417910439415328442769357850385942388483267052720891258803499510607792974191860452e-450 
7.692456056214495910281642995227803263460299176111730950244442607769114230205879424120441291825870593122980005303596571777e-453 
3.520741549654077212067668578058087531222186244723999920205484990185181356618987929177966762349043773106868621683265699346e-455 
1.604871238414657085627194723795098073518725875910145908580341867047202716609243938011571401528467844771148924659886925002e-457 
7.286136905218535996983511431226501211321893327201452339073027403688348466736972975064795899278948045108842044529431313227e-460 
3.294727017488019822829653766815049832901361521812685448209386669424120845458074274695686641480556289874796480291208830575e-462 
1.483953036322269991122221831187115720652091767303906536399449176917083166269233000471746573617026378629227600218854832079e-464 
6.657525951869895245113126732723847661933172154099741079956650388969797705612465174988945870281481959447997424337677653309e-467 
2.975162627094812057076227439634609948259563163897947822866375343653754770799346382357738929365804005180722785733456498446e-469 
1.324422606030585555031178800099552065181034287267060017978781043541106533008571936225666849404946807818024151545181769642e-471 
5.873178038221525730721209273967147993994797121480295185462644646073570315062197452219002103172145324934919815753150292348e-474 
2.594555133717878080422757774979181058775675873191768510141528865897029754048130086135982280406794573020068069028976570753e-476 
1.141847305819342265613222165667798154375872018288997367450616202019244009179141082670645936386504727427753808527078250082e-478 
5.006342669510714300757654898065143159513681287540282016817026013618356891301144357420240405523237330088589465034920455971e-481 
2.186816515419795362681337532130166981226958427699621395912933201070343436508152465585404819140423164109418156170441623561e-483 
9.516888231658980175578342110153103185411278863465012683435112560335112734435127497780232583791503687163406182255083977140e-486 
4.126481186898002740897874514368060841762660885385358767237868524893384847429727803634162322658209972631531246690432023711e-488 
1.782700080193044350777614080571453227523838082327536842642198047679947225203617986880786891941892492196167638570063404909e-490 
7.673637268480117614377411453912839053549288128475300681378914039832287970146001644393442664904285352125445643128558691657e-493 
3.291241052093200736038616927323732853740544130716614543493261395240874630698760200805918993724766549340589109108796531053e-495 
1.406579424534486653044263386232225794097843605661027139243768294203237588736800978255663868863224372419664822194388573861e-497 
5.989981820988771191507374637538461799937353095995037336612108653690804554514944582673411913201733143392817918803208658503e-500 
2.541872659642344983616791653989065120049850952602830590908008500888412773454564872369966483957350975920678789799370447930e-502 
1.074878366088890675364552273865695710168629987722592725561041462846330168764667088009468978862180764084763828858866706265e-504 
4.529519657369813270973001822435454820361782525505079251838400871757581474316104053482528675816046847087956973720654074233e-507 
1.902138627708687586796280222382766286112411829555165843504215961614981263263445873687747391344939972107925354584219796529e-509 
7.960477451000027730864312216273219306333437497138772862896959362118595640157611482627131408412126935996085095491328563921e-512 
3.320110993072204164171230945595416835874528397770625190345406040403630335197178445728378061335562517198903111573784453577e-514 
1.380041291633991985549515823818982638736257846395473316957199455457648172922428847092625205723546454216787748073942646743e-516 
5.716982592929181931001382295509807013292648373362241467689563395399728064154350607003304506254026282589330873933158852024e-519 
2.360402969425261061857847569007960923448720787998939564787318090956240047219673856959050692791874257160686335107917250115e-521 
9.713125019420746542324374661068821772123371694496520547351606963269970051719616139552186279331271579278614780480103970459e-524 
3.983770120052644609929314892175041851996077349456573635161929263892922472018553494860471267625770201365170449571284217176e-526 
1.628548963983078169640034044973985516765926656355626545092080076897236389464377721414439648468782271335859352697486460158e-528 
6.635708532869605796131642176218862983461748565533126292580559890267062270078099586151773484485029548621277381062583445211e-531 
2.695021683365324927632352425545481654399816935256091065040546759828778810460401751656623577326626396308148313340428944207e-533 
1.091023584094418086716916459676722302851801204252815340578267989582492618442038660563290312537997665252516063754726207397e-535 
4.402620415402368408493806040662980123362430042057521192176026048347615941747077856277846977640674864341557674832236817335e-538 
1.770931574133120013804870068336715842450894743910206941902523915112369367925916700658691330380273887880163925920164292029e-540 
7.100907344928415016795490293167506951634831021217752931295316246111372825203253572368161293953696882850878142603092520728e-543 
2.838281213937248086826589795026363508648472230424560045184937390823868564363397938960729800803661990248848309701024102295e-545 
1.130926527269068624063977459112035715649196296034254108396782003898879941732567969669010865115097726081201397919331572411e-547 
4.492194244159397906226836036497848197664953125537836737873049456787150115654893885132868958031616994688658210486964909036e-550 
1.778834341564414276808254985761464303029251351273105689674022479527115450561814217782476384371667192425282615190968585893e-552 
7.022195253794760570911876096576411836664108089102163839952844392073607852398736204378728747212005693210885976077914170838e-555 
2.763619144870471401040214864148618429305512235527856886243846415760458053854950668742363277733284600076543325358864995452e-557 
1.084323232910038761913381731995880124117208594093692049771434878674814497832629311098318447589722823896205621988285329792e-559 
4.241523743802832404157383533460117261965976698722496967660212850514386335908740636334707449146032531907177984994741018638e-562 
1.654149694801399956428390144443901100868808375627942515933085004962929725689051013066378730510699599640583560383868524372e-564 
6.431682421782545673848825529539336164089400814487302763618128316546442666733185207022771448631835779692934938928389581815e-567 
2.493321445337878399715413911812013596453923456571404076402236713858729861941684411287550182650957564853975685149285338797e-569 
9.637020562684981657688056371341841770222800685686837583263257041741020332609910991819093575361737602295619828399591805870e-572 
3.713855333084008212190468608477818457942068449287342217312987471953625437340293247002805363015106885419209566685877961419e-574 
1.427025163638971724082551868630782175110453183600907210096237140287964717419678926679152629299078477100486068031527168758e-576 
5.467256119381959568101692361438514423446621687630262023595065829147207502637637737107145386893049418048553908929713924578e-579 
2.088550372053229998629726062748976699192697749812342220470413647810112124634602511580847932807332680532855033339871079198e-581 
7.955450270904861255911857871556631149195322124452205320027387894900919645673156841927368037838322438395061664882820361883e-584 
3.021588410641043986408717107928506033790097194368458662861070528136744974084290792495133170780540538637451649111828630285e-586 
1.144360751773967926522138590228136789415472564939449757305402618434020149568627731799114532645007823120741352452793684685e-588 
4.321694012869135075334827864234220712698298055754967867240446725265946921027875287976655855715548528343263345576038905972e-591 
1.627476470216073566543169086321150085029172999826001588329220239674903994361979571990152711211795525900525043168359821002e-593 
6.111547997571213811461049864254707731145679626183337361227636450630100691144075453829072832256423564373036914028715965778e-596 
2.288598617791650696066359001602663566076874246703566018995528515076823484701649982857496228589704018606349423065053683229e-598 
8.546257112541151631386970922074433792866247645246935701156265880461778108455705730114364042333187945462083528268626226253e-601 
3.182556712828690492197992138004863776863887870244686611539642747446891361313995007412608209909125854925574356981711642983e-603 
1.181887425738233525241948931225391825215830856958238045864371376314863267407048994084500787680894489328013324662878892015e-605 
4.377051544836034675254339036633109424526132014758063657879385432632207727213851225390229627313210735557864531353104611010e-608 
1.616585052150226394031161654932835318183370155580448195791013935264760996826515909722421338062232615642192174338065786756e-610 
5.954324562172180826094633891896699257199235914219608951235393436434314386219221050041571878926120501882136424010891486421e-613 
2.187203200382499576766076602334627604405028820118217242238915144205612001559268415683067544149886413498890439087957538037e-615 
8.012610315155660917544445695027145710362231909723515082745155065873978224633529280592529934149143601240271136724879945787e-618 
2.927471581739008639146416441231856949901095707330103254894542325681624692863987842363646007605399233663714767256750098425e-620 
1.066720372172035196961834269342835016309682743771780325558197066320382551120089543522188146086456657105729494525118154948e-622 
3.876619062883725390954775847902046035421813106967648380368976473326050040465340983252719305837136739111969079711248510837e-625 
1.405094861412013975840355196783056559388375376525124591453844318222384223797922199221033671027875801302603317792034771664e-627 
5.079411919014278237255720270184887820761409430833355638715933759095958009446643829121767500360975985325027740901653293764e-630 
1.831393742476834685655886611524019206012868642869406139459352125093531999673756823753595947781354543420190294241471267713e-632 
6.585908654680947513014861531212416271928683211013078984913232229154128702933554202432959287783377817145125350668686228514e-635 
2.362220815637778769482124168804396144418679530306855532080972411777331967894532957853836442467166973875924499540158696517e-637 
8.450865110070911871783246515613020266107104967657125649559401867261867237480316939493879465557206987539045295792184066002e-640 
3.015523797636434661250279302108992799546721195444391434569117890761197980811949946940219144923963910503904623545333876629e-642 
1.073273083452722985585547772145321037197292842894342145648529779813194834423268817601513911484318482849620087763780932863e-644 
3.810206623577294018250320218914502705175224229971382252483236364237182229657160327802993037412887453622771402119943506004e-647 
1.349219177935675296430561385988168772149929568192199885874997039747525462756039003623984771527794281448212715999304928787e-649 
4.765593558104678571188261135188973747049865511133674097740900016705520080462310127880903251116799685138860811985448792884e-652 
1.679023565849441276961708393934728885168065170211522610864791076623425954944483352551457182413698876841176200504203472275e-654 
5.900741848765426456895857199803676923557655330209989860614377696252510585893648182197155172730516010017767626644963360506e-657 
2.068574463534012540682026806793364325471405468146254963192244789976281437706393667012552342678460694467267472650046678735e-659 
7.233609616856107867886228544678930629797171453813437906014869155893764684586867902151700633488897838775614542740709875792e-662 
2.523265434954070216907275827335423065283480290768030762195945157274241752157098126980665946117819400026605096155311820330e-664 
8.780097306112958833817429439890535821928853276045189532971622238565674607553962047388087660694441677702877007377601159885e-667 
3.047675691868115572935786074879428157378695312102455962539982954156133819194844085196030448358222124777905811693366972206e-669 
1.055299360726437725932999942204994088017971619142874504859337628603263152152518573009095800161358221212676016688908599661e-671 
3.645226587085133596363247329135843459062515383791734509410023706516292142721976442819521306864061312402981993729723415620e-674 
1.256086942374767426094398648814555282275329930079410652196575603680247930738808506127356751312564904223455132315468240778e-676 
4.317829975701207072211394316354755076780037939725578731534561970579075896662540020176180880550366853335769341370460098699e-679 
1.480697504005496721228885906311678343377420743138280796021533005594144570666887151546547800143869645882728785754619487447e-681 
5.065547479110834828431901234189530887088503045942779616720116466763116869613045532509872538021196778033818146952073571935e-684 
1.728820500631056123540153752488215288652670720227916468579462826289305654542156830108507599830182713276741042824055238954e-686 
5.886282148005232576725333175657649297183889086288284464170094913682380475749703102334108455720874102708190725361829041488e-689 
1.999420118616516370758784407804890125992476572832811168165898074269236116742520223735690068427873438002167999371497482343e-691 
6.775525229685650928484193793794734741713231525324151615486302276995584200421814946857605212927828420238684010436909084692e-694 
2.290666589912842353038338549982500457437939336249871003394514246214515224602633091306392939707751595339615045887482481584e-696