4.422262976744535609103380633521684789033889366781353993938000779185549358491734060391880270631289911232398461416716632234e-31 
-3.655639163057818691416803513717001885013521028631235858864215308617577600734619730607095706230902452178914764389456941286e-32 
8.022487820531915194932439412635714325242925529391954280548373992711150015201638588719206501608096077976332132366637446210e-35 
4.335325338522808418655222916318983762358913962169313267578115251619898445371129820638674421218879025315534504225905144059e-36 
2.953622086615174034296784201352377428477720794431323757565879994309568793141757927513118504953046492332189236154453250020e-38 
-8.821626886690005705918660444791443411118395092040773570485868731655666645848968236140052277169035069363252637833341686207e-41 
-3.087190601605319815733244384062217088163462213634090992331898612409491719143223707032602395641184639747537434348555445158e-42 
-2.223228540488449621442306421538804220057497935058872294652391538557792980132428957673500177767025908680978902570404369127e-44 
1.041434217358410678946456589725974640639186517969214797986560364148219230699607216061747593509429113490384505577270046044e-47 
1.580862145572813524075170083755163752088226886572888994337245085316290031834915485119404455484541929082019958690168382188e-48 
1.316675232858966641461510903578268902513258600692851296581669748637956095217881471563467440735727840456551532283036692767e-50 
9.500276911305983976733152772457366628591331365377192918755509000890607447778229874102000239562429066840265882255628850156e-54 
-8.058643468228759303771956109529506800746540111447497809370867994932877842152870455496395237655775871422361839870215029925e-55 
-7.840774909965764529345862758970468164037857700378521756533330195267510486395167168834312323074564139698827860678843338123e-57 
-1.568199061217829492852920146110252916032108928440538286166161699108813792610208627486033593059943622362115366783238723559e-59 
3.940008768877109199895599811074005423597465710923662471534328316419670328454592462357175333188199756030272234464865152575e-61 
4.688822396663093774068786997205330737520261207697007709587235049165798520164662168060644718450227944133578847701921075710e-63 
1.622820822833014929705589915143237622576647820464093292665412271034460768796018030431186516658387754371822785797376569936e-65 
-1.725872495212092832374306541722540388724034709128921567183935340061779710459842117679465206331719300555161567270961632033e-67 
-2.750083981472485303135116723205246562209156093292645146496763416376744032555188486219975831526372236635912131419058278576e-69 
-1.412854842572684139303621397366788508287142359043849989608441527022327678922243583362716775971171269882622120615380977607e-71 
5.626756588970047119315384262611663969593255085182022017243426336179328867658757825145929667384499683222790790597820100032e-74 
1.530533178655287972096925968383412898448185339095005211269448852706287469089294063060631910514643270350282298962571261011e-75 
1.096829958527360597307840548818153127003791111561033307046043870254389872588036187379845667740619715581111673757962029715e-77 
2.622673522654991736466663166338125964624272334291331283740089853741693211352182651756758975590317417600805651299863364119e-82 
-7.694895498510504815750976469710995819454374316940303777291889088268983400201447576238109710177973276221170992755048807305e-82 
-7.700357796465332989897779311794321955953292970491630856673780882768840960929704148335678669124331699022172998979233371768e-84 
-2.305349091821265146833405773253583974183424148814559450326949683629023409986657833517895217790229097022997097241813982001e-86 
3.123260135837306758332150830639500549708487561776450178145903742908455652379699250336812029183627042405967420888535531961e-88 
4.833508390977854041671273791844601600427761572351352791472603737644449398495893515161358176745606264152835924926490647949e-90 
2.755910136671102657690968027105778072841797244173085419357581456731666737958437110734015981537863914532186605326831240655e-92 
-5.911861078193490719578569878427855010173171247939104421157531165192106584812463689096189149667641092081812675519020089509e-95 
-2.593744577318100905704898462020652395554303995508091358669747834255983407463936352035764872016286002586712687674911333748e-96 
-2.312839077646341789246917228557462163130291993060479138818254139663848680034053286777550887489933090767668028505146862453e-98 
-5.923307512800415573561972459103806088338054314252001151180540320721973015809026139025671914555020832232193081064333036143e-101 
1.034625587719094932094351571499563655145950705543806105066279406299351059343985643392776350791150520414583869751158635543e-102 
1.546150144631196246381284741781055384361852815470803698419410609413103830248251153357822548315220814750767723273571260226e-104 
9.323030915953633816263297791610707902823094953260248676927565910613711698949787709872395379814944376147125079112715082248e-107 
-1.018656283017975036365697566808909505145248457706749199186611989760012532150946839204507895636947356455346452423398546155e-109 
-7.921252375075900878189790171192943247897578424328366480511487725162888264311463921228565336657235500272012196584792832610e-111 
-8.074114064864903419475401229429643138251535136603242430295833332596416439698046894369017462347945149018367516571942315222e-113 
-3.254070009711445713724496151762297184247120577522918839409764560473224406130396240339661967966209174923977956960037508237e-115 
2.250936980106030077134883202862813995045456118469145471587557467457802571181662631742643114179332541615997360903336870392e-117 
4.956834166257543404908648584415597710339734666055575893845668479343170929558741745049360552950668221174793448756614568750e-119 
4.023160134236484885920290987676744469735349842954174684713789389834133633712078410750959136259302588391634693431800303240e-121 
9.816790959525080714003393354214269335012602733247038538772226227863847810909169299675387603531935489009718245045663424174e-124 
-1.839563652935521365295390820382940861919089324028652634417786227624196961245538711992683684681186788133193065384875626265e-125 
-2.884755519199616140563539005594966652003773325345644341430009954118754691401776632661197752064682079641147272169904105838e-127 
-2.034828361732896610291697566479243740402928706422154441480122609826043844207442418056021306063958281119467872471439419697e-129 
-2.657406368412253522157354717286661437077124969725517046293534775005534900389242278264462533133138181194158061426031962948e-132 
1.203940801021020302321415259695545202337837913540014839483783518667797426851105627830856956338999366583992540714224720477e-133 
1.650537274846461915040786425819442557123865980085580280584539503062013716396863878691997915371377985403249097316078219035e-135 
1.098974406788359623968304762048080531615676337007744343260892164110508174173743659615787133657485306940357613526440101776e-137 
1.003406021600595115342407945881765256463986136836753418505139171265642972159871113753713529619875840024448343196459313766e-140 
-7.060091651991334477889966222306344825178640638473031163951153138564986783571138091650862269695472121572645588635553966938e-142 
-9.509121959871147482604898676347980534353591930561642926391379195974496039106175252984329286151338816099770306782014084142e-144 
-6.513248660620035691812346696968541109574120709410068578440105452764206453245581306107094185158099603048038287549449316242e-146 
-9.573854699086341727481117836304897706354913896088293611457289326771540606342815135756934229884175419752978194196056258100e-149 
3.749216537087197684257725475788802626016876757857789329447825848886569690070590654108677873809208455358020396401016306950e-150 
5.505158016088119460933007195423554943968620478637218028133238125124366552814352127657259338312970104027017371783314870197e-152 
4.189803410713637274456069389801094638298190331648453620358494943843085809046618318117748834028811154451475008486938629207e-154 
1.187055797280885162724052150455474903382200529033997065698485279524430078678865556827503287785583026636356290517129389098e-156 
-1.676652391105490376022484383734505205137301071946654777202828481649981457270938175326778641337465170414971027561304056663e-158 
-3.106503541280047512125188806360727206137270320599959885271903535918172099569384433401403392035898872058491772268469807409e-160 
-2.795468119491276777011161910210657942727332410710712907837826827250935077564777688286250609555527957620991999251473977477e-162 
-1.301743796150714862486704160252751420917831282838325322030398101286960121135098989751779878601109280158723245244692897870e-164 
4.302057817243923404536637641961283954424830468570207972526762126604974444758196767842400761741739325972220985203512341607e-167 
1.588216917121913132165919149818756014540395062947426474361568632269690762709152693062814452373154094192295343769502061271e-168 
1.810568007362486275981084446413031454232705041851807963043365963099431039733105451811800040428478964022122214246929185082e-170 
1.222858636602416325288467734065380320139439003607837985931198562824124829217428969787155058297450101071991791631555264672e-172 
2.581512337464765347895166672427987691825286757410850566141521229873417205770422084280582460849724192718550685423020027898e-175 
-6.021515978570713881772588377138815311286302693030228297921719733170202486523821331826308926640435974802011348632063565867e-177 
-1.036795794021634459342579427267402234669738666517858233240109557682451534004224419827812251334529187943459211247827046210e-178 
-9.719280764081724129313380108002253441575813609688306928616713520350625825077854697769996477746477352673677617125458551731e-181 
-5.465097013017226774643342353301943204254956018746027940740389511955991699972940557328624485081474137722072231669834070659e-183 
-4.034153476979564700573631170400011719634707360118194014662469179396988939540581004920329991881415122330553142990264898017e-187 
4.266332726654671539002383589151259503744745615094205922829432354072194506497994468771969541198548289988116833549186494698e-187 
6.128266239070511179300881684691770250445563485481144954009163170617312456026352932727786049346194531389034949228110341778e-189 
5.421438942097485996755254844609438411964737220738867275318712016803321304965110076399010739905733504174356204392446124943e-191 
2.963847605397495495184969735950906459556789846457977522192627354104562128489729270438759610011736627612333392466417243508e-193 
-1.092608275802991487821004955899492094754382270178097333557674889334426950574347583302400487330417220483997884755398704990e-197 
-2.384461407942170268753546441784888388233418335393990800516855945655657335930289137401068171933966965012717320435873642750e-197 
-3.502776922228732002982997954403910053522076676903002332787073852457791590380542473492366898997687490518556602125933029976e-199 
-3.276154009495617862457403150155661552615438976673950683534137015596409788532514538764911075978464214289721286084617885055e-201 
-2.066468317823050100987632207313089590230002790305329757127206049407118272016022771798969000361551485046593701578728798247e-203 
-4.589481221046566430217635196111686150102957479781648225210157553192629573028612673678862374736069942646202666388114844450e-206 
9.756376391771210331427887174008943566488362179752310744196074527089143511160264273822954545109983317719563630079352629821e-208 
1.850771986954513349609274237264156082759304163198626198913256407976042129687038625043076345126988410347335979822146493773e-209 
2.032858261425711200421666946597261698454717382782640698808897100197256168112654997073681146615310099736952049868166948960e-211 
1.616704951295232182758227062034527368391975635149744588362799879582606172086287227581329597444965606999335300486724895224e-213 
8.415379757970873645737469420127906023092166831306056346953543672645790579650651484444600536161430732168602548426841453172e-216 
-1.125712237468446018473992350578605467004511980106718546623213392625913053052170308585751057976675780382119499000643030685e-219 
-7.045489245614071554982693867074264773172476063776851808787590058753172202905635676734303703335266450721844866378300570874e-220 
-1.096688468638390531584760428169606127548932978478955329289841704595090104540527979472857410781903925221254423758485686108e-221 
-1.153819325064688398178924174587632471580504730205437652498047978110742068331680587958857153429418257959068626399644615965e-223 
-9.312295604073779146991808288823964515531487798184266741383984710279383265199003447622774062967777880191947649813206448429e-226 
-5.374951541387446031036276759597870046994835479370522285639530364079793976952923951999060617860054970299379005661774438488e-228 
-9.542155121753169099262991457729576634378826678646339665272690070412305139378519671475228235677586635178345884344541352051e-231 
2.897035804287230747776297025390174302432128631892869817319806584025263154843239568366140103494138296130281544515406158249e-232 
5.490922735183607415711583418583776312966647988828946837557912122552713498985247999016882434760332465585441727247166061466e-234 
6.560023572430666845712573120530330503305994847742110187069804661419052369619848506263578624831552044126743627033524053518e-236 
6.205634653554593789580956898918368009016283000625721069934990094466074533228477454933278863240668835382740137262342323469e-238 
4.782214612849080422304476603843929999483776954777380856032798387771984571386377248125822388735244317775455993311708699149e-240 
2.762083067773673821575073169136878897357753342116355082769794626772466118094209879361114348467344908020353971187495261166e-242 
6.147840008352165538542863790316577472305722792449794410378249698595847442492877349556215456831881869688603237056509971892e-245 
-1.278633185350479177784839012584872815092741757114472294689595576742078025365146078974084764386356043894172183509857970039e-246 
-2.670004609117792897908982672448724559699331958288097367381470921439950502130732001571708129804680353284388852738439444131e-248 
-3.451238024516717424307628432723692732560460381792709523109274070184816191694357931991760204595346286769570727875621639101e-250 
-3.634496742704937276482128872715088208779570502636382346988349439117457369093325973023997196777757799019801397168236383833e-252 
-3.317484841739320004817909860059446715780646732206075120612023915334799717279126184677211691660129864417091752742528683692e-254 
-2.644753774641345740145447350478702896004375500550461782717726907171360362365707837495809888181005449326176802531747855166e-256 
-1.773037508704492671744277763129220265854201699071411396561591234159405366861720438171565100140605562686213816299365517074e-258 
-8.451961075484485062700876895306421613984188631242951367186609532197969855791904279502936235547228914266852833929949168764e-261 
2.572809558973955753400544372142554297114363595363028894490056066101844166090999753637653815083637815980332455465901291792e-264 
7.630950032885949866842633489071424899106781778749839148806738126517186282695654422854240901254910490869039956418377842647e-265 
1.325958533224168912129637166011639709598037966489031298074031707078693661298491011393549482512248552613234806181011941284e-266 
1.703608973537193013699058774840657593767590943403380482549020512445087731975101510535769155844820239364749113067415463733e-268 
1.907776284777125981761758401440325934315046001267463652721303036003416903301344095177638619552339657747580315176571262074e-270 
1.964416162961110460379971906856546550661756172743508179286207667801113580172396608186752714786645428248234415111244704899e-272 
1.906377237525671299683525339472191060264351244314984859411846906249770474753670034847669465387405147849585988330156151497e-274 
1.767648005651489465396572447941532605328977640297779514718797821673104035484302165176209731442072127278641210218906142331e-276 
1.579397657346311728897582314357535028649030424088791949081478086685535490788573255023152970552778457012319485831415228196e-278 
1.367690825691198128430342820023151700396090103045901597969874905454933068350166411817028387739107714129389157769290964961e-280 
1.152567654893830005165727360588589217434222779355971400286711920868888827060348049156629706611165802406104765542766969114e-282 
9.481099725584828503069922574782462445895628210543140815889911915300187191444738227843435438865517060149390612635080297848e-285 
7.631259117316210086745885303853920780125553935742390247430108217788753762384513121179908211004969253314410806105309166073e-287 
6.021444540791800082951190956647814106646037183521698629780736717663789427913447799263590895241034320749791017297874464339e-289 
4.664900700928172491676195825236173347123711267707357846393152906213926196247751169053894539234915479962018332148063247173e-291 
3.552864251630527613639922501971275411558391177502077432434003963232234570695639259804794986332978295578382733067673243179e-293 
2.663056082447711434427753131001363836444000552931647044468747220382315240159180892669199277382255255131743721496250856010e-295 
1.966306155182365726181637499525400637864831837040785868456332483728273429261704405066777982539058410245077879974230209465e-297 
1.431334635194609090424689141764299690035871407575654965247561795138844456849121751419225009022744249933360258081427522729e-299 
1.027915111124345118959807766091991836039096142407436463882446520031986745419216684550048415842113147175750245438451200531e-301 
7.287367869454014822175845616363163241037993945577056119377591713289298751712820896097735801212431746428588687661636897678e-304 
5.102974705703945265550601902347827812250535926520246978299108108306866777870989584518564700462680302914145916389006499150e-306 
3.531283762238123618808849227411225339773669724537127013487170639928066194425470262045579107649314029774458067869613740177e-308 
2.415986791583780061369396543833267914783231438180622274123626398066392395910340953320634257060935949119034584862036341779e-310 
1.634886369590810772654523310552069175794237305940770824037858770282640713547119355327452145124140453097570632260788239670e-312 
1.094648193746307818100398928823677728289906435254541834497320264733320369976009053245385258662092525903465794709891898292e-314 
7.254458599631489261142835350604967608827636894644883614350648970864555218769331356148680261357745989365742188111819877015e-317 
4.760106156468712524118349479399351351649298336427031427393072413579859719800421647749292389747308860050150399391207292014e-319 
3.093405634445999378780737653129071561031332308988102782472995222255046203801681743543876360981027131235511741800059509423e-321 
1.991516839922552593000396730170816193157191611114339587740776676155825134866327080602458221138013225651315390462755986622e-323 
1.270480829062605579098831037541280772721660523450994566712759887927392347248897429477385600307172959820290452440744801390e-325 
8.033266070447954174967738580268951858760045632674042541606779184017229428968988051782854184261924493903909356872581053366e-328 
5.035614167470517053026825363042597951769055049413121398252280995864636605026302518235603794364366997074000230469408322712e-330 
3.129964989473232007654052372539224708248525956771042243633691236462595689772367217150381561793096624277209956879431291319e-332 
1.929471676482970774411589915035290411103103512105045334808971498992059294135428868148667434739111022101674761887469027272e-334 
1.179857496641066646259626213875457942163714824436881003128381796008698270328250699241306085920583611348552691241085394624e-336 
7.157953096443194305326673698268294247671027965073332014820649520390228343470239463259799482968776851439098024844677659682e-339 
4.309115971917343338625565322171776948778307815582220779980465944536329684599758254924814280564807868497497035062018611842e-341 
2.574517029883109999681791086902466187241917258451164600736942096042821642027817174150026027028125588346277010415208526442e-343 
1.526779875444177991915227750114669271244894435105565154460611621727979906285580466264252182057548694081155466657406490551e-345 
8.988595779398348805885535830759025956199070236472706313178001373993999090695678627139545620585292499088221513412535869806e-348 
5.254130398466601737086103170516597346453353614952225016786117550341554129818882918992400507122010888581352806003788651209e-350 
3.049717068728887015407778315884333837169957603828002927331641813119763774570153997302238085152090838402543414736508444339e-352 
1.758011103842167674892031305680849828034294092696032582387270612615776431461349931708064551925694022954492009880639724058e-354 
1.006557022892832195969495847540602616303451153502691349374310069568467322854990861191421350809686623013095466986264378024e-356 
5.724783348595739976876720325983784159185242384722657274059126951620639189869208213362091580950760105344237867001259580453e-359 
3.234676259765560305064042596205626829075516761641992906243229622911485976252627655793731356170824270120232439133634665532e-361 
1.815929541121155618787366255847182595477964946956620093241163449603274042594413608478922871597447478306928558780527445833e-363 
1.012994599192897735208922001039848241654146363163654955760022433939149648020033643431151315152242274645799011702700639893e-365 
5.615612570567503319237084352780643314467267218441890962313982030963533105167874312208909681929806743580045474124611873328e-368 
3.093922102701037356350833477385383672702318344224669715716491065711371227810054900924374219608855481390487228138614204256e-370 
1.694270476434674059656313997940516595430356708319140246386505748896153285986960101085258753750049810453459115209913195276e-372 
9.222629639092431568926880728772074308312936708092830104618675943971835068053380240891225347263816210429178763165153430730e-375 
4.990702506557505438572965180159954486987224878011934993380084321528493164964637991692987939919981559012882079075771133695e-377 
2.684964148212669495860772453063562598372822454726543118705229366769358444484988744819150308717945366996914517677175106209e-379 
1.436213623717291568850874995256439736385516157892110258048268093005947524263342288092472031483802058277239894997485629561e-381 
7.638992553904301366038648655729004818626128501466201778710617951692650611001412302100743792921540272033880685152406426092e-384 
4.040371843976261270006687337037049408008792135669920323185839894451271901209984233922402546488580279849153770544241764814e-386 
2.125227925752985974391244586122121939320199623847334840660195081375460959815216071179176552362469051997042414609755758703e-388 
1.111778847165111261546792855426585283574964907960525659525800126432369212782558130690890443608201382154606940159631338487e-390 
5.784807465967711459749265930114552239484815246801289883035914111072176784688695794468992144732322875610033143578845023341e-393 
2.993953603483505969932414539883147111066728671445304680277184305458799925260133632303249402208399965762119181585865262932e-395 
1.541395596339806453573137465897828195274147035197570513600618752006306225325767196316169592237356410926039269840202633497e-397 
7.894461624646737622152736656037826587639270464232179217603415271646214965561316473894161062884550197234972242691503760861e-400 
4.022499572564606266894387792294372176423258777432183007459020186592263699064584090896884445785310680071450807301353687211e-402 
2.039198979015841183161421685652601644402232678839673448525678274631851404670971752614174253200484201186155461415717133608e-404 
1.028579029382168170306636182270970839805166731469384145381708489613246879102862166378715791561395083257235604135329251296e-406 
5.162426693671077969867907177303440234572808005296004084436053640477110312871624582916297647523608779397573655005229401798e-409 
2.578287802577281706575263928486714850018549655557270468661372348888791727620640040793088811050161823259658841662115080606e-411 
1.281423420048889260724450760128963774763252460190806398926452710701798866265213355280394296948808601172128777362230875954e-413 
6.338107828430454546061128740845430186136610448876546861780270601127186321568972779737310799760579152146344467644974751696e-416 
3.119993477656091620549327554284702451120107318384368875656416207053027959130016494316365126136531600728953257728402316449e-418 
1.528606552246819404366875852002791105410157732006255597980959091700248831227363516583659441043693588057690409402263643684e-420 
7.454286594813516554275534767832491972414761046030903498721384896558069392033203246338749789522793655280482693816214046173e-423 
3.618300919929974372604434744897513086585823646384073783586986108208423989066684553888762714471355569051091597107430499349e-425 
1.748279768503121586518092737236315986950175812433356726960710814982361498652001113774713699933676029430007101141487096800e-427 
8.408989556949578392152591207541185213541324946448180576506519732477588783763728437073113078021936941064284748374460305681e-430 
4.026445974824746531783977139177701693980433489865456307405082263489775234715985611507836411070689379334224815035401967507e-432 
1.919390129999264914167952095739716925099911412384143619228364801139241485143763620143489166358523833200838638243702724490e-434 
9.109314425353892838686806481428648983920344968056826757250998946251348116894187586066132022374749545192253489252809032443e-437 
4.304339664964021317277708330637189473573154276675288363482290722308191803136010907151399678172639931058676017511088588800e-439 
2.025082705453808617483517565732528471180063994850685205586836121810387827921241819007988560735884284093808038101832706176e-441 
9.486609053355213875305096455452124787306420188952861508512839352122505018274950464969782736982072742427101276180661474832e-444 
4.425145214717371055101579624023075724440765961952353558386123306728484436831464287455053809920775078813225686639665383823e-446 
2.055456432219115687456515379977916871794753178117579569230054463135036711277316965398321850522914419606172402661590049948e-448 
9.507555450416825606534618960564284693063497422644698165970390765641205900343847030855655943128838994066509901048615190576e-451 
4.379500742353640107583185292908113658856144558275799527622316778808708769980643415763798835820135364307537853115173919692e-453 
2.009048811807073351490349881747929461475028319548288857033143237114249377077106684971158817401975447672839831078139334128e-455 
9.178701089173976463280655760872012743892900677750072913090422432986568097320643274532060995787962197689757936266254225215e-458 
4.176488049444324656866983435858582874500816266191139694896642139498369432892663035802110824042964318570730092208588111164e-460 
1.892756231508622744188878685299740934178587460308941136118238780504155901297189582357535075027096666558014385132369367866e-462 
8.543689036112333881762480729930517601386420672347269789518558610203858343517585514904588656276303987216175487218228498492e-465 
3.841290130206688267754630747054637829806662302221441302285821276796524069839808035855302898609181165579098839892981848043e-467 
1.720295638622240629787570334736491158161553912044099976653833699519521175716555061745665729731035643583850273014253242247e-469 
7.674259749417555661587831681575618314346758467396235837314329910918941924510626365908382752322984930306813128131653399588e-472 
3.410281434999174439301436165229526143449131769860724656068291225064323700573632214768465702148508689664136783751186319797e-474 
1.509652285706409059499296537264801271622583270381677498906351462687473525210239145072026298631368097835127069908562033480e-476 
6.657467543070283345765801371645983199357096523291748916167826953118955221503277851271500950249498451142066729171876535926e-479 
2.924817886353414579428222134799164480180933029994041494393892906561306400594192905999734229574384385746826426873638627831e-481 
1.280142325704489321050890147065927853199226025613834119617960436414288510334530727577717278679076712731270071199993819105e-483 
5.582119713545612164281924262432532198828683030297951513398219857401701494039541441746838195128950308965914728004247752701e-486 
2.425119283979825527623910184198177106798136722533972874702712981516944838274902188345615000328040468161236767447660266735e-488 
1.049715350278611362429768785030760508590072440135418729937130838403155035861398475685600012005539105579936554939736925328e-490 
4.527158510120312301722551244240171130670662341788049840319848012224096922337966524075223001739137026862041025640307018579e-493 
1.945389669565864932945688054522996690909112280276958664453303169217433964331915641577706166722502772611637161379793801078e-495 
8.329618772342716463045300979303353130866967134311237165039659652699300359952413067231604651981139791150078080042864340222e-498 
3.553791544468361150269850628278270131650424558696592741184524784434534842721191841449805858775470915629537870265099392116e-500 
1.510836953683572657480493471831468670396297505711925169262564107653330732924446475399042679073593996988181197841276458836e-502 
6.400478260935048060135200014137276195194331381373443106731063638609551418882099168626438838647725473368639494042488353634e-505 
2.702007981710527088317581696089159250581237122695417531072056232268231810108722885067572410402153772397938358108451289934e-507 
1.136711457375279143029689910709472213279600589228363794844884653248964248205855331040110042643270184865232785366713939015e-509 
4.765551198701652771549903684854570707865593382295290109363650373214823771265229245440958019448403075566647437485757971080e-512 
1.991063304940124492307254574195631356541388453647576314103883753279978718370887669252771061849959038780819646856683594814e-514 
8.290402415456742237974460786835923744161313427403018178865225128183343305133197798112234815539864362635599657582078579281e-517 
3.440283364223010378067376340093635615260124056314285930684409791550445702243358551687789468594499329279731358817753206479e-519 
1.422820738124552890774143390764830684604627855122537685268247341963207130553763325250633378406074283184105267019248713881e-521 
5.864793115052867408092202353093394973904319458499990669089963430632836687976348288101274027490486032886762027064833912635e-524 
2.409410422704894030744181360596679081767169693423141997179062450465482534941084839660230325098824529184176035028675527876e-526 
9.865823924162261823177731913845954820944776743618732240914022664060949384925069208344955296630543619869983107312405038491e-529 
4.026513938451796617752178313599878318122431817345628213489457057248746782985532657187966733958876788615043576968882860640e-531 
1.637973925097743090237286457573919778546747691961086124391299423886944128860294071212360685781050446994433243614529621853e-533 
6.641638457618417721629693657594406495320678229040629433006077233123211637811342062101346314042415851551273971412355635818e-536 
2.684369948981591388359795554624584740899970346526716192780313666383122197269307888318218515157063368186187297363364579771e-538 
1.081475542246581968370003588999239686231045284517580704022117910164054219415574369925582873231444437083074337331290814651e-540 
4.343165964570414986576433783404049677990630303901981391428974000342280211851915535497018427668313290183497316545095858030e-543 
1.738679845333536012881816259048628839880047236498921747305904566681986027037738316444477723857885315558474534036195163712e-545 
6.938478712978075559925810093795077938452134736853424650912667153907593224372089431770076259393508730334791953264962192441e-548 
2.760248706926621492544490978881251090179618035563123976474276569541174233348872240256861808645911324633331422212999484531e-550 
1.094660002108179908513857533962349956609356047217469743635242392362822169120775818312652261064536331925965391334114627933e-552 
4.327778527082132373580954802492535957497240629813413878234469057083026673633532332274882847731317887318374230756544355064e-555 
1.705741100976614427194114384992533552468979236033441510001593102574248863733725075512609865744418765624051582039410623923e-557 
6.702409777947503032897255242069782524218930308933745594375812299440019119673050625610210591324701043018029527646317695727e-560 
2.625584425060567594501537797062803636277336144174470643754090284121999137195908407668177015406814476630682395718168510962e-562 
1.025428600351395919381363415573241709550848334562583124926742342964534032794850841423098589654025322842718162042830820627e-564 
3.992790108080498354148434895130993650842183374812691258343888751245823656784640655514812964318777365062011626837452999682e-567 
1.550051937088575119258882826581551496985482354950360110479868421127538435898210673119122773119383329049351813835678744010e-569 
5.999592381644815777311606734786764029554343757054197942310926396085890242406479988490319269397064456792631009444293547990e-572 
2.315313960204045710181660996544741209616644890390954360807000594310978472238995546341017411344471247774251424635001543390e-574 
8.908765493565499068573592665165379070964486879669116988322271632644064459393088380004294338874770945893164668951363285405e-577 
3.417837522896937402234891476610444263110650684019428086506016835382900202187362579000968599532861993195219147877809999456e-579 
1.307429338977170169945259144993850575311164706614901330203659258448335395775993889622873939497257888917147754688897490051e-581 
4.986830004176883713861316503895806459985693126990413171554682124843154131770873832520998428498694062347241259593079991416e-584 
1.896605237143202651857210245493317959553117581005597662718424514032626510911497138493438303251050585969935874373934914080e-586 
7.192532195510117555518707621885828652957299021351428163751421105323904426417344761294274374681305817889721857801602698723e-589 
2.719853670792666067516029469896984554673384169536687493848578268537903165996714427757458644053960689280860717505646011769e-591 
1.025591504470143995963031009856706221226583324584233435085043274565911386104292370472983937601901868529324056332141277277e-593 
3.856334188424950622537889225624257181668314414397477535966565725569641684278963203113715539536276913056623996710358920358e-596 
1.445947200340317733688732846131354829764153264424840281733136149140179766671239878015290049076683341550487347218162005928e-598 
5.406470188442887667571767851952230793475847629718684963235914115849561343177582531277475980595478003174938776300137795469e-601 
2.015880619803171026167762013407080600245522204527158028193081948117548186636474436920049065416185869102683012424104080092e-603 
7.495685770843711416761938345445469837963576125047060832701218621099521899431583782358406091322853920214468403012011879288e-606 
2.779453290288705129852171081537639470837767545575970630973215870472099091874673350306415798373231741664727283001211675628e-608 
1.027814283514629094604443043693761772941465298824355136126721827156238254360033675520636929433431241168562559323610824906e-610 
3.790381556991801786975035622907492088741043461858792895593716389625157045709319015316041668428837051990022062645945415290e-613 
1.394022917288563950654933721949351462405104198858715876055773600783815131035126642270435367335532791275206752065754217881e-615 
5.113063970218053807160860655067517738868952168303961634365829430089535034706125140348933867775876336342246090258405511242e-618 
1.870348070287135423533093420460200027055266354806530977760466681635718289009596631691668581367011745731359476825690468334e-620 
6.823372021003528735324298722268995021613674019415737805711724192724863410554163141145177897227948491163431705151558620948e-623 
2.482655838975288640911557382263773691761141377491239124336867041123538006123269528740187227882162392470046863234392505696e-625 
9.009075666917327110335306194638110388568326864478584264754408131070840983350051182614936031550258044629204959431586028261e-628 
3.260585045625423112483377755903284691436539092142605830797483633830606557979937344410392335750105991827743942061153064454e-630 
1.176976232489918520643290475009994125889394397284117932302150939678872020433048058793993987940657858996941619165672731763e-632 
4.237424194980459094902128928280865126569586242924345844217332590997377695040050836140524059917383669639204407275750811146e-635 
1.521610343368947903210208263225966368111719601551942065993904033116405277130280235655801931520295375337807761603521867986e-637 
5.449759556493320657307515903058973007201963216997089670684346014900073160072414055110839981746306274952671083049850048598e-640 
1.946832909375141341869295148152087348840566991243660120732497133725075708534423816011680017364980542848893690504148640065e-642 
6.936852821831335843197768665095535939875369761237267140401006663328676396377445123108435204740621903776075544850958633597e-645 
2.465379108914464836030162401548161647194096495093007300408367318733056991550335377783563255653694781917718316066568341294e-647 
8.739715381415799971261886486299420486434894925031889035917526605130412377396662113430775664340165035041312493892488864359e-650 
3.090352944448630407239028697944609315850784817698021839850828143538348451522763886155144965441495850134140354879955644719e-652 
1.089985975388182041339385429652830854312214450735129750920773741880799018422538895851165787105650025993331076816291354699e-654 
3.834780810604781025811907091653534711244544644911070646432945510096719341311804050414055214741189164819797596254030500392e-657 
1.345772703924388246158226434029188154836666066239171734064289751357591358220077411060069494758346219860222755950159779836e-659 
4.711065044073013080765918102348980790137322557891363417100766537811121795086546341463641972043686357519238476607255828584e-662 
1.645081190040894703956804079548897898561485945541508612850613544292299909772474035744411164176196364022899984221953870389e-664 
5.730348242121021921907227027099147171595625749167260630908420834784672110933118611030489022098287443636321712867391481883e-667 
1.991153240849062594132070239612860819930522302588336098799810058107193825516539425686306278052908820075701056288447494183e-669 
6.901807625568231944306387515903825952333253689899816391047871577320493610456431752582721721918538974412585763378142501074e-672 
2.386491947045453073868403636447473012503941616980787024259612616883189798264638859858841222964412908315695055700137820559e-674 
8.231907383443872281803225298910122673334910804272144566590885884228820131465959873121718062518480584430574003110112530291e-677 
2.832622737434568366071638300252022777718146603794338639748550869004369808284807108781382673586729504223987104296659812013e-679 
9.723645040596536651596896130616003720801142337826538735499135607665107250282044899960075402145815421544043990693564586348e-682 
3.329859078442605011514176600511187100256499208165457849692557489312622079665241378531418055520222713567300434780487187383e-684 
1.137583463040650813246341311420204643763040607829108166070756335769514259328155679434702941649280531858126725742424054388e-686 
3.877087171033316637841726545235853294980754956345866308430195812679413039090637592203017036868491921471401483921383687072e-689 
1.318247402291224425820415453323896509189060631444560246911781109948689330822912579253009378972630977100955778976556941701e-691 
4.471585009338821777197491012770704586553405751413637183284672977190242188648818415759712753966311729162338410996355726719e-694 
1.513224542501182955409648702859139020941199944225794701009139862997013868706751091024353923079433200453534798056431272246e-696