2.581322507470594690997042598324481278758972667461452747226042965756671315419605311666424435109349737052576685566474848761e-6 
-2.627960899832692908683115999375794815704345928868583735214989697158980363757863791641763009647661149514440744808082402156e-7 
-1.100924929006414579083508047115604850076277068300747188740477876328875298813924200571313621291483511267476683405579239980e-8 
-2.709977231790272346661272202632262902335977981262520744710869614487851698500586182663076878688428783953982497466529279946e-10 
-4.654826179562721879560944807576896511868978681298689019852646336369237093825147385719156894978374362173546965933773011140e-12 
-4.480160609697551946814796172634028454779473244566789706281309956155734371194392968474113137246379095030284108290381072937e-14 
4.934232988339184125044584084786310416004016125509373397605213153815653944715789590126363914714114928366867093111063175581e-16 
3.989334535973616772163987138549117826794386649670625869133648860957161219037406113857367789801036722012630876052667258097e-17 
1.328660476843320401603786540395165477911480336744311763830150644637475101274154050693118554425380623154908108842321237963e-18 
3.423374166741408231874938111287149094000675814588014590460944571624423227894850990566254938272736207855986815354151743219e-20 
7.655744786672721482681443976391850821966562936653857025869749220252117294472150897895613152760255517521537979347937994621e-22 
1.553759610595778487216140574047123525712802019425852867843798908340649160523033745107633384845875211192025399668108831953e-23 
2.928191066529458385717950992463171208109999490901987986279418885792186554524483874226831407864921938798760253991228452039e-25 
5.195429046657710648648920640745425111153014876689916629970548280777634228482707356184866688554151416851739057346828583582e-27 
8.758533414016683741588862255390546426470580637759179409092225387153118892723745738220956553528298753707808777431357885382e-29 
1.412108055678387711903051590897102985349417545864788806214635172409544830854087296724404919675207928976562445113076325606e-30 
2.188064086079238536318211574633719572017403103555637752273566900512444059504601997595336165113614017814816643744597064467e-32 
3.270897473023754333582905318625692424214649640320512099260850868191670459903409835655383459544010196241855062596408624402e-34 
4.731740512094268797877013393016451349953536559594302197783866755703426647213882361254498007410052788621654385348795693127e-36 
6.640757369216018238721295277861535970250346269772172058694497853718086906040775447958928200697558929673931708250398465692e-38 
9.060989120183915257374938347003063393664118843610213063736012281251598677019344334971337796805333140954718913710953757941e-40 
1.204141565601338091175890494578719949427405607029238039675097407748027091273801718983234349345111210194141741204197596906e-41 
1.560986942927374598344146888180894496320383858689003567565928065646948207177452400929455135695027689743268049860464590979e-43 
1.976656045250005515667844667356715084770629335991395096854552722647159736263991701879089362567977397330308864089560521495e-45 
2.447900615416363095631559116608888615807598825203347478012474675798094656196989632746927651531994672336371251573678224576e-47 
2.967908915846713487896037505502920953030200560845332356376051541457595417211137999321620058793817018942308612903222069091e-49 
3.526279234818994973122171250282682804908012853037074786459132220659379648761851060589872328384219409968149124114429440282e-51 
4.109290183289622189416940565280681273200562362284944525789694429644428693908678205411482244725834128017339707516379430647e-53 
4.700465686234375965236554918595583316804091890693748368243825212456007642051828518867551968900508970246594512541798640426e-55 
5.281400244345492536383144325978011127999709429177256902980077007873192525182864558675738379312179387360217143008508959095e-57 
5.832780889671287353839967706028859467332227679853197930634563133404049611817858100033447274329640058666355659327159079431e-59 
6.335520164828831025796384762430790434840237144134439686998586511898620969492814784082085433206512863897794875619924538176e-61 
6.771902242228810191892034331531270423681173257378205157238345021350673088952685321849688135717778138678330858803550862100e-63 
7.126643333189618097199410399762691371780705871375545249527339992586350668046716231440006118820784010515532197100179986534e-65 
7.387777587002764751947935167822850310392915046558205291964845669793603309920634474652860206165454772198978605791606661003e-67 
7.547299045627795178075312257867976474095203643533747244837246625636550320718427817770984724387742131971794149753914423186e-69 
7.601516073569904510882703064606244608967006432591782637944500153859808162554077312651931723319329732814184707068658457275e-71 
7.551103561070167597605214742370621383396354894846114348606766824770078178222241727923319568601905588552347186193058816451e-73 
7.400866541221613466932026946768134539244951580122990780628076809045003573993902335577633976919719501105020871809334592810e-75 
7.159253507012274352478162124640104964592311096142497040820667225754526585341706947019149388468510003249435021049181973681e-77 
6.837676283114710658595740018260306072491839451602173755861495550701205421868579241594356057355399701139604704110003780677e-79 
6.449704423763056851520984585761415021190484517450591507918003592765827578551194272184933712270519581002287298639099977950e-81 
6.010205451159405197483470278707841058981488503647733717674388705677559027004008338982059864508217469698001971772603605294e-83 
5.534498448999999912944199373343783940493013592839488976034390233292279188549141990820890320112575918957771634558429734073e-85 
5.037578947148705223214057628207995617115790975524762382656298031332891184775739354845250278549419237722221181787315973071e-87 
4.533459491998766696055218555348811306979110444041443078445938313596291615448294990846503886426579850417832423968427973365e-89 
4.034654764814060314364059481520737713425190901435690440950614736332606262707008999800576479264273091614946205659104461016e-91 
3.551824451719448983151529541081827810568633712042538427833203904762549811963195026527212749999807698160203121813242245626e-93 
3.093572838506790660925620983138256276633225683034057228270105053548127093623539653808158309242724827232296901285868247581e-95 
2.666392421220633572003494681072721447485001131848081834839908931598502829691589494315862795888023531365742334259687734032e-97 
2.274730329995378286879771558440542510261985736560402464586948670240986325729058830738866519985847494098022040219047610639e-99 
1.921151242604690239167889265199504465337763825730055872233164177772914826554854031748955724516577737619161991322368711389e-101 
1.606568516742132031958108770360004026870456370286460182116273139776739033036151618614143674284251264331784485716097022411e-103 
1.330516018500397940476075660030804187557691572873550877718675887908673809527772017639676476133517308953342504345716760992e-105 
1.091435926130591466261793966436980888435133179492544823295973029078192377224562860533792729947219612918756677595208174539e-107 
8.869619420033612062951087370555462892036549178157395943547468572626241516670031864425569600544710923396829295749276359710e-110 
7.141821808483564264744023360324241536326629718609378024198580769992034203865289445124547626345292582206708148176176403259e-112 
5.698709412747962457064289088572700487865844945847501086330359201043762355381477126136982188449556808627924298818336523962e-114 
4.506831631066326317820899620885017239396643415746178792219966303009248497014245030693133576723927529271578901069557666344e-116 
3.533093214243191496998760474209316604414850485613208038100137187468134723573349285978670921975953107111593896416639248003e-118 
2.745916428173641047283353707134321105036383704473090939615822599068368587123384120903603982406584942939243257220989858669e-120 
2.116048013604582672071069237157260768188011804004660458403461859900801121061308981163397854099110599943423677064143848928e-122 
1.617057032340240628250325009726981504006923553683026259636019747805026424096324864464582611251002918160241541575990747228e-124 
1.225577035085556325628889964417644673777229238143958903611828858203677960506811979021782389529070853731468096368079934191e-126 
9.213475463124669931962925020261282071745818193879836004205656635929793529744839146063966470489716813659703544252905494830e-129 
6.871071321050140930388397643577784098337558964564425142852851350099793734035853174301805026772927605948981428987616164744e-131 
5.083847333042044109954395876825279660687561009211804494849121860463208608571889461944038053155463070158817873717882795280e-133 
3.732287667348380515480690969407671741379892673232548273034453306512907381881360178149889480905865936944504133334063515520e-135 
2.719057398117775926003226888838520066638359297677961536543976870509981474897861924834870299612879126328517768161851106687e-137 
1.965925462035644075803996484081243414034024414702768540424222151174853202621973761633622725384722247920865777921546032116e-139 
1.410797221884238486855162314489196176824094845882433238825536989927237678667521810832917923006000758721663118994090949541e-141 
1.004970389204567870493995948604533263284551455932781345551229226533084931865379448546129244791548060010199140722156687031e-143 
7.106800624468680242148349876082166978265889527853653517106683948619745767267004867328401218299248813335058424188545712259e-146 
4.989616270725009248102860388413995187166057152333034345319179783696192399829758676499614639894752370814948914463630098072e-148 
3.478333271342661871846477427985509248726157842104285990875771737764437799310501664754980889578106300760638166612183419796e-150 
2.407820524359965419265209102266996641090253200220932990601034301229702167471676962530422027181789336315961539603606714481e-152 
1.655246856945316334354063692516930122259624484151591831205939170928930491804326128550250444191193504804821642976070324977e-154 
1.130116155436207501868744504460442537924191943193104778692369852450825058497088296267682294882123103499053597208169172479e-156 
7.663727404443897323693346069685064113995874336789179212860449303415649251779360343375052431198231340124729961251229903254e-159 
5.162354147552165849152144528723537938566690648696963679177217591893486529661024997725312290999583700865853581919805343220e-161 
3.454455532361994811999101889497761978852305586705960750759437447477551895685704334403806242841651204503246386875627778971e-163 
2.296507984939001676740662116168459522480550306705948065309496775067172457875499638314523780024825388374321506324566119249e-165 
1.516856686093368795711225939528849261474276494343463718358944655833245455879354848767037463892053912798994284020993008152e-167 
9.954978420726200814574974630015235903384005182522572973282384416537296361517122374661897529568185680701609115097368818873e-170 
6.492104467565298990480820739720286355030722010746654267851408352668834354537213051676878438284400156198035978535634858768e-172 
4.207359329087788235059280945122391880192599075636204386641228570798846437369192299369764041678508389958159459286598835192e-174 
2.709826520559409656508487966293641712826820570663389505897935071199423607516130447180532641616141653681026154642914371629e-176 
1.734639992166227285260127737547417133236593280030437513013840573961687600758070514628707850546550185533799199010044360903e-178 
1.103673914139625012012547522887327373755955816633318528844443642403475035956372554228401692843880527723084231167161213011e-180 
6.980117413464215357219631720204565666974533470045553306734942726379132045659363508438127080267714995000970564224484493547e-183 
4.388353354112099185491185593172842039722157410699633526904038141285659805047108467308560573135812715708123302974930800862e-185 
2.742730800384447599226305197912016515812418080076428294560629805337047936404940063409090029572944238117984367160407449003e-187 
1.704247953169921496013764456921100775843807899766759795003403373755357801453043136462635863490742527570598605343565597487e-189 
1.052870908259207311575313157601328258264756219986800361596490435697425699448133365678921074048386824026544310023923833365e-191 
6.467470394938087160651712959328406186386024929796040253239691769838789563669352511998169397703562846357835017914118268957e-194 
3.950340096367674325673209314389634891073036552290810640237581590725253569988278389554810735888684745506022476206840164954e-196 
2.399377011878529411818441413628631059526628513047286279927287406983768976892724941096968621183374870234459757565141153353e-198 
1.449269856029725476674593177162368006624776390962138070599282695957075317779336586030312301870900625933423139828650401245e-200 
8.705808752076157792721243457790769486209383568352942314174953930565286768964261547355508068191609916663679880042491161517e-203 
5.201157251776940654638734128147155957148372147139856722315953793327607022028069872886271245916995674842637717648014409596e-205 
3.090603715108256974655796796430173059262060906347581406894718254751923626326587337312071907186113327164271324576221371737e-207 
1.826670442320164908806686565758766525943943451549866474658783718983531831753366046107657481325257555498979709230765693874e-209 
1.073918410364841841625680693909959497248817783784027467277453820832281501774498397766722937023771619540336818081420994942e-211 
6.280538161667808670306341758837495069814422126692666276559750615833097526403268465751333228747309202765557059426007529330e-214 
3.653901335550622817315065696725449748535094788212897424985340978527230372738769412064294931182386504281846421825821399074e-216 
2.114806783475309705581079909391769409898916291436130347726902721051505203323622569893246326639069200886638987608199779311e-218 
1.217748698806480119437604945773442475891383258188373566396737004146046655157322014841455139753778253013171265579202651458e-220 
6.976483767238062683868482087578277531531036809527395883252434083565060201472595441349449201681896227835266183151111825382e-223 
3.976728427879923248267332566048013704400671414137857903524272205306388772841963061219973106325262530829111220731213784134e-225 
2.255505456868820862904064186217843622030502056619658901908779285177519606287733884005044527962068527134471036021183357930e-227 
1.272941030344162792637380919166415764356302389469688245117814168070522377886641795891894940470824075148235769969835659020e-229 
7.148858249626906560584649536386723762513097175136709679961203815200042371578420299869580094777979012095552785385435853723e-232 
3.995271757637694409389542346264235012873864327749020052967245077962450164226900772346762423504503114339842990259229618652e-234 
2.222051660409416294690717301750872638676689407777511457212007688733126474135064872342491870376350497930358693810251973153e-236 
1.229919895862863709348190454730639003594726013251107563542754846429001118351419471745615800458042085702348654408835398286e-238 
6.775334402213758793915706165278049337396185219319073606853329776272903612342249138071369464301463821853388880966008940494e-241 
3.714770502737791091243045631782154221229653341869892642072715525328698181559656099928320341025714845259918388965888976150e-243 
2.027199241387377991459101018045148352305713192546244018795440943159301513939202456975174626009085912988281800467010707265e-245 
1.101132713784399446454049194133011676793007330273176607933492730248097676546108970900827718195466097300077232454391736999e-247 
5.953563888651938082322242399166979964892297690657190369686328786077334226359413279725988836989422446481892458591649455591e-250 
3.204229306459983191356466164779732809981425071451190500306219421995582526956219349236547423866513920740050323175095328466e-252 
1.716699297788733774193053817231542796845288508078293928567301158488919783795438056828653069416887382358447054370871984933e-254 
9.155953191806069041152506803292197949022425977080604579217997961674570027379435096688289270363587335334291089274868273616e-257 
4.861451807121641900689573808444888788726586459072834678907755578879629532508569168611959254720346021758734050385466279881e-259 
2.569778340223887246332169588608795376906050489991108986959350735984721260676871603192016739351160914124654468578307265574e-261 
1.352404342628408266761244541809388573944373114208392640113562054999847055192150387717171220586068618642987716020425601725e-263 
7.086183665227374429967752504181685884000105094900188405618505807065666514649540146334415199409325138816044905188085909242e-266 
3.696806708237557533782498068985393196062952054046617299647815977476845365680401501529598610634040750681233848924574422567e-268 
1.920272697838582718268548266452127144851961721922527516869689110131417802482264151790948908178629575185424391422132460608e-270 
9.931938719322810892706833050049950293724850988827101635320748478069091620416297865202290743550830884092198585274404632571e-273 
5.115087395963507558254085655687015395531086817693968350489271420751179739697026517724775710160309171582887380018456330093e-275 
2.623208087813203285605174247839521047264468096706890935478354012068946369703192003446694016370889332965149758721215799177e-277 
1.339632432883043157740153181195853329617694060729366598657449433735412253941643846108063830889203818560225514884180194494e-279 
6.812777093415415900447147173158574182738115411871174519535050435336077538195522950367285046658571818233494052871485191265e-282 
3.450329199652529755325895618831568617171176283161327386086092978613247562072232365469773496531912915169347661995257421135e-284 
1.740230416886714464367715147349917120397436614830926554456634025141350136548650868873375839424837532942685886379526659958e-286 
8.741273636086554153018149617388188863206329957226516103286230823863828654126885617591913463771007051162991610165728097207e-289 
4.372966194977277760519457177669513245780395629990203520816996535045738031805189142372584286081820381621820349067011545021e-291 
2.178825817046216262464799211692388340410080313605840911297046949478665437744344858800442130202721730384263166721187573713e-293 
1.081247904348562219422045489245741820628095281220305055563645190303698954235461136128122159775875395573330921272656373732e-295 
5.344359311729758979093142998248049286839773062768682931747429597669261598915433903456999393982219551311427109196646620365e-298 
2.631144512630101889504706189742494833503555344255130994768888184134316441829718819540910384417117524908175389343408491736e-300 
1.290278223723450942917717284769780617827840166934477596183910946862359102883199236733075307369633230041856556957397044766e-302 
6.302638974685868831401554789621680768596736556304380698193841671284836118715458004419887699139329386250997353542666667311e-305 
3.066708754488815582663724927321250608116679588406357532613571908943409430743138105984030642780805520390654459168134689237e-307 
1.486429022778617392546527735078571366281840714293826078884076371484065137229425684112847480479064812639079331410104489148e-309 
7.177078992764662745293969520820192329947864429707084354721719796355590379102504944251737771019480108617167108172445424352e-312 
3.452179850350826210888719382839624773282956695638239935266534686420800883164447134670331052423365286675489145615096824280e-314 
1.654212648358404349546745075346634235507479078770818607103134636692818207078452405113900356376362218489954974699175838610e-316 
7.896805987269175720031971217706519743176377924079793219985691120185632885748966068441445793703290424096451135961064504272e-319 
3.755637357168728405752347034390083830110053173374389593079174142757215866163714978572769033149339357730469979082242963409e-321 
1.779498407199490378048234076742562045737614196904478390797073119767047254178119128133368983483268146160281311540332447314e-323 
8.400457258178945339323266163551970378091233240779795422320302309337253082504811703490860155130533733725852022715574815015e-326 
3.951018816405697244133033923184730185532459363549681551580140928753295857834632808735145821586298159852028090795701903736e-328 
1.851507519994699558417566151808271114804668464903740327710484999530551449803936615849106099829934393456221991898143623073e-330 
8.644926808933931470905982488429124362646647978170183166187433980774427313981915997344268557606361013907741264633826227905e-333 
4.021848934532365104877434623328926257642370902338900275834964893837576690488481686148432079530128892038561084983350679894e-335 
1.864351532470136931423611475567732760562348603839283373531508058925899803463373242884533967705758813744940989630476428657e-337 
8.611452029658051039636449908930998845937561090570080755875130297175608910029727584970240020327530346872832260715841245165e-340 
3.963513218417975527143119339504060165332822296660142685378362423054966611986906129514375481668247683167018880730971762450e-342 
1.817809133974300356610110438769404155203077623808006933091583961662891876258097456762527938416156248250122653199773259920e-344 
8.307854840639546123006970004394183659601004700490385010906162362135830721734419805625436374720350276989283471317027674418e-347 
3.783647484285229270228885418364123056459237703475821037196086492294881702008925005913934686944911436374313679155885097985e-349 
1.717204372889019522861414925628954368336857974837682322422424415879433363980810735573448092932892789986149831082082967203e-351 
7.766603966212519838525120455972242168527792858399451877116482390840193716651286368330671041049526806929378953747752505700e-354 
3.500631527805027253091373705271145797115021524795950090744809590053001400956927470806217573232147645961939351779622902562e-356 
1.572446289617690915909736768743118183853528693276513492317550457553548033879249271080906929940663119144794331165019006755e-358 
7.039267093001378928743484547630652571492945010156787463078576004113842032120239744129281608480818352823732251889902740800e-361 
3.140575254663719317431429523226483570685525161069238987074050432257063314213262030593915146699210662767351491642719871312e-363 
1.396461429005700999239801310153013177023355521717153597434676448847495072438461493400685094041598376892724748319041504940e-365 
6.188628614235303558074947103998541487951616932200158668170662700473829614765067988544521596894425437306103176792309935219e-368 
2.733463651988087346785313483657511232548167602258520352680972094540337923549734819929345094912039281147519357748996535708e-370 
1.203353365488818218980759252295395166984439283241407532763612015645353452544319454104410442616441208708363181443905075380e-372 
5.280092663368074215006995379891306068214025959888421582847882808977233846622357546255929881116296055454195607842597494753e-375 
2.309222741868547321047091152939541823769310029572234203071863089314329197311729057737446798505672514279837225182980941522e-377 
1.006638095487196752536593669312009545122020916151479785370329164497933338214576784634305855531046054831312365870951618397e-379 
4.373925821665054588306806082271972108054815646344570806388672273032630486276249408136338134074917132642115206808937160245e-382 
1.894380278630449572594559896118578155015291405457116394471902794318910211928916285572800918706529633656896637964213081937e-384 
8.178388176937067775163015045720769425893743654817979512478225042661435996647962436295498802819141012609372629035341654921e-387 
3.519493061478917137451637076754862699996013043576773307846013826405299836109643152765041638698827876436897589855107602668e-389 
1.509771773638413890746802112440100371450556413758164441781974810779043250897267180823489458735867067043694043652946241147e-391 
6.456069092927595665895380115225040962164058961846440207633714305291291451448777498161712833548095429038889078733541172344e-394 
2.752057668754473682801037925119527872171489677712327226490152156575032741111610837422393392167245861282418388899033832758e-396 
1.169462030976540771639335164694274338887272727312956299308495106291548529832473910941147877650972763867213240016813330724e-398 
4.954052793345173717067368842080838966215483354390218186250941471980610478854512818080948252081763714450051060949675211663e-401 
2.092125090078024398348454284668644416303740363469017772064285126200589852962758414877686870834525135231574768915709838001e-403 
8.807927192149064875078258007941055593656233751311545683000853070133794618203349398697378213132100087257540873901958464475e-406 
3.696794473563162401121830695803819772171196765549783843041841015868517961374206588974625930990534109916729042494119539062e-408 
1.546852219216837568303639370767354483537012298115191236343515567302671831153237984196673329917060500161503275699881843207e-410 
6.452835788504978342013201127009227638507177443848878671827513063857357165391585506432412953806784573035941093426212502303e-413 
2.683718443828116791028381567929037737829688241852260834304209342983976956323035828302360852320526327944669730933427878578e-415 
1.112792151305237785548638566730790622427026168041820477063132861427388034452655342250590551418487349661659019683882072434e-417 
4.600320371299010002017539836215533407048368919371210556040932835345539494783390257484495613087834647256900546575724746701e-420 
1.896116932748996844506808387302772682721962783401765952011223229221803522306917872504351831514923749934810691453521981911e-422 
7.792040596764358921036898626350192350700675581924829944888275248114691668484704063467463143735170789434557240800346619934e-425 
3.192657449432277118402364731162403516659632234975537987826908035274536800039592870414745358437052655399171451281860888746e-427 
1.304290672531009933644266147991650940339430703273454794894416437760451128144346028882927436232066820359369101740094358484e-429 
5.312797485636110975174066588991719263256964300499827372649881923023270789706988779450346035889199067898799508587234276010e-432 
2.157768008904012715369485343260260110540047646128049260038890056551951739557038373750095978258957363439723919986911012894e-434 
8.738252787903633737514048250638997720569290962402538890142827119154526663399985680168419921758810384859640193555589366216e-437 
3.528486994232434867341010113765477130483641896903603096916228563649716705003245957861654677032850565822698158961175173955e-439 
1.420699223855078053785582734139866886254374831917294419396260019235465967304709818084574491954145125519702744278092970795e-441 
5.703888940865044848201813320776314231597383817230680169729846351722023781846816357708176655176756323928221809193840530251e-444 
2.283498927450545904178379665487301908304923695709767242545461615156466289604617776081557434874389534464138237262039775824e-446 
9.115843969682172702083645565718459957958114660877054896860977693927640811359152409621754599057141398848361581707280192942e-449 
3.628814013476773984906550013375003244381377165492791986324680141844506490959084124895825477537871162945014359197533653038e-451 
1.440488113428799463460512754112016822888056658563970765780249972241477688839541075759029083123320077225225016052488115761e-453 
5.702130160928599154759791999933346994509144093751531240407446629272920470257482494004857764442872276906570941180189795968e-456 
2.250879994701525969426794891571938522050813940653206231712239186898956885637558794392627916377317105676898405841408422658e-458 
8.860547607118670317903240986646198228162843959619899675822434273163820313026837757942233590440187111485482840203988902155e-461 
3.478299593708479556142855152507373054595977081387385024178774018336731643434251709610412176084926103023292944630519203568e-463 
1.361685321535093096099075412825006069630592092680058415405847058787451000729040257297903613034599461374663936899810303054e-465 
5.316122426187597723387686993195279885527309234410680840068233602683879661598147644117528660455636640835742268466079317692e-468 
2.069791957831924858604746914241708521252363773847365390399202175360652491846435282769929004899106240622182288225886394365e-470 
8.036684709042349910659707460445472463001675464626240081673352454356473501206254083277367321320115560594077403850493654282e-473 
3.112079243586352664264873339692444370862178120830961540842636526169258583325621358559629190003397820599717902970020611037e-475 
1.201856917333363802617812193394075069349527387729429417649114484413609636225717943011966134371570965503129085688689567642e-477 
4.629010566962185719117833285462496835928469717871168120868394850970727935991575600585507399590566993773027160992874689044e-480 
1.778122589286706355194068373099534550698640962160712000006881575810415080440316964418957631708661186278704016453194353215e-482 
6.812054986320694086085675867988680528092429657267992924694094671099603955858471523351046293686611434898137298919007091921e-485 
2.602808785633181705834888017755251847752262285486768673965596730276562643864252838772602502923848557658500959756906146313e-487 
9.918791721712579105426058978848908505162654063713210893152439367012052218333487823538674406541381888603671488260294635119e-490 
3.769921782850343349553255263806513552389129333893922792601248871771004535222663345894893439496943157089038545359959317751e-492 
1.429116406162851046205202594448075125183774479485472387897943226389944788748746413778072112691204795369991671211861659100e-494 
5.403425425138162573119758397704809419695628375322827464055756210066218344348445557875202506301907788953830554918873862208e-497 
2.037706203542945034080422379464305347820064587827360449837366762557322581177481996425363944292228377702425354809827183247e-499 
7.664597276345882668278317935111524516821043717609401114293837608004001305272100195372202342392909202644624366515214091943e-502 
2.875523768024873955536135739553210755303808332569511962063274316207062723301159281786253021757422536144028005391840952230e-504 
1.076041137686109625173419311233923743633009123252707589294278227419635232874169488518599013728603616982677238919926258327e-506 
4.016330910083491150066865237989893429836944466744499347087380945349797340169658814789562219587733580652596412602778310616e-509 
1.495282224506237303816017581226303914442550497377635305878604954978741216459518149572372307925398164223759672177098975090e-511 
5.552828481853890849109563060406586234820428235765722040917015295842828236133935132569099256571972112108735552931043514509e-514 
2.056870989268262502560759773965473904143256259818267956228065691852711062017536168914472762856228937085975351559789960092e-516 
7.599863935553989071751188509853995348645891468231568531107593253341634176836230707895667614590569959453009537798331058748e-519 
2.801010791038568676268536650079660683349939160073244953142153111184202270099558166131812386938493814507186891543212130979e-521 
1.029765041705658247087778153581819383975203073076705451958773162184018948575027936418411516775453693395692183420740650790e-523 
3.776418070327049551291921382752862535481813316757528568521295049394934481513633221383582826239575849395703681793103668645e-526 
1.381480247628659778597265824826087222771904561890825870046549818165222280085736447708795906462691708123861309586614922365e-528 
5.041224977002679693605820609826206944607004227100794950791438997455686709614699897095995248919921181784296167597668359464e-531 
1.835094063410430304076027961382463845621201962058469497687815750394614127043527764968545235491611813956939934568146208490e-533 
6.663700432422392104195680603925806966656068129226592879149259260941026467854429476933582220666737708392315156007474185275e-536 
2.413856701249305874848439830995919471304403731422437827614789345299915853963412862269171619941023418006482166549805790895e-538 
8.722688400362985190802539175963726736431527818237166963119273675343678249236496997238793755478426922349191713718863462659e-541 
3.144387241851074699091610244568821251006402082469683697506815968688142234420383914678576359279310575889147655890627279601e-543 
1.130765094449420955028394975854475358670140173425930277693313244206018873814108726703799724320094676575256549255857590233e-545 
4.056610790509536214008668684117485837900645881463320035008017792119630456315102187005866477360418940606154179658037315704e-548 
1.451819806487756140191022323881317663923790553162357032459664964264484239855869908747350647908485051354090329524815021450e-550 
5.183514753569418810294329773736741627768657907012034418435451455027652663099723575456645163221676962600563435409279083229e-553 
1.846298841951037077292709696413942865060703961306391398617030800968526713018085810377714518884716393792434327193600660553e-555 
6.560689026280598214763288514668164951777508750965805303908109357222896662517622601807289548268534897820560620487219005184e-558 
2.325789675589581254824159532625478774665951360006958225557533154950209913327155843774889046624105557755575727888459799584e-560 
8.225620294462613104476112110815538446203115922811856821538718696198637747814304913096581756708633573939172655255082004364e-563 
2.902336667789428755234404203680225568702469084090277890189630412079411849984190277157123052517038025632566134361741095126e-565 
1.021671972417521097484963039800945981885777306597223393467391302498100914907042339386582973141454745960798202157556272890e-567 
3.588090203617789485866488692940074490527650209383999034920506344055420423592519499548341590103316035803519152899272527700e-570 
1.257207615295730662380200889225313677719823902836883959623199568595123032301800371227058445896624084736279670640430676235e-572 
4.394869659577198508558297274530303646530991391467940273086881639554638405554822111433598633920648035183262983860122249680e-575 
1.532794327848348358860464748212324309671748168645452625403136764852008408742294254277146681324276887313179962841190706104e-577 
5.333645840075184494122172361234352656145113249153688226374225244259651691682718951550330912502130775647560952421196734274e-580 
1.851698865866702851268789134535912488164286057654463933780262350476035221088189220538234395560416984960745950116054289124e-582 
6.413954987068016065698889740490236775312559206779797709242970140243445117936375659844356956686598153255851964596541456099e-585 
2.216635358352705828252503471828061917061527802848298340679277720278600154546416492010386598288132996908721696354974624331e-587 
7.643263332294168091744828691374289811886015670803061824611590988412677713426422348303272936099603709625416356303065542737e-590 
2.629559466735934098246309582371602077879656496741407047357859090436650163247478319085832215307820386411099367349593088679e-592 
9.026307940965433769200294850674683270441583352053113477719396574212817905965434910243708957885509434755181503055835496198e-595 
3.091459864361649207623572179879058064102797661117034572994639284153193117021421012795202683748599772922967108323329270450e-597 
1.056444571598622803878898802584075437225557028580837737856280046918505660183533707559368137643312619928058403836394257148e-599 
3.602157943242439505458667942186629868909228757460055627748580674059598136038939683142262892332760837789519003487874255529e-602 
1.225504728118067160609195284736160027641585210740965415976674599980576581977013297037383310324010393339124228448704152399e-604 
4.160127915913400946637634334280128509096884896722602586792796715664528600340687086818026766814426943273374443011126298399e-607 
1.409097544444784990752338925327989315770967650301017961297991953514672787760442055180105939766954156083070842713299274339e-609 
4.762350064230889124331402566988909804005567265233576682869130075361520523383563284222577903896424501809542065499731903903e-612 
1.606018853728936729699526937883082441896221658982275194654710779105309276150649283841888219998046987511961517645403325759e-614 
5.404209649102915768295899302791082449740522183644657019671677180984630251760435585280455893154866745594218405475204024904e-617 
1.814550675354371941075549269456043119071167856186124660442354025991967181665518100397974196872970396578977366100033650536e-619 
6.079452843106051480485840061886521264869922121703397941218895215846545812339047353081733382717822120096454529839920570841e-622 
2.032457447815182647727155055830226393548890802639957139622553562028654491285694424816806012237063393131267755670950877660e-624 
6.780208957697376358999842571008955680527552825690510637309749953774720646999244945779614692262594698688819827643826383452e-627 
2.257004355192541330887918796983029594441746175546588440779608858184765697917956797567723323417651075560560435298873586501e-629 
7.497085262900426147684745497520371564190392014107136783584508604854375884769027392801729881109790913762433519348331400823e-632 
2.484999176325904861239806744322005106081593768104530559483574771981562289036573118234308265743832454073101362592674915830e-634 
8.219336976584990446820113814152952192949186945515012165916229687918426557458568566226602150580482276151135805739052706711e-637 
2.712857815040438625158764522902388093984640885440008065074114194319577272542723697543654325572784534991528052560711309857e-639 
8.935110746725325980867518953303773174722289119875696958370169292987501842150633994175597801020500944702992359189101879281e-642 
2.936692272324270908844276982211631306536724994930049072031167515876493473709138954685626553829171203535761985390134576280e-644 
9.631755441528054539170553046739450112314206735348134136118491338905772434037864733053163475956107240292749073259711370116e-647 
3.152418392975026527280009292983787796492798964335116319337379801015806488390413789899744352184655642866271109209631673263e-649 
1.029618962094725564054200187835704908599827285107292291241566273769167477832425145445902292550414032982193933026033915683e-651 
3.355879365591179437458336068180595721241748929490822587783753463251316671717975195212773932836578832305880954860077657706e-654 
1.091531102789278637186646913323104110181363995357911008392373567470384770520733040567198402010713965076484462133767026400e-656 
3.542979782284210288327369893853460720735180992880057402051481827607529049996688793820871865506750140867461997546587108788e-659 
1.147643013469322157548702369364788385999940761161946182313392421758571233956000048467260581336826017991625061664087809256e-661 
3.709824170680091861335420191115095774141376158572144409091492439404942669697252272225834188689787300069722832540784028447e-664 
1.196770749336635473293063110450500571835947707423750341558073713182210736768276300137759315033558000531990466603566986959e-666 
3.852853375082957144111095761266153707331085439138762240235881019018101500609991051658394740463182767098920651463317048277e-669 
1.237857357972952902543181656298425935616100852095358833107639320899442974548150935062735570600953778029450300331396387627e-671 
3.968972039502149881159776419909978221332644664252780122708513240821100939397209868644475776305975169038717723451928531023e-674 
1.270011011193175962056713650531154742621539810732998974360769263718688372498938614679958234517369002538088997544409081556e-676 
4.055660754382468175293943480026971395292647256047829077626783035314699019977391564733018686144456806260386960118833133450e-679 
1.292537347865680469859008651271482108515987572539377960053978629923723121645808627989754105619309806055449209979599451184e-681 
4.111067158777406396840681412826537314437036009292473339801621083732887025276471164539171257472611603455755300890335175862e-684