4.803440714856330105579613146794878532723789882205156842775247077235936881266928068145128883088051134783467068324122325838e-1 
1.088994809578711904974277175187785914794576447636149064346258856248264120878618230182902221754751432764970295586092156117e-2 
2.301544837626685420745686765279863745807132733335035145703000706067274230211440766698178455980803493631922024734337808508e-4 
4.583877435490661101453015536499341989653826856131275655720870092594960700311697744504257636093891751232356337469691011262e-6 
8.669455419112108507824328352036556677707886132852408767972268272412747216784279925299440009809956384782372150617029097746e-8 
1.565976500167207389169580070871817584682965640173917294241240481106541141891477268615008392155544670883986276584442238184e-9 
2.713656240204940036461051458036400920521727502772747899791733314932139203574051878456268786719465960059076370158222183734e-11 
4.527543371432323362937754168684696595794071496500628257121694202107352567994818318276272886604062248502705511560790301818e-13 
7.294508609198872829997892956855375232844509026125606669985177038938719142122725174966642162077014198858411775666988555420e-15 
1.137724030677199468801821114314635502446111110366986852789016997762467775961593773615413748149586421092581661674953280489e-16 
1.721507160428515616126540980319466647338359987998782805463213407883466508173590742434077354822388707729155482663794182032e-18 
2.531690397802830341862296604444487800630299989202027204650221166693152469416764325124347635865317096650942328410030140836e-20 
3.624440005928551283802425991501061753797892472222158452504873920050527910558521219935310946112460838088318928575330297385e-22 
5.058441618364480743160021377624489349600569538156935457953373117927570099030551355344776714161976626996216146374930707931e-24 
6.891080592262988340471452797874818047482363725816368835122165799092808631095438816802360884984369509871228152277766180545e-26 
9.173713989491909739393096947671813764425346949522100067424155315495303161829924684260070026835147437015379777464537151421e-28 
1.194633788592596533941523673679465264051437292252420729251954936456886532819878425657803994206819068485444971135117901208e-29 
1.523208877650301023717975221998867085037395701027287198118042899370217803378123680315205423054457438679891700813293699448e-31 
1.903211603581006926065612250584997612047347785321387276551141086549529000367339887285520192811843796747279567875678448128e-33 
2.332140400107108092884689874185288556922533928223841353984799907975580355316424148408040194218200977128116092333090040628e-35 
2.804609438234657837368335594086128768381994455258582389929529010045091660347658901596307495703173659408180168387272982333e-37 
3.312275911129959809205011450969982976934791492256977495868320847624632050497884338384124038364684334814924425736840124423e-39 
3.843990800369213219669881601725723051360190233134342703363465698488825410532148945289401475888247554640692909424951426566e-41 
4.386180253439033095857571372455637776971546366939323371593049187194159849527972295732716252810689436515827484126325104246e-43 
4.923441219019290817127395514149643315264237963048449620492822488008419911340117153149008493151465738194259969343896101762e-45 
5.439312283284496981907701903227014335664914600756878091877086134610681023203825621124726298174346407966727896994897569521e-47 
5.917161631071815034166477528389275619191677413845146369394348536848093152227653188389806636940763237586794124014693871462e-49 
6.341121134379880127127814004096562502176608113180208084054455354210961059275875042124275294384839098815959255744155588205e-51 
6.696990320847851288989498112257489683479066224138896579390444463887327308772545130242815506324272489784614932961937112902e-53 
6.973036922417618342801001998718124861058594852648245402429063751138652346076860158805714580973111886103453499753942089588e-55 
7.160631291315513043868458566332359489046834228458915940866085207751998841435187115001771952949584902294651475290228665740e-57 
7.254668685931993081676547004243006069396850746827475938315768257223391278721103601254209718275234414753572120819931154465e-59 
7.253754074334043248774822755643619522516719214593069736614228620198081400949976021587511647647260178753822545911901798643e-61 
7.160146137429275632912434928450264714834599638271223277829518566845357639910935355497419075379890367238887336787662231925e-63 
6.979478060714555586358524812821014391694738191200596925915137632651057646402213577027068023125591372249693423412689502798e-65 
6.720290318089973354253984117093367701514206404307466593409611182099584506880900241723636886617642516354115409037015440018e-67 
6.393423403564294731484760403328949186928697725807960965370212086619208371346130319685343151067412396604777374297357111564e-69 
6.011325515736220139540238111661300801756705187970483831423575787483941316910996748306292503881073936407469765328071501310e-71 
5.587331451418695416997243894068129761670684611320200603083103659366157684902200922175647301050159405821135706277009700103e-73 
5.134964986894161056066646599048289225868268972955099110225525774411633419342065664152074297810762760472621837354147776094e-75 
4.667308889008313391196420917747765872824683890053680402115391388222363240557216101152802723373119190276442591976656003772e-77 
4.196475776143446017613425988614375566313861602888970775366545530320324168518213857632814484600088538730911022219032094138e-79 
3.733200807034033165609073683742966675380047094739314196024493835716311762541640146221880482749730306335018665198130868658e-81 
3.286564987406997869310505583639931246760741871890724659775168308795108504045870833045315800777355227957609634744436282987e-83 
2.863846890786015615922605463387519175044899799530776008153969803189778550623002769285626232687762780996610101387888712748e-85 
2.470491609555824673620798247108529695336036867205920699487045920694771512180433517053192530679587685301451801063631577295e-87 
2.110179251442903205644291862323194853310691541838829800805445092709264093787167833228905967719294686911636529363424347623e-89 
1.784971404233684209214702518407405740971798158636408499166786158302365202140087559267937487512906919795433729901828541960e-91 
1.495512553506762003279425114620111044752926487364279293334317941460586417881009112273873934333417697933224114632013210172e-93 
1.241264091468604598132932774191328556943543677578894950901062045430123916373342811687234221539161368261270171513672343510e-95 
1.020750810941420241758234581245438895864526467765932488031952437474038946329074505182576832755666286553615182154112772981e-97 
8.318031013894763517838705323154188416223252565777131141663776363037993178622861830729280129188286594690650521097991618026e-100 
6.717819367567110981954009318710818854689096858793787962159503816242321665311848550714214874247552231155610328280474309708e-102 
5.377777183024089549314029620878545531944128066384571605704820428857282630182096609245937192070735396316355138159342346702e-104 
4.267777566583542147288271469352054621138985092059157964367949928313560167044372134139547744722903498391754459794740471434e-106 
3.358004012780121978281310360731195950792613299382392888767955570079886014039559238845497300335672516991576981541557358024e-108 
2.619964128234253952718639528513664234489908188821055187590756426471417961919354299847332927903565761099603409126274905057e-110 
2.027200772267955573476662189476639672305514688345582137617567979783778533629395640977209005379744485010293519715252958254e-112 
1.555738039661534940109628872965680837294465771606022895913847439369436567962045445210810946037442056241056063337600744794e-114 
1.184306109882264397783984943928006780801350527232928853142547219021201883059026596684963741552723921194069162515069536656e-116 
8.943907991950239892389298730006618086341240838428084968380947997783027321025016036385723902015854079181426312696520466675e-119 
6.701518460922743666643118840635752780587249637215174941695890583917139732050751209719209627248086262046190907704217077229e-121 
4.982496809687789444219479880275873833371174293306096601975181188830740503811640713959080133778085706152632839207555427010e-123 
3.676147006541084373534630860205801759539022673478158561736301290696330908327973086905274151505361077929606147658287204380e-125 
2.691867316106125375670857538886784997705242471405368133552494208006640390836588840183659825746317143724219680606667464908e-127 
1.956460659390492334128744707371570020362500004867754373858366220821693171355859208159364873173840508526618036526178758103e-129 
1.411516386626502193741887038008837748509378583445574970055943306650101830288414797290894460645772170610681721125946396502e-131 
1.010968546236863044986806930840370875032320997625588263864460480254209362849594649414452798131222071450442915923784717092e-133 
7.188939622141620723486125429504845075317005830861813639234918471730098270863247505588342987172363552259880051405737871726e-136 
5.075806735724631229330822738392154773253778453845982887691189404590088340902466645756282548319859700007766234982460874475e-138 
3.558729688141086610526657124426161281973468022654868987085388788069919449585216656926895941912177364530238764380322656945e-140 
2.477823297288769024480371464055565506169226638915065503772090235084820936881342910035903611952970652041138151732511715258e-142 
1.713428241641984814055080431961332332039949751411719774986212923537537002641271514890875356386759377683683475516014286782e-144 
1.176835547263020904742728526245937461368675709371821880860152064234756246788393146414123247444141617156776395984665160694e-146 
8.028845547404217995616637707674064740257707576711281224175956622725494406128857468104608785628758969354315956316250382058e-149 
5.441395777148750526316126306003819616086013959680773807200150477968924447125232386843986144633972054258183995637409255702e-151 
3.663693037193191494400313610679918900759278914054921977180124024306114142126889934666616883159726324476589403956078141709e-153 
2.450813894386021211837912996183549211682792262311422894343325084819738358411372443411812655738435879580597311248876134374e-155 
1.628974615818418942484039114908586001278726796123295723434286582857587479657928217793422857560591750482666108732234604201e-157 
1.075871958836901314748926857813184980829329440678751096409647254439032904171150120346618029682179586486225735142492858881e-159 
7.061192555860854868790757829899639498539242137566305473364322063915510628588905502224474925692493974350282144344532494031e-162 
4.605693040319767714707254044452739509252952557243283239236034608568075118275567819130166423905650752541913223863339484404e-164 
2.985651108961811155676880367350041316011210959197285267768185890247766773104103112935648978923817739558164214187450893414e-166 
1.923699917899677203130506894285347337100590002818258556719979464761340752579563319864722684367894967979072043447383350233e-168 
1.232015862529044997320280551173156225065220677052344686835251780189403251601114810726892289014001179470047742147260956828e-170 
7.843355897775120999305562738024454184511709848109826404804850608746016850287400004075651031653687328466997547246690929280e-173 
4.963860908358168323790342279772045023046990395955378993721375636015227941033719709008683268029659563907891084947849374256e-175 
3.123160015658944578382604094791480885820258106037295377099043241177432951599800375978661786434302646973968069113426920146e-177 
1.953665496539488707617985243841963673020031066805873750166764929771832454874005686494177378034500150584960379772185669182e-179 
1.215098306834409599541469260124230170115123556170723540933713458318706284048024075998698515199041968457513485217055729052e-181 
7.514520798615125446113899048908411894676586785752365718447182124838165896271603262060077314825128548488979559945574419418e-184 
4.621072696421916284349152160517130050368205156488484387262281978693757168919910777211598833088870391439187683516354449454e-186 
2.825910929050484217531932196727584764584144412205522125783630113021230994688215680581360622309261347913133373121541745699e-188 
1.718582510432895627367490961497821598352742181595771322923635575896278438606140795532966630837631656142532373570354139850e-190 
1.039441924319702661369432157957163254022681321017013539928132564947842385318202239118775462393577228829601033157816086948e-192 
6.252724005350877967151470406751814917645228277463918970768853543872603529241805080319110711135869515045572995805571104298e-195 
3.741091646005739671628755487709588268662899880660094387180606082978754917303116419110591901291426986292485761258791887787e-197 
2.226424531069060395988174916289263501256328743093972595322495647643586789279164635660215940905711564768312523073414795182e-199 
1.318008662194300625424936528229642780174355797428378795583491351666414617656213907045154303524268660560782017965621247396e-201 
7.761558832360186198787859822010095971740658522896159176795759680255557489867765028137795909651989551831523871773818375674e-204 
4.546942279479454240140280813451495957061504366753956151969788038506677286898734732830937063125323472125770548161013996709e-206 
2.650017719459747745981633000136974090447469580643343495789418651212103990204175307215272948478485358191425460924795095793e-208 
1.536581785064209822503787579760374376229558427448779078252105966904934160229648204036075732593078535457622637122736439589e-210 
8.864587694277625784681879147030225606600253436413871507737091097773063596687730106580339111048158081511733145288306800845e-213 
5.088331906608472694017084258632520619575232638227703071050325749119986781889434051151539602249597480875118730967995520166e-215 
2.906190779437283005317095911144867822062852061200428205577447799735132971406712207089182548123546477603795271404711966014e-217 
1.651665398933893753452821211474233365924176428425956487921768028086726431875945885327174320444278695149385325385066638530e-219 
9.340851220199424089840563000974590539320963012716878301141493053346977496976013781080963112098810650047738220810732377599e-222 
5.256953784268922121594349611094290862476780268758490096397632423925865067384984483811498571824895080056636406533892319329e-224 
2.944298188339705858838090337732869951875194844513194056749280804551813464230466858528443744874432494836007179765483307047e-226 
1.641140223361613845351839524532674549886901813944102503142206107097548320977473783356750515305721965814779077826832223052e-228 
9.104202855593560954169716167187611587216464815824233893861537282414124045110341245090175289429050000945328396535902310427e-231 
5.026738743551527479707953328379525303315814361454925484974487074695081263791779768742915122213501556797502376617849371863e-233 
2.762449942278826099840779757788636659491038812847156173990259587234745299997677288689301107091950506146994572532550811257e-235 
1.511059451455228214337873819157136923086422289668448118937195080972038552855537693665075967495353898182851590459879010261e-237 
8.227403462873910189384045361092524068754896453000780317454103804154256654204526966523626662177998700946833925217424124754e-240 
4.459159332410586487890896403219878098171349037590269353595274925017588282595667175462402342607647998745520384341672343499e-242 
2.405840062620470650636174685637357719023872668016433627817527350236591783862398025669034137744138337956660979351731444890e-244 
1.292166484639826312218074494167121584451418220710246728211044354931199609166462502915675312492888249588886777576236746243e-246 
6.909113440562429341372117697342347302093016923605804699112664729325437367650741104664594019977419445714396680566902202669e-249 
3.677835207416998714779497402452071264204254243746755017315975853978115661661498818623119657531400365034622543273235884336e-251 
1.949135592828129553085590295189628958602937455956612044887937217370327799246699862804208865227359261801957181607461618148e-253 
1.028454850539708642851438759169936647847751278628253668089894365783851447875470726957879495824586376851997212083416489702e-255 
5.403002292728271517880701920068407874598275784891708338440773275597375375988210826624709644646749629886939483905024441725e-258 
2.826213527072229506575975262710608324641837119975479283138180966746952796390544106949085149258890453728957787460871274152e-260 
1.471999467348945820972172009592039709200397306234197284213916839701855563818336880033434412531259646611712226458126908674e-262 
7.634067183861161289526914596270430165162335925570988933411560521003492812129419704078438044084592936242292004037535094465e-265 
3.942416853070504737838913935403814616063580468971101505861998298434105147187573906024287652965078125786769027081027997030e-267 
2.027401518845799274611258143858442815610901133311565346998506972796717797680960300744187479003379671674000636455910197347e-269 
1.038245117895524081007162728297045650131842359791256257550572373201748810171618476831460492083669154273043486376107962841e-271 
5.294866418898437029647794648109707454731004141872770462456160287513959042108762797908586336589005483582685242231376598683e-274 
2.689162255250449315202029244404809174246009862021000175681263782181571183554106420897896320983433632132440332759265680263e-276 
1.360183928990425384992064869816100149371755762173423274629399534859854364923836931454432988523196085681183759899864511143e-278 
6.851860144448134725861387817552199409594174584468989209582432915308756417215433495492951395279108675149939074461376353268e-281 
3.437644694746225842779235095847890505111758214878168674955435683195806917355911248307968132723980759652649987633766523225e-283 
1.717775507891711521630083290894815030105150208962572262101982855415874850907898112459570407045237772922197902538427710260e-285 
8.549404622976961070493732113487606319223248487773119424853620545975096267283854206199185945451702875920959917519616771713e-288 
4.238189400410445668917817394164500545465833842346824348362664612825096950917476504540898738885481121722769372698684199976e-290 
2.092717988328491081225306005608278058507058292039721193359041760304480640135256706119857429355293390154997548037687647222e-292 
1.029289642759389909057137637041934250794667256378266949526641415950965690940302852779961916790923317800108687211051308242e-294 
5.042798328685818712239298367216030423090514044761194054382886486460936509509291380078948096797266935591335752584217659739e-297 
2.461065188216398945918488601308683340872272950445822304135013684461642122943121287500917012014837275177074407165384722643e-299 
1.196471720904479810725811784717744783208938068010074055927606099912348695549239375824477592231364157635214513907509800588e-301 
5.794550028512283884386916592705330984555841217899571488261251551987734877213619574110035774734047256203565274717857214360e-304 
2.795664027085787912972980708966712865795721232596568558247488742571169510712285673172717160087471430370547741415589748571e-306 
1.343717962134316255886539235841863828948484418538421607977653666264538380351605416971034420779896096801811576116483032503e-308 
6.434264747119340949597112733640029208966535476861192133416280918735979717406042491590200593657422012949013876459717894977e-311 
3.069495817566264742008177374238798951754448173281499299192905723722216976791995980525673199952186363407739340619286779924e-313 
1.458888220950125564378084531580933816439346987852496885119234199444969412285102065491712152029903801337474875867554225220e-315 
6.908332989651542908050225639041368284999627760936529397427937657921347653360128313057629710769954817100667513223366038869e-318 
3.259343160713751945556644763975035057631531322564985855274260879377152696944351175456268293838812436863135817115924906835e-320 
1.532151414390718507491305699759358974190247969502436456990454917951649394741162411919777510737534138441545748675710185607e-322 
7.176243118212225259141491103688619013419966665823424219009305713905553386942631612933304032597884139845244837412054780157e-325 
3.349079328717900921718128280905820757780444325679951584319440143547039384731827859581075887942494115526780128265134125146e-327 
1.557383001743968327129733570067224974515078118572474279645490702567963908001255509623968983613133260438886493837535591629e-329 
7.216321869159500886131499299554949301683366493545319781070177540300317431914211060979267003672970640041138801387949577966e-332 
3.331927129761440320663219532701781611868504243939599050872785215058015124995789098805622714963776956585122609506610749502e-334 
1.533002241133578210409536215144114760542294700732495275871807111031479571674365996122502621425858165391289267869809832943e-336 
7.028558194235548313388847542738574644141418594254269396155595695534140498906107219789285495897361086181392433343036560191e-339 
3.211250814151468493831843672652522203106628165657487261763639327399773535279053495444324883082668736160523937383677298167e-341 
1.462093035778925479509826016986257992206005592417405994328617523387206914670991462696570258231877507662062898218372724727e-343 
6.634019843257476548912015282210240809670107112125574170929935565289958650191109633829841709747855825429425864448495779789e-346 
2.999767436218753027289837727479573744458578655037436111312152065397167359172218962656621462264784596336294683563775361284e-348 
1.351809406634234945147406716789477470709404812874206223282485683267207303181851930600962091814691388854287718834408157617e-350 
6.071112854736249303082292040475851204219674349099343587774771795853990086152735837153762948937766277375805165330290813666e-353 
2.717402249148527151948790910841837619901037170863829381975918425716163188271602220688777024429806970003696662504489550642e-355 
1.212216163885115601968434121538619875460626746206021434476325966680856514138059318717637215681977850669384186986184159110e-357 
5.389573197816907027383301419535699102507616655310841446756493922740619003592225099395534958164132845002905625468885249860e-360 
2.388275411876024517158119884560222154039639702495865069911992819198793355722240055521191492078306089013583537492414470412e-362 
1.054818291979095130662452859046860047308607354409960083227152680498216565724042019442342354744958497190852316145891687040e-364 
4.643457900674391702887296806391810754816343051052509783456576308580956402433376931371315935186893512754169488318901172011e-367 
2.037432882800471985503456258440862944390359226219689615815692467205383048371872914299499852617548520536844864343180849225e-369 
8.910668648374554869483712658693560982269209336093063964143059075665257366565265685868152005484363272441868931613161426063e-372 
3.884450855837951660193953929200045586653593822381602637511855156152048741208515036295203129721420948921454749253600434750e-374 
1.687906618321451714313686536513936631452290608277292801558816734842520805987229189334854307790188663343039247530095008797e-376 
7.310947550411494773520598741005514964402338389228164022110948913755517609350244252026323553197739311082263995757982565774e-379 
3.156547540760872509852906164114957270466995345242622536105797297754327562281450044037711209572051351779147019640041462559e-381 
1.358536434286556236978574445899628807259215030333152302645858893932762044382173185197611356918129874709729187987963972386e-383 
5.828507224007462971916599183343949011222202037520385966952748380469860892448919124928619487686261479863733580712127710442e-386 
2.492741339380580049911408097124546843836543993429752945249589065546239425332297634179586146888458505657887578025324648472e-388 
1.062765841338068311557763840387681746873201634459386920666232823495121957426812266598269108528949101966707168166012740669e-390 
4.516947586650409436803576808855478222806728012347532842688518541441756101334917166183866542221104813336166318048116097884e-393 
1.913842260675116010413560718601418798231405851403649875510444256175670061480515659526851852738221899520775486459915844365e-395 
8.084018921241318216347744288883908215608442690954854791748314984390043977624423014137127442168610704885424517835793154320e-398 
3.404199447238869602388451505750786485038524736972879686130339152645653428982594956105254460030185873222149628098958287026e-400 
1.429142405631391977311836848497924086255867729458263607484616572083110726399078268357300129804860776937979475917875164235e-402 
5.981569109514747478387528281772170642249806387356474143063312612048240024343493045347898786949901245403408765499039327974e-405 
2.495974067535110512478934409763901732229120563183567730095932576849423637192620144475102031870823596218202818978986094545e-407 
1.038380424538378774823472143271280458647875469406380849100674959408782886149211685664489144931987111966918822920355153875e-409 
4.306956542507656830842348721642644793950362436521784805308102945716788799854864313423079432993019255025371592266686430618e-412 
1.781099152796377017290070418295743628786596008498311785812329747046967051992245844402171572715569390679944207460325688650e-414 
7.343706173150831532710700773656834163730566536782603973827340168593032645361700872329100353175587406114734626474927771310e-417 
3.018964426084509802661988704305002326199722023077157627879748590613487401261354026860409119451896364339480758805172354752e-419 
1.237434077369515117669788300101911139574923154298581932514782277529060314791851615572835755762009120801964295436028842492e-421 
5.057237267541777681823772684354059863517545624051375671697079488215548801340538033621730554141827391183553759991089505997e-424 
2.060807961165693882963280193311405790617189770133147497969275410247426738627704926301562339132140273482501796215643355973e-426 
8.373371373194880614359188523962582367957141127477347653060784088733398270255857065870121195277570705449241792655717084324e-429 
3.392403218240080264221455891531279368870105380453268994536901283375297450427513871206793820779056509447211795441091158028e-431 
1.370453984149999044334403724362552978149482856362140805756959406677905598033495711839833335246430250541982801475987983128e-433 
5.520480372736013705997202311864223475059901481009021454906624147000098571984282180263208215155272830403576507803480729478e-436 
2.217431413948621859387104624519434510843004926042709381512821847103804663752603092537453305237107806050190800110573489953e-438 
8.881572733398444518269567979358978403438137631546851641593994393719109683521794155783298703128363406551025389081159071382e-441 
3.547327659562455797948356784906154785827762304738031924012032799994177360185659692171341736558609118856690867697538775533e-443 
1.412829729598266558306339815702737027110326120691728569129582858169853651582067369995068380095714743534157062165792773730e-445 
5.611264380722450188203591545472156011878617056028050444017453068876368452776570889505359066942731234036948604686581565848e-448 
2.222384873552575497538276407796644863828533308739990183826512192802731098181383746068142944716804343628546604370638589432e-450 
8.777496177789479969277948488213402874022677146612327433352523919206978023809473923840718109175583166790587426550067945392e-453 
3.457164271407526340295681329536967731698815882851136889831940803468400372013238623436210462148564316223905279597262538881e-455 
1.357914678199471363257009728334996658115868753562934652096037552888055951518018223602320071702059808970991858471551172633e-457 
5.319038250405086630032596129906282828419250976868164130311812182385071940498836838336461252888488600813630486199963485148e-460 
2.077815242590437268348074449353552015625612060165007775201883074182715386448637787367189622124451255103198514240472761450e-462 
8.094665411881138869636558628494862755534111194125840390328799160361561599082102246470011158439944367991646754144311524848e-465 
3.144951621725446920383095386318772089288151102436508193616335310879979446577337775729667463100738015906506282320201914303e-467 
1.218588342185993780404171935082784017980407316814244416474455958177571190628345674933755236680681063610186176393606222086e-469 
4.709045644143875644342598142487990569965463831957110679578434963867409441840113794476138292157775962778518651712222772954e-472 
1.814873747864441700486112906771896352771747280036675091640848751152750344855790972246096965052625925000944130049689693291e-474 
6.975933637393578416753840206260560385878051542564047109526922211335548489852825863862455349133991350685808816667800723928e-477 
2.674270851379261427575035594552476466982206568468847678866149897226792431192443371934207578266984394470372364105320093525e-479 
1.022492790491073031004612401506270366728713649414137907117924773005873867849885376462886758283744229156673122576463011203e-481 
3.899164678484429431663511459751714864341043694950851768246146402114071472177464738960405145427268756820555750831806768532e-484 
1.483009616140055922222915650167074101786562756776183836720098038309035762352900517796460933597944528117181399037681047978e-486 
5.625770237315880532020981674095878163427926754899107813192603478358408073665831775172778317520335798638999028293863104440e-489 
2.128580995167938947962881500156401845851194275336155748984294011742837252948817680990345059614175856479029311488865909822e-491 
8.032912337462390018527715095195334634048467770004553690347916369918521577295962879052709904210848744445827349883586812791e-494 
3.023674163670133343491897441287679242960174043045674797671462339168701028793478727725640593661926721316267959969028878478e-496 
1.135221177220473367024260212088747904826854995064427867127379611149887343587394321892878686066286872199158608250346067041e-498 
4.251223094888580599723519508606410093965404472966663835931043079487887400761135851724902348201670404460182862727273998850e-501 
1.587960054720111974003443345802320663896048350607131083912758657067431588142079104187742292751899838877405697192387371049e-503 
5.916458575764596989900632986996364418050548808321659302481365716563724554752243390758320138550671530062435339807980917954e-506 
2.198795999456364568961010907912781072100867986049715904168976651440297313047236923986616701602666419457991838232309986441e-508 
8.151042301589158682821646638602813396472286261887306049558777807010737625771989079744706175531553962023064916935792280385e-511 
3.014051470303395647026950699072059687520198432236512335432288938019467577276710597897155022652327971305327087044516458806e-513 
1.111735993048785509875589049841447169584929028923387024032359957437435876380777311208429043926567694269312260264753087854e-515 
4.090442537385844065016280128562316112074031104856712974073489336014456332301702089013711818190209874482233217076488235953e-518 
1.501276421199634380047364057237405977388502133773908164988819141304048693333583036395157964174948990458109048263239246221e-520 
5.496381223466401313727826833782614188156707915809236341302502628898992186397513302308282920238047694647248755458462910850e-523 
2.007349032657203815294651418941111778824357568578076813050798358244836883236989319808964740624190930399624285973048566966e-525 
7.313121948096666207393473605672867922702763021940398688228670741659191883466529735144414468255898156623453122343423114642e-528 
2.657789601406687281558654830337727815431149683208324358946383282259751769243136839647803359269576828290825115790590611153e-530 
9.635631729169336163927906094559985383730954351925490120995400819780063913004796251756107854594609355406156582937236562696e-533 
3.484861504315963420501810753817324186517774721598463838334907882451711397272121633059302527282078974235714122431673500686e-535 
1.257304528806367451144971412559766351520675077339931618896208017317386913946457383427504882792871518365501616650441295107e-537 
4.525316155430337304001752563704699359823399113065425706712030980221639408126453938649974001207100484416873898529093568043e-540 
1.624855311502984555098962419252524820404755734043339603401445289857810539918833068414894777551229126735453090709094775768e-542 
5.820249322517619715284276522000013881408986156402421759282181288463010349281506514046070473274374253056837205380690040052e-545 
2.079856562673821134003849342860368401386952515912629809911211988157830989555918822216584216445976449051305704430280020996e-547 
7.414704181063694421895586046107820417388190395735909050032463050155842941804102766652280007982159347042621939737395332878e-550 
2.637100250923782687668866134196424679899466768645900931814955849071372002288896663153649817934223714739369482439402655551e-552 
9.356975862275450684498296876014662918860312957044137661558275857700210219544679671262538491410032964221137918879179353565e-555 
3.312257558651049678748255698017761481530704641581428504919874607383913844301313506638503775468739029527824764955245797756e-557 
1.169758066248585902856105388790254804270704521410908461495667308016045650316022139024306654429504511895730443129828484247e-559 
4.121496782823090731185980209946521550373274631579023026197060257901697569680953163500937514046695493801362008208726091033e-562 
1.448786640674504148032113565815704509786527716586760137157807713507587211900854057396433840610319254477575481412121085191e-564 
5.080986114684184119332103163121006866726044886486651502477965530563388615921780914058313791964046214097613285707620224238e-567 
1.777825873510275552675204745020605428681164394349973600123644415294585361066296387113742732184495391464294489754939351839e-569 
6.206283085247912908423352375867478852082889614846599131853098867037999372396405431766803170757196450930006536798134985550e-572 
2.161616088393521730470669263186219089440435968018183694614913510027848197948669888539163877654558367555255365724971536249e-574 
7.511620289987132116332856431152972439199017817170532654761154629991475638257324490843309523920804804652380041390582823837e-577 
2.604355092958025577088098405671159554041447786973498165459268564921533172500153400075473742163936732251181559517820087512e-579 
9.009105757274816982279892158210047837073206108948479170313465183995014876881950994489772961023308726588617294326916733770e-582 
3.109434898411915405609936557233927761420102228909840526210700687406403650224277596994163084996011191736726134482704816899e-584 
1.070786545892871056613911493848647370187948420324921739083863845523907487845996578612512474045708708816330666880229396275e-586 
3.679165553797625629718392933005478069651158877419484859229598265910113232779757408650072175944563467427438575954581270905e-589 
1.261316429755352811432711685694794225425757932943164549532237242729427040881801808103435120553936140639754984513754553087e-591 
4.314498870911491470014466327334490340975218554176331642967611916781487447994096455625430659543221795659433684846033477010e-594 
1.472554966891246642542043969208512505685909443770020789035993226840401184296912405185482464845769553251420616143523731093e-596 
5.014767005042465150343941383528505368253103821460442105468165351369397889157813687622503084772408463310521805466343483762e-599 
1.704006757837633367571243962757289280429704608248887586852947258378100976722055395690312946082213045313340229832256024823e-601 
5.777452325556212352470719101841100407269550517982124105944688411714077196083620326154771285365418927536774658516177257382e-604 
1.954560451825863123846346973903243037093488655724779520014626922129086437416975740715283327501023090278724720161239934343e-606 
6.598005531143657308266027149010338236013914505359681321283087538436362614091178316357598681116187317840473162395784393534e-609 
2.222440823795748939752993338796836734908660255785968429929708075310345352434424591820201853752251804626101025141614503657e-611 
7.469728360553739384279549249414112258523844018962295163122898793100383287357524651145626816412677093143582512838026676018e-614 
2.505183671230644764547663355699994678019035909171751596859826669430232092144221349918623502035082519688262449417350012140e-616 
8.383735419119801343525705726477156071376599797508837652664266351773784378902090755016663491419902788997697165809833484443e-619 
2.799637685631995778307640341138998994638955377891028248524014561378981671414505580375861872248129151809629176229168287295e-621 
9.329006576799188970258306615136019335742627793726526723799010143145412703359752955508941261941582794009612808441183492218e-624 
3.101996298710034092536862064964114784705330608083695333888107446966543938653987866187836975094829239698257783400825170913e-626 
1.029253719298157362406917136654541059765764386705703822327342815743016117890189659917077684053967553090795906722064761011e-628 
3.407861017828663966750410541997535295352586127529388815362953364521014322253993381829380513157261157422529974940401144612e-631 
1.125958829294275584805124702404638858145658540202380564283203843080067581861115222150910235663829485227217100586093075624e-633 
3.712336030245202965066373920914761294170587175520242554898084491447971874913264118282568617590908713819728589656007920459e-636 
1.221403306540222483961407041814985112408380804706796646335411518458037227821072031484086291584226666708656825852510821951e-638 
4.010151981150763772377221973655634743345494481649331353913776390054117358447142673549068675701061401956384860835725033455e-641 
1.313879005431401098823575902099695891223820034413785474986866870162212878414928750315874636230555158807174650148070278686e-643 
4.295814947146329305831710321542387516910925726007440525155710397797319437347076167472611408430158809831253519580563361877e-646 
1.401632761495186549214205418580858039468532196328719567579793724942405857949839600418755327078787466704518950386262892446e-648 
4.563774875588657194481071296766270796951268940670968565259152828749381319970969508886700177774247316587066642673877974084e-651 
1.482921904246403358201353983709679782130163215858643481131116795147933419139199711988494804013647324348517302613045291593e-653 
4.808606280319039145201692115741813576186529558283610093371062745659461110200067107112903551908775686072177290515977731746e-656 
1.556072368213606357331026486942310525326800828847952519493251893176608087571983889733789948695154130732475271415004501988e-658 
5.025192900144099682152988507247927875349999879449016359277616882844327066719139216188650436192430339826953633028354669066e-661 
1.619536665075915255995478486057635000283785123171120767578777712127162774539916195610400380874543087954371829652402465861e-663 
5.208907436049418567009244253793766328885530332447988019580693561178663762617891051733301533532343703362418835664160897880e-666 
1.671948879347130296183992846519690212886135309000109765322729421231020032722056224248779022430756872046955309897749631611e-668 
5.355777448147796644867084094706734867659061682019181163011287273786022190112686030861238235786019667554364498215516386901e-671 
1.712173929917853704140464606554511660066529722191588076640496140384883563174901494450830664662364565917536539473072951087e-673 
5.462629032519905083701759831355846675302522587990147789085159500550917337780398715295718103224323725441871414561167277050e-676 
1.739348598754344606551158041966413581791892615940047117064312782352917674415817878702704333867798572810078411849922379980e-678 
5.527200984557029536498655691510482776686530199888815704396675203162815329674048106828050354291769205159320740630133470199e-681 
1.752912250576383068100118731528017981093389674036344093434345091211814413053770307920153334383677606045391352577554121906e-683 