3.352269547134043244895079099153324632979660349697878048653424024827542505224281031747637202835652159378050550492129103715e-1 
7.796205329491324552596208864870274935338498032565098491797229618833596812188946494927477534570285197867060446275401999939e-3 
1.680960723240521971382291767751562208822606959961686458651987782653065571641285249757932846145458741171322506412417406141e-4 
3.403055506185539992523034261184404803039747937817978198927605476218765346345217360755381561290592470970921435298574848984e-6 
6.525356196188905857753396506053335295563464417222071673858680872156610911820259101934742713210067995987963020280782784066e-8 
1.192723002164281007556661462091288459355006681295868564695426633623708133708349912776829479053120574016286142124229005959e-9 
2.088368799601969346068217579291909475468898178091111380298236047289850986604513820833076159357252283009718701592099606962e-11 
3.516428047128256145558817804728987605709420064412550738799739886728010607276971445853500214002785008261268180849691905139e-13 
5.712243092494123558592546205345548769950922820568835173303404358359800648688678157258792995874364920221652011645026277662e-15 
8.975849475406854994475401375576492149717065027483144402569029329765374077437769889475717609397203013153653397281615188132e-17 
1.367372440939655856783626222847140538937454690493859513795916056454971742458388942970663040926421372018325307793808381644e-18 
2.023402424231694789820519091728328775203850513104195755153840134298945805462101184434509048192388757313622891333818023791e-20 
2.913364408317899163891236713275972592153325853310458408980386143496146855023631559396737922255996693266187672475922168053e-22 
4.087606560913162622988992030057688449773953993173762242992687303811176330365200764558310441398188432505549582568272307936e-24 
5.595991677566754360623652626544288213682143135782603961561264298857368305025886756533514590156081935967220725270493968288e-26 
7.483936467261894886945208704046583246003895054410340818814348537160455153679707736192933806912924598870016318275881003780e-28 
9.787875593880018620342534531641437566186400516147870211265876056464681140342501014126043468700913158908981797850284594716e-30 
1.253051224253224890338217237228335174066485524205678526010975501049263911177193420360638167206041958340236608995043565197e-31 
1.571630845805449424794042422488273430726211472489503753315977701267287219105110866612409842837451227736006386213475530584e-33 
1.932771337879760194067953899825763963348764141391337438121105477930574094350242923527120124599001509291061778970915097439e-35 
2.332261346042791830067766269238622405925586544329458496260462202894803312388563140001163432371472471944644470713726654740e-37 
2.763341160089414183168447104523240104938581622053252522958664198420812102212875042375173037925062875653829647787238051379e-39 
3.216800684127394896210167647915561198188953804445588610823553069975059176023826780100983530215095222999187157909572651108e-41 
3.681276718288784040655679163171468984973394448792995863115884487498803088019968162987180156472953608788868422381163374196e-43 
4.143738634490991126157125914765809267685616873833445896025759018016356074835384648244602554273511101025266679445737431339e-45 
4.590131630874012267968835700857887345803421373805255785261552891060069050656668099465349407247552568923789877963324116401e-47 
5.006129672642660656798719311327211677226641456167685083434240355222626579551499812529364352667845448176732610139582240300e-49 
5.377938147406262008211468096747650133918377799186899537125789727196840121394889103339557623806028366352278755710549590877e-51 
5.693080667258985789208853476473958663688751981067631982561151724323938709504477075708354252618481478820130715596029862439e-53 
5.941105934163292413815187161202462562675284755749888773526988701521567976973280292183678851575426271828214528107153948663e-55 
6.114158802420422351364212183570037633303539100060472505686212140538101887827604299884142862581124778542188031564186958739e-57 
6.207373424766421416187730189652688182755775043509090828929127247492258643968009554322979346895433899248460823884508447920e-59 
6.219063824707371086544626152296821112818848041140698642029135740877751235871026047346129556192812123095706355333527759539e-61 
6.150706223025780664775067528409895621047320827296869119170259059616466271827464452632282352226198242672566674139973952394e-63 
6.006725762810035740964658202731440547685686069945060788043339280262468255244679825456830869810048838518232996071114432256e-65 
5.794115993814226610746302921732146757823535061056755055387478450103406475849395633141896160668827688817199329160440772146e-67 
5.521931152647394014932629140142125543514922334897585428274222745135958740680879058875795181113257708379104398607438062596e-69 
5.200698089614342780406117274962384938455429104688219682231640368037240007196980155253488447279420177846771740783249376096e-71 
4.841796474987043573943591488851497093454228931920099928860978604314518173986864146935633109313608348568925219943531015651e-73 
4.456853083993890696465883976715544027832601208075861883673042366381045845922114552679977649062331859411230820948001489908e-75 
4.057189384892025430837287744920322022013880649922773554004731587483631167534587147896880597137839094786998644210705853183e-77 
3.653352498300928241901453804998833318562488186052363369124366741086719734265827697808953752187277820129927437370086775850e-79 
3.254749123932815975113682472914978775570364262984382617829218772642648208399723425836148181618070889056309492161733595477e-81 
2.869391449200816619872658833544225165241944437515980400990759918615854366748416593568125934720969303453562233332280073393e-83 
2.503754381371573815000450519067989748471853466650077563684016134450232462206659645340451590525770466925181109468631633959e-85 
2.162735429327803035761604422946512972595808079879648678840389689624917725112907365188292670593915533984639281022084496039e-87 
1.849702646922731746760876345186718305026119473300561193268383678680154598491764484323383171671809728935662462334586122321e-89 
1.566612386722020329182792913484053201689966489590628122866230818440578255210511608584830403751759216724952262841756827669e-91 
1.314177097351323586475083508986530868451961378443190386589120971122250608325354737613238938776666397032843112117912745361e-93 
1.092063736750423886035334032304134754676215611238558093779453794315146167455451617791688764004803952045135965768074964156e-95 
8.991051561240690412948343176290140291689620283261520410907565758159098466944862906665731327086145640265313339771830737901e-98 
7.335095747394600309474891233388344091311460607135002977304492729149563241891466426555849390978374812722367998757992331630e-100 
5.930565629527596171287297194725412594409277756371224649482160925690907637616629854282295633219071679169124221563606190936e-102 
4.752713824505747673214109458710399294155337168498368973003283185649009977170797299645755543337459292503336949040974581626e-104 
3.775727821498272876871377896045429283228311522522522210876457773985598634929427388153970799033556471945714054696556406644e-106 
2.973921918719143577134170761445640921664717055585976220833395691883389837586228177018755214988836587309047151096002407747e-108 
2.322645619340055453960499641716187190352882567252772268041689196553514816529335456379407775759582242628376685929576013922e-110 
1.798928145234488878279000041650274628114160439702760613576757418411867580343774745609375189348102992362686869303739433994e-112 
1.381890163612555625101178218072247077752707767238083970902148463990986544878442788393615836667876627783833182209272317225e-114 
1.052960121452366011099732634201950208549691691376096302749767886312996258222663596992531263353638602903960832302043319321e-116 
7.959346293471511604429237773594536210937313136029959200028715650393123200023497386308895066475957729929365827008286788094e-119 
5.969211324516791041813512947027058107966104301601311315760960796138591882498730121775898532217879929615106056558845483880e-121 
4.441976467837048362418412770435160447595488820480128092465381967462493787267363046897706371834297165474117290872909294862e-123 
3.280195230985917574599771930271842808812662019084906582852635640408438335821832406898904808471497878077768304654938483655e-125 
2.403977773384511943800004631378670768351928733761589558467084484705602755959459706166698313162024405261027195949745666942e-127 
1.748680736188505504378005415892725495681964790086986174966062004892249308362855076125131595259524112359776652253980410739e-129 
1.262643690444376257223625979667680294460392178992227412937446070058693583129669432771396361323850577792637750590645864222e-131 
9.050678135042596794887444875504240442160313139870744456092358535630799592947447495342154323838998239309484669671525793773e-134 
6.440954452881654797601100995692411395912518352579668486916715642074186533210608699521709460353807818481530084327636272595e-136 
4.551200022952567535476179166693498288694695870656115556358795130021341379184464192042664430512227008209239369945758696474e-138 
3.193339108207102552554976968490412508864350376005984849273779493387655824196299236048391467549787860202985814721332378185e-140 
2.225069067889818927862436500696400228979878629826149791998949560359002670670889922279108668769473508464220446886948074315e-142 
1.539771684003108872981376162750279656693111871687340503500810146765232919812271669030634243109442722039804053776360184441e-144 
1.058321755832732965937554440007832778748292929570520882143034567712154941714959941383239275246487276153649767847377205638e-146 
7.225385962165885576084354313727482328759679396901667788889393125671645270008423332262546143779957579574204312111415127724e-149 
4.900257373395473347130240568279622314329903958450531648718239488719030386838970960491500708137713410489298839337500231202e-151 
3.301589423905175850341120743811994713028955062406317527582004083380987961467736297344427065830257914071875264455085282826e-153 
2.210063035340596596427045967257372736436682546887874413322807800262674062807172796624810448234704847482341669435919491691e-155 
1.469921222196113848770501278274906693502884361818377983230582700365134749290622903896023705105221627832577182461440244340e-157 
9.714511368179065110494260477399000389167630610125848950422569952486565130355439554223793066253248358111753620424278849486e-160 
6.379907785219089027768297845007326989199706110556777269180400074593554490564795501004174775124786782638237261062185691161e-162 
4.163923897435428323271922421443918333326534399180045010183971771774543066635799129613955721790050046772118641986843085601e-164 
2.700933503213468057285294074611414745794026262867484584298062723283074870468297838762417264442671075443922257084633803330e-166 
1.741305279361244373925221146806270057973350215802224087898961469919157769297713575418776767821149261010602140234036903429e-168 
1.115867094146637321412669206754853139461165539226016162844076213810792908858684800834987762875628978160945896652238126635e-170 
7.108084955100670941164730397192833382587374810556556828083016500362419287293059121655843812741581381166067368246194731412e-173 
4.501122670744835389982731123246572956255390104671243759543446182889134974243676489935265101877306854266026170694422820868e-175 
2.833623731926005997834647668872036200354378014944835801973156811019820115288603751862531785287622850383441916855873164120e-177 
1.773540423761347129058288837684651208594205623751133398704749421349040567329020814865825605018651369331701153355416903782e-179 
1.103675940560122324180173934494815793486401257939045787711303927012623851134967878003499100365909801211666502879753693897e-181 
6.829157840163463066264589628405820426660066330447021185765503541624080805190894589184432145589290500302849967936961272219e-184 
4.201853187035668961884902071199889368924960896716541551467580477099397567439825739681430599899238603085216761417266671012e-186 
2.570901007978042522564337190369178001986751236116228657430039975186788381169265791726188493531910199172862330542583517745e-188 
1.564309799380784948585182983070081384791366867801449922018957851808304126736890838330322131723685571841379505595263143012e-190 
9.466182213590899782576440590721823512969065758442424198219181757590048364556550054818677368069801692666102061709338612244e-193 
5.697219847175678629652478217150793382510633427564132320800321750025183711052320644827396884514736590025942241467700498397e-195 
3.410421563766788524018954742501156598494319966979858664991787349218505515592303212634962983648561006587758822193739720062e-197 
2.030629439442453543934642453065393306096515602152660976492894223429566492577042238953073121780904196234782070847672222147e-199 
1.202682514916779505541989694385417576506505741055891927147208218230054253568821367676664170735824214500361805292000758699e-201 
7.085799148326689953022057568892665090921133665126744396381329448610390952195935260112207806611962795854563017225197311565e-204 
4.153016536022933583951927630274279780014588409948696644755107575692371207608169833026898478949608491229608734014328568496e-206 
2.421556345745945612504038026642811291422062223314193989776937387983280274657447524484143557904858820791849332148183398948e-208 
1.404754302812257170158669268654505296698416408266627256137655076984357818246935178467393924011626588319305386482141394283e-210 
8.107733912977787565494715432942547666541868757067303587790262963488845174426077775545091091811053674839519079083229166058e-213 
4.655968771992237075861015440511333833756921751092305719105463425740168743158737535247191159064929353420872386451412308309e-215 
2.660418180301180487766565686214676226333105668990572014333879922888473583761200192598618788530348536860617921017285281210e-217 
1.512643378034126557953666493290778936673664588389431686972351952145082091494952692362049962195055760655759854143691740727e-219 
8.558294236603265679764889748451277088453050768933981557439982671663611617720127132568999741520643430656925039705999624775e-222 
4.818577334349112799219112771625988355766929517688596731868130994722789009982556880715741288596844623425940945181799163031e-224 
2.699902416807138584296358184636119062336682940577906490387496414884814476639404001162043352152141162262067234887949344473e-226 
1.505536541387580569333877750696425370378640265278601152003388788728424024532448862959632146506558573262166308554886072663e-228 
8.355350098685500204861582250815455975891529936195492704645631676262791109259156605271218195644851759269063734130602553047e-231 
4.615130443638827549402445745527564085354248549610175966240505671130029876657668250799366141768480077434955969536899490771e-233 
2.537259533187172821905470554258512639445711434627622862720445771387643093436218423532563713451468037242439238944339460374e-235 
1.388426034852380698485648757900769283602107990239276495083787782135147409967088679786901822324984865683557330057624030774e-237 
7.562626747458489508832040731615695404743964779705346018005115430471775965897686867219603930397290424134029766013144059627e-240 
4.100431200136217106815885999400343789567234901877276709491055388163682432307744537252550807600991012795634473899253157330e-242 
2.213135433328907862306059125042535147679169618274011608669222887774946695734358463958396928394359584796119475718445461264e-244 
1.189111234055407804612482990549257603411763848494021603586270171953709232376554732178481420036296352083082101353353343026e-246 
6.360440754303326649399011188354826980022731887523497629049909410447638925262210598775431538119852230388950119085073010115e-249 
3.387007642010023449953446433511774816494796080326798139523394406635642369703988208375334867109698362065198647636440633949e-251 
1.795656095399308750992386208600033973942524983955348490808792462894463480119214864937108290093950142639064476648542425260e-253 
9.478110274706036804350400638585712666273705116443911674917982159045347585062295543746009053304493585546250417660347363896e-256 
4.981100901875456807409166400024909256020518760346196873690474761183885214148584206578592799228493104812560364796822162059e-258 
2.606436195985654758814049420247745920786569158137389342309007486627657639232484913043691705805177271011973589221659525200e-260 
1.358000815413365535090740613379120380383908319736291100408250977265682864050867248233253324763261971199143399401964437957e-262 
7.045258739080170537655570525436334292701620688768369344574148341025266704868939234039614536921581201395170566756944354330e-265 
3.639573342992446658148368122560339817939904740225012175514040301012322222985173108691138199667050405081233269904820315153e-267 
1.872289768912178951812852679608936540567472462678099297417008062726560371880836030055557900892291145213500818856981097259e-269 
9.591289220810991663837311238564572502286861885965990583193185132942255608101791167279335181990172060584427010784636878457e-272 
4.892990216757955333057085497137410218790780122029829985866296066223956868522970196190715811515981578108797350198815738051e-274 
2.485862370447970275816432045010545498562012252981092220750405334892960439325328213698123423806974839140004506689041947788e-276 
1.257757619984668708281455059719713307162541156357954086606671514799734583774796159500751220520145303885031251867801339554e-278 
6.337903008413333740085793932200521337629929983377632297650895341092892851108903767742660807545061251171297821181716541216e-281 
3.180785834502267898591766853105772681615833489251653249145668562700405938485159222375087057936384833013974286795945016727e-283 
1.589918183827399946232657170996615287623816101357950855308509457536096748698434675320201542373052113943481008637048018436e-285 
7.915489565706674695283699629749861930887579924595784259001535776313056150806702703349416008395185744641365896730612148158e-288 
3.925133592606859508640279975617218161909758084986504116575738857170790884591093362869708505491306171265284338748228762736e-290 
1.938722355200516919362515552613935077855681889823223865461392099122989757770307361795191071915572090827071659161981655409e-292 
9.538322922117452715071456992541012735366020091243516279388362804835182790876510624035199231141601154809750321707162533197e-295 
4.674489921805248890241742530407615923517514285713987262745206336273028607476359136179127025525115305718506834433879005937e-297 
2.281984424085099304398789479848953658019552204219308288236258204930202868076799825729263190671260100268503667023405603759e-299 
1.109730878500768816684980748028164241015838148624651841854717241658794903286718110442668285723073397109818321140425473913e-301 
5.376001560242186196441084255530649327833154708612872559164731031195689169879146044892548243551856433440598510141977074719e-304 
2.594465307936994535681799092278297098417223652605164913421502094967756630987472788031790232838465860642611950987809091490e-306 
1.247363510281080238198032132641327595673710993703554248702499091705436506738507829972697771791189829319980873267118028447e-308 
5.974542901434604271326454549777268085430075894032991431560421483411507286584614954233621603565165658478704970092829717233e-311 
2.850968956953543353003592774396535627111194682018517858669927025091598975309057122838576565276790622440597240166646504985e-313 
1.355395389473958821347235904546624266192161857249058299122181525023177325762683529182085457505835385255901570595715792453e-315 
6.419994693928092669247540390299986939639189032651159808965073821719408098344546819698395065233096313769840078496056555151e-318 
3.029757071004928742841060925432467948191273960919724596160662617288923299736701115157524089516478352765514126139777947221e-320 
1.424605547405168647201629709433502078455921270214377676151005911466668612464651413026844330689273410730475317395046503622e-322 
6.674277203447823501907992880327616666929062170185236043033057356255315832171261604292788593506005064537176983943375283258e-325 
3.115628210977529991103850006172634370743928431348829005657843919337771240916076691390593889325936069028328960154241455620e-327 
1.449197843002088925784689846379280362524371772737457420824357858335147531469486431107308228501148023109557739219584730372e-329 
6.716749873261124496692962978441493015758454903620297515594066679489278278245839180767230968117951184001148257452946882136e-332 
3.102050022301128939504735014171105063694307775193004262413929580209098418873633982924329168055481343697260400545029096266e-334 
1.427595333547081264678858657327493100865298512864255028490507663096932504178907378739877843546448729052138479185311449359e-336 
6.546913806144054917499217181365025546503796589711792825199292426816882321448436255988322660887411451630110577639649725213e-339 
2.991931793249112552337935608657108906133890470748389751174362321126054940077732392938141592643000475026028783104954355484e-341 
1.362569307154684127294980356173643669046537729119967196546174395731448181641396296366497976570550772017500761450852467699e-343 
6.183944090782240580565328816893346578635953911823053977962289343119947773428901963922849481554187545501899263482327321150e-346 
2.796923871820877958353804064039016970242111743732068902021139401951427636997459807120452444515127557562155611744849244841e-348 
1.260700380993301627758775618961446794233715722857875709007840877108991748616124840786135217340181079953809979301090004786e-350 
5.663268977363304942534805989497681490712339358366893175356564329672421220783254641316230998694224925826704144342068358927e-353 
2.535446154678055897250880147190605181957415259590644148354126643378902409689054977464844206573141429532888552289062668836e-355 
1.131308989414895547381411609063609225513421042454609526895403408431802298998789781660113133270088822366585108471393447002e-357 
5.031012403230239158991860636970992437214867703186428996793874807593668446528999462130683367408118902454332581446612245625e-360 
2.229895026118548460915232809231777032607022506344332551378020318589367177913261839329791141120921726277075091120984004668e-362 
9.850898073439351080406988451875934055995216171236233302375928978765121462082383479106266222672960507997520708027116622005e-365 
4.337475376890733897177080299317163600434250458603023534958645868391230505485806980138150154555621467746302512138447718088e-367 
1.903598459014762015425463496919701912730251957653075101839003342881278910079801870885702515869328711955187493075697313896e-369 
8.327181850063180714939621736375122898165952523727336057419870181695845631622191971160988190192092568864172336533523868691e-372 
3.630883510476669895817466649012662850383858590223469500096797819631905703654387929555235575909202043392551351207077997921e-374 
1.578066314170227282763055199799553254261437325336630888187364253114347274126390887729213306879158178962561970114089396456e-376 
6.836658395320161697003881260166507480268733542233184836288835578798483314294348862433511232745528183702824494829154103425e-379 
2.952399786790067101553994093969177811272742410111641314176810085191825896038230459998533460747803669543746730215980117249e-381 
1.270942754550679559899580760545022335138305871911162901871466858971411597093467730137814639135392722921147985359159615338e-383 
5.453849726379215765527271143413597835395576937379362625731588730892561186562221080712774486001113613534816612946383535480e-386 
2.332993038426281557321925196926765565135045923349191754284069686491943096661428023645566954583699341278044249766345314389e-388 
9.948634869122640809485209702842986099457412170510771735350498038475051532462586384762390138850599305441979166678069695646e-391 
4.229216543250578382454241037553965288553531616204252397724500544697139668555849440962450526386894489368045199827310476836e-393 
1.792294102824900896245666687594204373923207056561377711698571842091841247003557830327312810919991628627444529354950238323e-395 
7.572129421082331496239347103140727841646348112736043335475155596396787771510178279983698482514083565427008112367474756681e-398 
3.189279569747664983904012718371640295591472445918509203462852151415630228586665526455966556671948911255240833885421839374e-400 
1.339181099881931098723896241857189150929231279626738716546087899131984803695613415840674042575673031245633676942244797550e-402 
5.606146919781891136687262583619903217017211915127368996502365869837000801247156572687031737833286934685708345154641454789e-405 
2.339776125800359833343993844195967342829228401113026489804511919040843395281867068563133922806358269741786816341422463599e-407 
9.735874447116160709617520819602646879704578944015728411244160919478624298169537617709678821142428112970219409507446653129e-410 
4.038987935612357499452036797801627751870900870300179692638805437944995719594334052315713001442404935174423798478485091746e-412 
1.670602484636319617098565263136244943308580110855712434204274085487988576033970196920902672552823355201352980175428359023e-414 
6.889419840805681875113561894580704545056721537155836058567477491237914500242119418148077270065545078686124476885439403808e-417 
2.832742312967252963849793633549886790584564768412532892130023909839896278714106193449711389943939920396128130621578365814e-419 
1.161320920722915497698138140273128010284578024277658915821253550045023147311953287951854780961253828856515068497741057656e-421 
4.747052205818889947416049354876389779671703415381794855530396159747498125232787987020862519216441138636685949456832727611e-424 
1.934764480236255965392151543500793303216793604503827589910636417658284142021451840562522035798356439960648882131129533814e-426 
7.862673659313863829101445175378524050015624028409059757433370802994851551915920265756341654851785643039840449488153025531e-429 
3.186075748508388233049332829478811582419021989073525483128122529119010669699530752357998748045343543169047785227362634284e-431 
1.287334019396055040444613448891215187476416268052431274470137720697436038779595798085091704041537978939035843269373763251e-433 
5.186581999410581487454031747245523769317073861194879076118530975345877794984297797160551419488462623782995705345670879087e-436 
2.083682779716184476925052008064468736966378163693773891043633635993511933911095099727803909075587391485087190080863215576e-438 
8.347333345918543064792959171981742539481367801662704132372319290940394014926773459702919233603704805735095503831159590296e-441 
3.334533701202297706531552362791104001381421188705470098145081499837513568408224983048522363968997244032534945603219550674e-443 
1.328308691422363660021791678965078541517267817893452875941928290985529795064238471993619491896023672495635916812581055754e-445 
5.276485738851073998903206911533134047969593150620959958576404480683202465883851510422167199702925178580337582550279826461e-448 
2.090150836151564807563718539288434842676936320396222699951635359496540091287817089854910397099075528671213344856473597216e-450 
8.256629559096175980910797995819917854474778762981526193512252765897230610780608257079089481070334505127203049019199943788e-453 
3.252560960825798461591120886446710236656719468155712182684408316034781190172012787419266190509128662148852529822288081376e-455 
1.277764089074929740072730814924250253671559256493932565395284237301370363811281438125190165125140659274053806116526887211e-457 
5.005916140489841274813233397379944973537486323894368299080281361659066734094704758368195609036862536054040663780208032693e-460 
1.955821183207688038093098077134389359289903962289780774154785378874363002737940500707731571557358423404534587418963751574e-462 
7.620656509268159132835385660222029801625261990953181753593743181992695416036076866741441160109567882620580997945360687706e-465 
2.961271535565369451626603448714615780220311791108300836939773656814756502172921872587639796024968278858267900238185674017e-467 
1.147602741567724564884898731295126704194173771130163626870586505383546024615010881709589322418632884211406132363580280725e-469 
4.435445785855817361431563784755073653045713140466081872762807331659409130725181078226018128358337847467217447497500835799e-472 
1.709700892991827167878050751097030364161141681840528326041516741984068685468332511825893483819924571217582964348879607681e-474 
6.572717065526917917178162055481751119076400413628501927907059586926739301557037769598143298671006617479264750134093384088e-477 
2.520092042557825113349669837282191995524690592877910214721909908025857215667435100552335848113042314172138891919715451638e-479 
9.636941546873027980230123306494740287544437346360884644736010462689731025686705570900273663145179103629987397730543907140e-482 
3.675513766108412194024259000812287036588274031868228976905396065722417640924596269255238961736271015151521434169097415396e-484 
1.398162022645395781321137674570908714063319283506432885482568196458100011255181274192119885319967586186225291147539020560e-486 
5.304716043489958047101864425271922145844672314339080538625508918866027368470765268369643270652121309060229660814755122150e-489 
2.007411967138081673999787769516712176101607210061533583035321383832200385718818260006021727305522197495516670656710084341e-491 
7.576787399080773465304729300264286037566917088515967010089267920929032926459523270744714453503584921398884638480451100153e-494 
2.852412819020835883517394481616003153205195768408952456459540917366928685497248978758697291473966944697458005597565772207e-496 
1.071082115096097203445590607072233619600643894750968058990730611140454538343732004642865465065819312892563513514281845880e-498 
4.011627993569247677580890363131225668954558340160654834063032514978310591508778604171436591853816408669679068560163337956e-501 
1.498685097285799542987178161288416600544937289319424986856968340094117701752270933725108379478839901545391601477519077491e-503 
5.584654254894618607225959290961601318033839728328082987613531101988471399296979768209945868724695672152177602312894487546e-506 
2.075786306001961507881005071401015243183026578286033995774850738185893028769854357691056775200734871497720709283792985986e-508 
7.696152960924950944702036764369988967745529277440047997385192642440899930524230985574706286447430627014136496190438455233e-511 
2.846253969839040160968513276441654684215350408688920166099233430614089040140530287258519328266091843226872681752074880766e-513 
1.049993713159638046185388981910555188089351023667060489460190682513940534392580296807488695324714631157349172958223403172e-515 
3.863820887442521718953053173379155881351420650717182957340036172439789231053690888663967673403478047680248712869525276407e-518 
1.418301705691096498879252064009534608360120735875088117188588513607079903527565411831842952975379285038115962127302006588e-520 
5.193327353202494341324808115825207266493646279655983937651437535027143785216730227205256457019992663326870570394164156824e-523 
1.896934153503301289401636235768268246369413859381860600428345651901889129239613975580295720144044685747478794850308709860e-525 
6.911818346484042195401330776642600038927947003424063567995998251575846190702781162094429430851483399983209284936575978945e-528 
2.512290551656433566886120196260617547207763077659306262311598026351094768897168835810053082682234430768643611249290868659e-530 
9.109380862754384314793611141699622358653911154795202060627550202791740468232020370920970705966724819387472604266644044434e-533 
3.294983371724576543731036719969662862336516447983685103152445919361033651867854476245385946608078978896979168923588765199e-535 
1.188958953276137133715175352692119402885735611199269494657532725977784375314371188673962263037212213100098925984004289460e-537 
4.279900073777356919892264201885418661983708400780013277911396613846613631187257016493027263595700222881180258245913425142e-540 
1.536941603938062248985388354926851812304402329159231831684272295696999190653872089408978755198493882710042184478564215871e-542 
5.506071940956597030410608215030863395375400215389917763945040023164722817257828056223761325445471252546443751956593857940e-545 
1.967845291418713852388052263319482802710299543380334569426211900267122345123959166400639407973318507344766441420105885341e-547 
7.016302880720524712186130539110888209676676998686055515577745654541992907429067187785806891767214907494942677608341959474e-550 
2.495730767362386996050508748763005983636407928644053138425231026426846402411031206952446499632249708898591588850054313263e-552 
8.856514949137662579599836621283393503552027461420779250838650308986600646699647956855906301710193133917634571846363986071e-555 
3.135504123575072506040546109914779499625495301142682470627779070646948385065248203754900827017202628316040449145220711234e-557 
1.107477524893658700226564000223863054382339460671461344164848613227687435936654740817664875405863412283654268800924413397e-559
3.902555682186090496653407136194267381897931476512798280016835663524441356766636070940826504333340002924295136932963197033e-562 
1.371998142205220963620067327946904076268659511651929547630142720072130729973282273479218319436817903175299913423068778080e-564 
4.812289282316142071818518827291826524418374985280648782118986015080782780371101238325431344893291526720717043906029596166e-567 
1.684020024747938872431643728846868903345553789622384893260264264767101281269187709537322829258796924882198321186328474324e-569 
5.879543488317385494197229040082658313687615394512368869970270592877770918092047311351797162407661433924963127932912049339e-572 
2.048067547519875489542128947422890311257078596536684177071196134076201620010068723297411297646601106432770441091582783297e-574 
7.117913671780347103021720693349825165963371410094686245973597566219930315207425401102181953668886212691020525328334864009e-577 
2.468154609701872359452718659596440153224248724753061223672626480214064824761307688739840744359404469115153168533935245489e-579 
8.538992238663822553162450986515116495300258277335405189865200411857213279738424692686210134624282162783949361508143131408e-582 
2.947534339382748980789691700115823919152973567552752663810998790626639331938214450333347262120030743230189906979067254671e-584 
1.015155297157524641526549487808500381646431404357786100214972759957006473241692066532165861316773590024888959456087306825e-586 
3.488436246341207811963560938273107926619790135861586004720096972994723351221270140727383009008225762986155299198290205873e-589 
1.196071389042517684412996699748810325237500751294997020076559982827291778372829836742613960194048462207857957833477125906e-591 
4.091802931906648156035288168948750465571933171887461305460778060030647771489286146694973079370476044432884078815398032100e-594 
1.396712046542917721289791965984034076719061077374043191949334620421563531594062300256238259192235932746868837998546907701e-596 
4.757040564584464448556933062934766175032995491072927460069377635874195129156086413675403623443529230748138108464157721426e-599 
1.616619667317344409949696892303284468553600232972219413425556966710578043307789721980843732743762356374254536482605321220e-601 
5.481798749553421071465807233208697960450917237923449558701837424604815063511205540092492001652653455721375024200184559154e-604 
1.854751453344345224600506285864586486578286549186938990238354464349074448864821586840044523541383867023637486838051935775e-606 
6.261795941436580123867845007774095257457731417328293628387702928682949044940137227456267950366241502410982603441308210229e-609 
2.109433277903865104152517238849132741320308498795319881422581445582367584090743839649353511284413565648075025306971761145e-611 
7.090706003040707336137174293777943917984331520571629291416074694192241005609810217851553174381495774273492025161797788308e-614 
2.378335175944243021864185674558383979304201915706397434117679564749812725324210006664478158756651057501730881297316239562e-616 
7.960119799099490987718795156253696032505261654769101706734441237470819512424797383824201638007069236310406183442044223434e-619 
2.658472438424555618838942853558978137173739269787909433135530945342688880405131293963597061521520026670543109328126577402e-621 
8.859592823805110834686523193716846290877823704026051926907396846169128313571679060199085466397678170972730035068598742849e-624 
2.946235199943703941263336197296320132463126992007099259332359550802763486665738468587101254977328253894516285971201446202e-626 
9.776785885028684212604873719787510523600720768536321009577303049524755741768651568554499005110350089772599326888312860589e-629 
3.237448001028988082823380118835499156698029916652809704222173209582556348272489724922145109345208577209416538318076767100e-631 
1.069770100030215717221248211262605981432190474131715276824006409262018465829900697889888223922252566899992969584187464447e-633 
3.527459158592041909443641239502175074905311939149486467511072115138871448683281089290719305285427529865771975344829485342e-636 
1.160700918812458642706696452748818497649275906160283939134356094339033970984591854470260072825955429669164851872244493028e-638 
3.811257994380846432908362777948878662226563900413196422241483225913771518703068793872857114527279105082272637423611599327e-641 
1.248846112731603120575904746155665679902486442998931449569208798616272442037876168679085882898495089610073778234583521160e-643 
4.083616175891328711602909203684731187785797970078280181200313937686460119060160790315806777453646947275346127448542309120e-646 
1.332536611978343778507292566657277591589795889833410845506080650731642809574726343294136959567420484269302563887400827166e-648 
4.339247751367862098809106431578827620257489540749071974170012222920344616403390420066465064824601816598667777673102241077e-651 
1.410111985501312632641963318352794583718658101574226598158667166305307617711456548564216581455463723023607120310480893345e-653 
4.572981042929545927850792415461700199929805735333791896721327282293406173847796153123505368900125377566645002007635477218e-656 
1.479975754072818594655663801582243942153680087681695089981930162427593801942893901708779703734459328538406814434465718360e-658 
4.779934518594463817356291611411654019732980921588124543685583956763146562220871972171610984373619004680099129450036285618e-661 
1.540650637469083497753826736855290568993350306795502227059083835336538971468916795843124363944904586673925064605375170550e-663 
4.955688189120425639488262778130062783199183241865729748232650408943676021233450479438681951460054608559200651631595580824e-666 
1.590831033389204123109041456612107384757445885967468732293028013997368230844994542730431093533937054591176030158786704166e-668 
5.096442028814213980733969601429152915249574893848006005005682902408215275153529841520883601045635868257202994619284261497e-671 
1.629430097539760157293897307865588886463500446719960351362670814022975226454485471704348936649436595813774945059840961535e-673 
5.199153419673914590886469679516178989139591360222199777917673957598457931892222630088348624684459855798881704051641965319e-676 
1.655619036926979643386329409890696742704052776929933562963143419086053960223875299708903013181998548227874132830437041365e-678 
5.261646640918290077746182527177240655892092843332136830974957840622037567498737026072491054537285779483339219202298630903e-681 
1.668856627311833256661666039698268453374983506503448397271687177616586303521611541228310057983276126936900923581941301354e-683 