2.693103257727702547189019513666607008673507876809275915322054912481828161992331629153182096386122834573301030270629683297e-1 
0
6.011765301676467872248115638360819053150972369725109718860366694638254220089462967630999690202239767888996831288253063635e-9 
0
3.923065957902428797698154777791624451955560085057750595697183152535569201937237508849011886922336338898250604546819943648e-16 
0
4.159595406380134930647239398548113535268786830255446268302644662093585194574477717475138544882680986827291859098514579958e-23 
0
6.021935173950580871298452613285618767025352439279375904996730795941777333629341211163043324863488299098034059312152559576e-30 
0
1.093599647417292003681378551429871030718600534357714904561444331859551478548237619714544513796420059061725885387762529894e-36 
0
2.369034314665745334809837282811370907617232929235486485218264440682833016290524729209362085895691952447865075586908774112e-43 
0
5.921231677053309928893081536297249498990794784818825669883272574853806143061310053481182058613173827232063073937148963306e-50 
0
1.667650091234321898996584641193056594963249003286790016110052514272378427824517041939675074095582220818155355584721584403e-56 
0
5.199710088712664317764770278797520666804030484065277022702817730663784051160326318198544839545194008357476927772524525498e-63 
0
1.770493638456257282062173324256309536266348882714663616858983379851729096115928937155509350095667563015490193608196116135e-69 
0
6.512063074013545456628653696411080834803288833924126881013978659918675921335993419355222241012694518709890760470518213081e-76 
0
2.564463693349573723812229187677544426426755462921965271436160508559723244883247834174356873489553443880912686441545472505e-82 
0
1.073320265128266696775261518945695023834088464054369288559081568979812670968504599595505291026840622542301480651430873329e-88 
0
4.744844899169906063536133551112568209201322816708879151028490149182583448108113571487729189364045250059226469240955196507e-95 
0
2.203814796576775771641586631030126135916205187292465796444274095135293593888912857089114537792189070731934593170487503933e-101 
0
1.070544730928108470158135223572563401252158998622588665109311223372843932343075492388708177112301420264509914902040590127e-107 
0
5.417309623811091052033523292734272042238473801556136530692573050528309582984164323595046186074456353970529817683352536158e-114 
0
2.845736944182002180519638817129447609983186383055409795056532041417944538398448173377351893805209848761369895398197458642e-120 
0
1.547022155678653823772380272036773500196049197342664435362938488578248193906634015686510333706952298709876941223723787144e-126 
0
8.679502467833789058410856159869501513655018960169189148778566903309965055098855751892193462402995045604694611688011172212e-133 
0
5.013263904347962099070056220454370817560290644054066922437802197455692360229497355538860043450405508947127012151997828613e-139 
0
2.974484573789096604881843465318544723738751881244611713590786660718923611179183273853583061102342994143314170251729750969e-145 
0
1.809250010052002840208664307374833206500376837410483463183567945306402638212771248851913064566622842439798073343470892141e-151 
0
1.126137931868255217431383377909493943653959602624699043909596192631807665750117884135048337385051009613852237896766359835e-157 
0
7.160958713514846487154146743185356253169760588635330443491614216826747642520205617107772039644484656668784938458294766108e-164 
0
4.644931049116458035956595610927166460702194066817260497221404525263734638607337487855374125102029051757354756658991041919e-170 
0
3.069107793527891305724251124269024711382741644752917307384966536550661647095677005044878794486600356893085613640792691651e-176 
0
2.063071215437949685365581683631260290714582123354267770435516112069425700026017576800854856253119939359573386081742159442e-182 
0
1.409200827608690303001346302232106192686556236785488230786720192059302548724314652644276697683723674214634700920014090003e-188 
0
9.770436523660684478758190779771440308293768097636168815437397311986691128484948617637995172558478626800870786033558747593e-195 
0
6.869067598630927622630011855443980370908413818033166718369565767244356388522280706069208104872900206307446684176302620858e-201 
0
4.892330771724446538103796452110053277045667160303388016157348248102453565553663746079295084216659362336387025842791821547e-207 
0
3.526855205190744742965303337182498264823336796538663363346557361660969803850420192161384282582447758289632763278024153482e-213 
0
2.571333286354866616199626390580201753994725709435368526244725673576120946187520951512982202592150665911440265536990630232e-219 
0
1.894507778467073559516819601761743253165390527292052658892659931886654871536932380103570171796150380836376646792805480124e-225 
0
1.409584896871516668360114197536932990425059629311919615384734038057066589154437238822437676496328440460594533454211348944e-231 
0
1.058404876552239514482157902597867193687221268094999984489872702406230794116027192085692481812068173207567233409180016351e-237 
0
8.015024759695754898164356613770686861962830400412989544115553442187905960130220156787182373390083264444879311074972320415e-244 
0
6.117773083669221885510044383494513454636436898572114907323103326185246298738235937928394033022374855270391460837780755182e-250 
0
4.704087289829858933845502376452554862480684348200544265371293051089918336290795910999246296445056823524706225830832460740e-256 
0
3.641856370548499479694599406445896908577290530062912067067559550664017348996690938172613142741706157270531128094267318374e-262 
0
2.837399163678664503572997999315889792253544490251006678459393400812615251677576460568629810540628566440545136503396284175e-268 
0
2.223641970613173989944327035815165086506033365459566981561796477048100698026847428859914214778607535750522418482500201723e-274 
0
1.752119545705244875103337779790602887410998468158265515511738866187086224971494156693647298821934392742057018135790447227e-280 
0
1.387506202583153553507160293043880746608288303296521544651350693158501721350649184947527842894716691037050072631777331897e-286 
0
1.103839348394482190851259019709072949838757962998378343568284602673646619303732083203796847833706181961226589372332728655e-292 
0
8.818868047230940976795202763836587275188087565190542470431922778272680782805583192162333543723503248368297256633602822865e-299 
0
7.072947623799127743885801579931267811681796990501812129075111713568329116128344757076761789007771598016414221094842228146e-305 
0
5.692735489154840916529969405394066737284694722790913204508438829907618186699707748168707017196089435850371354021271728194e-311 
0
4.596572660698430430134441271079756595394963111271048638776147577568937764740142360887062297357867265569274834288869615322e-317 
0
3.722255774100949861759754260523642750284224023533615045373396887027249295666973572454408204762657113933235233055457318296e-323 
0
3.022108335417128438154939483404303454242297245771414415136641703323899196593655662100461009737499478672150318213962346260e-329 
0
2.459372698410317355732284876890302812132009949944494833333856927507787528428123490504471832546584923992003664389653212618e-335 
0
2.005550366629077010622738098783692755190675173868723971612862940095824306663013804153115658599445760551311487758701334508e-341 
0
1.638428201501995360617069478077371571573910757121541473124558994662968768623073028269567838879843231944055917878114407020e-347 
0
1.340604215215098305681889974461293474039230586574622599443303467596319347857579564393927302608815676725599179838665028149e-353 
0
1.098379692683453106686874578137689931543781039499221883279135210301723972815977161343711511887043596049740316023512894367e-359 
0
9.009216706441611231225081518702541378295065991009744360379421142537767996914358612228050451513359190546046929098569335810e-366 
0
7.396261875787472934211280209918972217250564513804785175415660799178967799961769866720982418551545500681396088422113911007e-372 
0
6.076315219179893753988216846230418261207155332330921811502610212499414819602348594525338629796283863438357723842039387309e-378 
0
4.994441267706263478411662557665275251047489773275767147904790317471213960959843160652250337874039892850231440315873720476e-384 
0
4.106497112911646320044170211769778792213348893359387496566025396775924085064595174118416937161782434681053597458907256332e-390 
0
3.376889976084240472487649952920718388927981876832646368629679681669892754751714586471414595100911203945396492379399271926e-396 
0
2.776828570499462508548562682928331622184159349139398378976662905742817685963764316243179585359851410100949995079695302505e-402 
0
2.282953344047787262955809614848446979421492127533487962861307642046652607334427777304711712602924696740619491368638350572e-408 
0
1.876258825221383505436719051193708602656046404624488269345366220575138209524498670218274379736068519622814717730982444597e-414 
0
1.541242212994591394552951695754567030765273321103432128221509257902022110975846636154296333245669369961129913328056334970e-420 
0
1.265227984133627208032215160019496584964889038271078748722642370757372461297452348342658054817421628266420685377205578470e-426 
0
1.037830034292071298683391404630406848233382601541137722198424516830285679264396326234061717980971206085666093404063974539e-432 
0
8.505217331993028126921806774377915087683392077963472831901535758122538841969269848338160852141182790798130182372117502875e-439 
0
6.962909968236016395154312476129353262177155172625012756422837343131671170074924767566174730504290751773454544776153629091e-445 
0
5.693626012612087448368371719325934545628653678255156953610757372442418188405081352473947493767752591114307741008860123536e-451 
0
4.649738826830194325362999764727919684796694048666133191153866864863115299678089409934992224312151926618138687356744170727e-457 
0
3.791929800161041367679774126408926282029043479897511215001703374891039942019366152359256333243122717501103126106494159523e-463 
0
3.087711017139480534670737967079915732233302971421781500322951795595385827071177439737874977970367073846474336149159689678e-469 
0
2.510220991360599143146566846192778530901491134878104672644771247672166248895887189173742057733229958546215600328403619098e-475 
0
2.037240300079113415596692940293571398624371209359075626644589118884844794115445022580436524453196519975008408208837714269e-481 
0
1.650384891771135659732574007326468650300978543840528536869494715400907340688332550710775577496534775074894499286199382743e-487 
0
1.334443408892702717867746565852960561582794420960804306684995245803063854628536154669577887336651153312680667068079864625e-493 
0
1.076831606882506470005319293990589052079133395427504449365890738006724573686454976048211928328150965804674723478639144861e-499 
0
8.671422675228473942606045025618887752629960818977274323061717889544016933547398128750053877431523159277527942683667338311e-506 
0
6.967732141305733734033797974057322239033593035003973396141243726305150066820787292292779123441226920766790360654370050518e-512 
0
5.586193794294969506671298627126005462828852717592236529741286094062871529330220202623145962042379469635631828349374005543e-518 
0
4.468175411089298697266464750516567727244956252779408270714702331398598109995486718638620211651730575931527163699777653751e-524 
0
3.565344697826960762134398454705777375514686197440583164454834070267898402050946200157386254301420991303691235886881861534e-530 
0
2.837909419539767430413901181098508744340923043912686026603136114206292712229219823701763121651828617508680751683816421325e-536 
0
2.253154445554463948161072017873020758702500231952243857856624030665613229350030597350520057838949650223963535969950980673e-542 
0
1.784225064732640118167068022629777399741576690215113185812912315555815970803501950338912990967837296498660103802608848053e-548 
0
1.409114901941579620855310231480926058720413459570586984522193060529211858475809361610088039260127369582400392297946958175e-554 
0
1.109824058644970106585880510790618824621878484547391196015197473826814888251948566186859465138616199160715353549505972089e-560 
0
8.716590419037667471846803968587640026186472709294509860610011530389704168922812119673304328078243401833420702924119012222e-567 
0
6.826509030793548005284359967628171187496222834782674865788953494401300002522881355508384863569935362643936028827294747971e-573 
0
5.330719909339101235982457969879469615172366731266794085975184929509406210440961167026761832889076631679695876668346689885e-579 
0
4.150350012777244452585097798034612549020930994662264337281090889636264174396667670399846113343337381487568905204138942336e-585 
0
3.221607104740416020506774014441467195868101137298978544569192839000060982103248420408508350396752775481253455829513373077e-591 
0
2.493030197871355679242869852034815390537402355858270551201587316491314168689166007566932900348476928517149993443628707698e-597 
0
1.923217973171800291250155051195530565669180325056184287099019294341634649279348865349425522592471088467946847940406626974e-603 
0
1.478955528376534506190081951129862110588374204022958142805410024154079398086940948486132307239595891340471764228585872880e-609 
0
1.133672736005923121404491243690289523433571309693187620826533055647247681150385770246494973315865090953867633477204032313e-615 
0
8.661783083214864966614867490456975786197526119143745341100855026903671185694110078187892565984492099969546443522648168814e-622 
0
6.596227346505250379869936511549375817191247820061099166258415424210943917031976067925543349309680594124315428385293606137e-628 
0
5.006508714504646235804591646650122654356097839932806835695993684446714957456233561787966363076170156460079086448707401038e-634 
0
3.787113679920719878906135432655941109448636968837464023898075966590849754046659107381375403626866602453269401572589794227e-640 
0
2.854954982787493566454430380203710263382371673095246700727658428861636007857457542715028296044880639482945448706662419437e-646 
0
2.144825056122472269732311518604335535002023783683783669626654907683950723667103559222152680689058141148733972899588818055e-652 
0
1.605723848428771083988052685524455369458579377845632033933597576826150213668680969654040308121444444300986003254035459281e-658 
0
1.197902408986456191023713988161487634982890555482852944794388168691466752189220982172586594549962187573993187675459415604e-664 
0
8.904906433785881285524508562892881888823548178841296113225011780495834695131087240461886039390236499665319770033509318908e-671 
0
6.596003403380717807957646265628774791659644241151813641858970411593343450265975286083179573685275377683152102048058367061e-677 
0
4.868135994725658571711598089627337952805498582250895304740995484681750295574998331097801507020798222238975904211160724393e-683 
0
3.579827134070398022604505899913214182086724568208859483814885520234041514988273428512338326605802842547579406045378118901e-689 
0
2.622808532631564731547196031913191820611969703631202456424097792262292089858564886213801624552830430899287262680281816292e-695 
0
1.914539781115735297224153305239809694075245712365590536533001113092738148751951427466867273047822521698930229783801348194e-701 
0
1.392335822866092879078494116086104976904829966374475990894646055862335677669482680077809781340373282993403793234216640056e-707 
0
1.008775038315944159612362517365984312281564125734939710028823676243411708293566686616213135914653694860207271926278543306e-713 
0
7.281229432931264890089520133703855861465844341826493332561116120247991124586998142015504876214591792821471290395838079048e-720 
0
5.235580956101456731383040551273156260426672291212568543025325790693832192890392025241471637961496438116112411460954930996e-726 
0
3.750290474869990146620330458783260703226124004961595522160586099084958595766779459484780706914383622581232818024515063018e-732 
0
2.676056321513218664931964550306975327575192351314349184018277460110934166141268668670721183879616946748769041861403587965e-738 
0
1.902158527539082166347800194155454566473587586238099260761422550454014666951744107396552414808856878564182553645418092675e-744 
0
1.346822690000398555914248456515218016801453385982904345050146817162657762808199418804379433519560859448696512801573506120e-750 
0
9.498999524929807875661855967836248713398993448140388346956071325521179164701971462902093127650136156458411800278527666433e-757 
0
6.673302640427377512978440410851750847775622598668657119007902099875952275159722350788905182338317391552776973119342447007e-763 
0
4.669725859428376200766514915555485387278783854458321320197891165864967778605970901434327926936266730357647972735706859341e-769 
0
3.254782375238566054972348295107524459754168058836235577018619434734362676298002663148128334257300282591378037539920488753e-775 
0
2.259566963897888685031853641365738961385399081726785516923949332536464324631473036191560501431000432703422436927302289543e-781 
0
1.562406853377055041514307910745499270718275689052603945793123979248268113097269300936742445389248166053306683385750449152e-787 
0
1.076023984437870268035548204353684831475506762900158015051885751672194898699443497143498817438226797805162918350781212975e-793 
0
7.380778471243957383335147726110136711173879261753765734037423447226901420545071427165379121197533124983912913965235039954e-800 
0
5.042298505251269700471340851973359654634867572829556211654385457549864832213109141064611228211934204951262971450747724177e-806 
0
3.430797680653480735982695630733703991343514735744465705289009670433787982424044821481305222078383587749649559066792470380e-812 
0
2.324856161829668846101632173345021638537567721236692183236471149130263143672181739426579377861543029649323220072136788981e-818 
0
1.569010971486843384332208943390234634291426991447842441819864195454178269603330450701159550358123728863800502072796508714e-824 
0
1.054579920222568533887436415571371842597753865821346711415866396283661489737861887833518606648593323508345117445326858876e-830 
0
7.059136429140052738534135127350839028386172941626263918885484374275983437709635280914798865915912068548693728570583943883e-837 
0
4.705842225214725662435413473290848999837737313617266066468716752681861447104798984181932852738619003757411586743083263876e-843 
0
3.124152434785825303196557509933953928450361024143313176468577326290066260044921408687040422755620121147858639904685957658e-849 
0
2.065530898500937829863993918090859080315223380470830954025223885456163393927906767446863098545169752366264819680726146914e-855 
0
1.359976983496421919327849703014368742396211271512546058861715487798935730716428152639295315756259369005106952829486762247e-861 
0
8.917184440510238582985326118948356223804039599687385476655882590765617664250256771953384202170499551281090998449567304770e-868 
0
5.822592564128083812311675417619591097584307390154048736501094165324402620419019197310473986828766182390829382214002307384e-874 
0
3.786115213182781114281267948515577672450146995203472049512577539371417141125342818069595129110835034385528459521982895358e-880 
0
2.451638927660923748127540241603191420163030259187622235012869754634532479224009577315413887648583269582313913313396945796e-886 
0
1.580888013224855194329052721566584649260553215742867737742013048869784649661878926361781871442184417653493121264251852111e-892 
0
1.015136493597988366186934740752469430429281863186620678950810874523044206777518869930613317987224802469064793330694166675e-898 
0
6.491177614760721200601505839440144858159624858656198137265903904562128187418765179194519263667810247362048661904076130799e-905 
0
4.133285455007038116486087672446103982525841288301472305116490575359920164402732821529471203189605409229072760241229403491e-911 
0
2.620821548126898919950321154510828872446254691369562540111287844792089987471259875792364214042942692065066406785917492362e-917 
0
1.654805980531131560082002809573069423079547067059199361287325349306051592605206782424386301208575977827420327220243271301e-923 
0
1.040451574467415781019430328820131731546687641912372193884835032464885591156656234850181144303486886425694952658617686365e-929 
0
6.514176760264749788880472081833450776025202192775774040499775857316138327709359958982802886654401552654817056022286047795e-936 
0
4.061233281102527335398980621148621180734655982646963057047993206424821872985283592408050991498741496829139939699586253360e-942 
0
2.521244997793371568911444476108628022614143469749774411095410268714354106595746955148401800605484804312138677580615448319e-948 
0
1.558579611721816950355228401236780965095408821836332904149113670489030086053158336051797011726096939057284793305285904963e-954 
0
9.593962071554539044756456686326714801850687530352934295549648668099737610639808218715048017832571697742834912936255969022e-961 
0
5.880583577617150431790362660386269588380840912824048092156805885533702668654487702034411551120220530907142869630689504019e-967 
0
3.589175998987953509490320942818610502132212438190432994848019072770730700415390946917252449634081567688298266736333655360e-973 
0
2.181320955915788873456940124956410340915338885396589695167654535823403493150027614468825183349205221474426861068403424933e-979 
0
1.320059715949916515189653196176907776462105942028201088334996935627620461405183465845245462713869081630939641165475729615e-985 
0
7.954549398386470392944513235021345226632132543644276196977336986984934128693331170712998158069331154578075873066296184414e-992 
0
4.772923810457468869013895964788679171485696768505466532979550634145580087926150621388160187098391419288315100835805612895e-998 
0
2.851670551664175621685304908436798355966706254370204181618095766376493847841433825668083935190862145174712292119274488533e-1004 
0
1.696521026624049654921994623690153628890837733309933245302159020445096842276909810847495287613165043202599634454497467311e-1010 
0
1.004993846713405569071745392758158275755390368519699049135266812696216494101024378717449622932752476997367530315548400079e-1016 
0
5.928040017065987497109691007340788513841075072500393032696766521373932190052414077119900959888275351103698352918891737963e-1023 
0
3.481783941700504199193121696750205458005254703742244742516004963771347002313851587001287423587422614719809013957170084134e-1029 
0
2.036268135053391952064651538964986901871362120555925415026208428095164681964690872690750097969714902210052243732707787625e-1035 
0
1.185796444523414087343658346587190723112592146968543880004278208127383594565526448984055307542136973804015968834697681899e-1041 
0
6.875859818063452732564504227562549882241533573838171480180665275103426710551393629600050991617800417502826857552824861681e-1048 
0
3.969952564917488913599497805349937214491689876951005870291688402228541556484529631621463104527349599283027247021202343076e-1054 
0
2.282363835329080704471027297817254243874581712968096799560237903195036448350225317701133494919757860768782028355627983678e-1060 
0
1.306548671633583630937290862406806763205508561697210074279169685973591372661536641753763766384972612947002765651348287399e-1066 
0
7.447447323871059433620777209539952491255199902541903433586310455299099652243241719727620819898454526636251116371106935949e-1073 
0
4.226982686319123394390059789104695454323650349555218047987592098185466078579511932950899697771381359444558826973392342489e-1079 
0
2.388882564337862792234468326675446085910288844025621416930882825587302612860162438557661758139312747959498177391042848091e-1085 
0
1.344313705989622494062858659388813422123864356082440550735073166881761193305851902224224319907322863545097019375267038957e-1091 
0
7.532657232907110026069744949298268885162513223158274464911437109564208145120200429626589593979669679806494504425288371229e-1098 
0
4.202791677409754605131701797563322991637682442205275674925855066427303734666834804858473074055061088339186110487272617995e-1104 
0
2.334909165480224612966917074006503562567588891395099124699407205383299866159086791700263753304466451027964699978660643766e-1110 
0
1.291650562079335143862253149929535977418507239319527307795231351347713337493504022282839905884858159635181395158978475388e-1116 
0
7.114813475750261983954319384645233422712222872034925348113383999485770073570737422287727929033745920313228809107382354639e-1123 
0
3.902348107090345421161279614320054635347793541740335984013241898348767583700339004015088523070771873424714399003669814868e-1129 
0
2.131243807197620921361342579368528257383515422796275681214989443340516101138671396992615418809820734147366076594340995635e-1135 
0
1.159005736484444953565984034662582706449762362900154442766012795866668878145918967779126989214725712673118337943478951213e-1141 
0
6.276016874951513310098923233795729850286656664005940340641173130353982323864904122830166925521205631249069635956999829156e-1148 
0
3.383993191676358460347262434542388814743978864630796651195047948866949562408419338424171565686488331808082174979702620589e-1154 
0
1.816864611781847799505435149912579226319263250673447717838467430322905793122297626271805939529104161204067684400384059459e-1160 
0
9.713243045121185077497589232253004505458458374841049775468831019840231494312499190167597088685168215276421710092855356239e-1167 
0
5.170773283680932700960313892893346753611858762670286297809070100463481037044286397483013062557761462545141403386823320482e-1173 
0
2.740925814590911451478736287887017146154819205495448786460897471147947991667221904066414774054948020264320507520284547131e-1179 
0
1.446740539078614863969703498096554859410714470245178325793755845306299513644185902606812784446020667879426939940266085929e-1185 
0
7.603905157707626458444903332227396558225313360935684171065756913368482351134629903571554343414468188128717671210599122518e-1192 
0
3.979573515036872091841319817067107133204045378460759375783561781181119670151973809566173496775863865643054308804738841258e-1198 
0
2.073916873560118881392551566399255065142657532225526995185773665063149701402041982759675417480991223396999973248755632562e-1204 
0
1.076223188243125827777064156698557211632775972460429133853519494075474793100482063076141635416630858515426946595196884251e-1210 
0
5.561229100573334704627255112710635776233491095372030744176271243663155548440639079397501933173001999441934680836003071517e-1217 
0
2.861527763365589408437129797789617637954297955845813156200670062032581234392733168836796357191796028451968745066587437578e-1223 
0
1.466172972436530801659230782904176527280107674218808459619884793890201064262565449203004824569901777894959643284944510001e-1229 
0
7.480556251643483371830724365449770948509130268717556898823394918964227626685924996581048834222446280135825062582270207637e-1236 
0
3.800540991196889081973570408974579046906062664315529652089410156061358081833408730765673156520141311608633147132875727157e-1242 
0
1.922742982088318906379778882753993970740713113808324230674037929435970245849190390435515440216372586787693582735531393958e-1248 
0
9.686409171921227965559479889886444041743421246378924199706795666106354539497523002428479467195515772432529353915074762694e-1255 
0
4.859277008778922471412525106875252220789240832668825224013802351922883426135608632324100827425506419209353705119196009609e-1261 
0
2.427444543154332292653260283431122130191722778921851216023063997081371009333949277846691322708785523610162782204240819944e-1267 
0
1.207528425514308972001696313439315918210233567147180373018052198871347895523342291306317895121853226595360159377889320882e-1273 
0
5.981600439322747730728470721753782354112163034638482280935158209152026800891903271388780996136431892707065072926335521644e-1280 
0
2.950604909788581374200475213899337900066147449598235809980154817433685003669733203228964952438348888056068798514190271651e-1286 
0
1.449372475968965356035186307494366832647023816650836355248916053125999697283752838515012391092446052655058592628822781322e-1292 
0
7.089668644530047414623525322307231037232988598798269690968775606020020962582304223331909012605055713513761048584492223454e-1299 
0
3.453429254071233223281686095301897521607450027607338691731519180972162333381407324803821486482986588514977270936614758618e-1305 
0
1.675157449128454108662547519972849430798931540819825050122833053471058445054860885459819191591898421383997345261066730112e-1311 
0
8.091758580782359089950978220493987948312463570058794930030741848527813300030016220512628631297903529526840953150258200395e-1318 
0
3.892370860114334114251454540575103100619704336138533296870997429946159108829994338325796943164022001062668836244444337854e-1324 
0
1.864538437132437175393428258779652558513974367178031588655779130253888196266266388999875094027034582724436831615291215034e-1330 
0
8.894389545648572741266550796301420059853919932556782527469327091534759460044773359623221175254534109051579697506890671990e-1337 
0
4.225231386201593904454466453437699656155559777955267931295054177100788865037296618615839505552110893276534195630992261013e-1343 
0
1.998831955839003084515445304239161487736969709303404792616675121367407822436604715180355963907044195007782297554815620888e-1349 
0
9.416628103023319001863700608930047317139828533529334446307038246427080715023651967893708091105615220259487900110038644537e-1356 
0
4.417838495958868873486839888565025399905885181396503892657635074971743848043135546322362775462311304764365882273109005397e-1362 
0
2.064056051876410133466279713053267519785726531843294699297034847998842318507634629316739982679877554017354353124473928210e-1368 
0
9.603562072497997566166182708468434997704853177892202835126545899385763055414915253536422039417619035512545996563852069074e-1375 
0
4.449840158221756930193501405839910682048494838563589493981833455719774863891972948404456729120991542087937477562339749118e-1381 
0
2.053334426717408237909239796172416757410366492960817037940535011642917995441021353817833177449130738614054305885269683856e-1387 
0
9.435832238724392862412792445050222436144389149102472062435492690756136189501577841736150388918956751367322029472904217201e-1394 
0
4.318252423711474754751291560096104762922182209818990957703574801861734837932232436522723394217273345976074079736227096086e-1400 
0
1.968091099838783354677628916418433547935310240390881410127969496353432809895309370641260852384705455819800872785259351434e-1406 
0
8.932927478754211020440750380689335278341742050994389330502732560306769040240199376276861257813489986866807942441992334518e-1413 
0
4.037903685511804342028379623804219859097981576004831725740565705756844978000797430599251717456934597460268910766202527182e-1419 
0
1.817748324606595088966648467418768354454128234057936921718259272666320286440871543162539961311491415589388364911145890134e-1425 
0
8.149469311618534965312594114490488856294788210544960044767479549013907464470748991813440062693762598413853399619856518324e-1432 
0
3.638688059673169696921601762939637605202869881684337596103699289293267774129606134958968645575843802631338169397434742980e-1438 
0
1.618014469771332251405270738603265285090126941076513333029437857821832270452227243950865184589053136279051450672842287360e-1444 
0
7.165462477963523768507003652426967726041603571004375580431967686288652612995095285734423672653938133387380556121157578838e-1451 
0
3.160330371797167162643755089475463786553336318823603372801373772860842974174005997542347359374035959053306010683706240041e-1457 
0
1.388191479402882286634450187205744802073323789746203698383044285295132136526083386672739430364966398147292131234647083469e-1463 
0
6.072913626046452678330296554570312608604089357023880070338730600206859029874220806316660486631317812634109024059995708734e-1470 
0
2.645927231461365267289213014527538526165243047796968385865861878963203653281592869998045417041398447877901473167307305172e-1476 
0
1.148137713752009106718064008532204889185346309264798124840847668888231116871502500346651300698863260989500458897727416264e-1482 
0
4.961895447546767426075199150809449657052875152535217481854787885136203764578171415721728758575758662384678101392764171981e-1489 
0
2.135703846585035854957471977401078037315095921836877464668509626394040248941065194600453076652265289273990431320760923278e-1495 
0
9.155382876188386351497327611207398617390569551326158210407975953757267114721208157434409217244598722604353265641117177233e-1502 
0
3.908915916810735808435326390016812752023567279495628432012570976488674532517004340059766286663031369687644821011260749578e-1508 
0
1.662198047525200958514324786260515328288574078548279308970906934045904107356459187041939424303831470934068027195153728562e-1514 
0
7.039764383689969068270833453298465279980906499162541159823538673101893802986560318381046261685010624410105355449106117523e-1521 
0
2.969509374245963705772344841558250334926164125136456073174873728562967386585985129051081314334281568101852901549392018861e-1527 
0
1.247569678521783015528136890172023620689916636519657391385851789710205042800408566048041466425059895921897126306034069185e-1533 
0
5.220363878295412879799533042317547153401852909935997047666372655801463213705600250197034002397885428963861017408282144858e-1540 
0
2.175679526323556553834824980719411764190717766517930249104304832389719939092438082741654594406521308890559811543103130799e-1546 
0
9.031285985617876615366692692545714418176311550553739955352876141123225948836757406973087521445715878826611896685758202496e-1553 
0
3.733938239921874984825753700830082224751782029301224384018422103891318681474077993916245062071441647019488688402337959911e-1559 
0