4.711715339413095755311232557357035934784306179843143759797342580994420540818138802361463290968344856824281889218797289827e-1 
0
1.142220352177816758556845322038848529127558074657890336768552505890802281769157123623004134235539925913775344279495399054e-5 
0
5.879962610127126383182791314602007830902380639917578997294833453541034171163524698984168139881100784829817308683047772988e-10 
0
3.706587105555252498948883948519206318255668754970769038133214096206136465186649464865750526749783602560707229021088426981e-14 
0
2.476478921610051291901964585336314738079351618605028079591815553513609177253054906458026336671686400869089226636830630082e-18 
0
1.650764077165414008388319522301375216278387979299270249090819787555243136973465509982813758931201135834452296102917804544e-22 
0
1.065424187207473728399446486896286851027568008528419546938144082410539238140645197461733963152534564901490268909991243967e-26 
0
6.552512209555084852863617058931736213918561082662856453603240981387932932746398578462944982674881982234978678249120974446e-31 
0
3.806659005957925039933492599217565165129365469327286762060554146283847147522813347080568716434884555324835995293495811954e-35 
0
2.079199383903632035640266382152356900147794998584023564440808743435208019469315438207375403461404518868242048891958165680e-39 
0
1.065295434938949041713603836900297925234035966556998695138259836045338913820618405826981237557164147593552009513647494681e-43 
0
5.115725989156485509422429331704909611165846017641457561174998794732185160688185140956128665841409771473572847512598467286e-48 
0
2.302744832887273282130598721403858976799991057038164234151597714048273970199542642914035608135390703565068348544056609823e-52 
0
9.722394092724108389535329116211924590755385635367067585575949767201901215466525532283017125044598301293568256639955173481e-57 
0
3.854191963452606595644047030135773118946574228739226582385053783282885255783497976898019074628891796715009685884988371681e-61 
0
1.436368890325631751281032062353486747577154213322172630971142612703822099102814239443024444664399382834215658861692385801e-65 
0
5.039264539141529033396130272423261424149007088502517602605298815107048202131730513166826112538288902750924194891476234319e-70 
0
1.666719394294870517526597359316460097595671423248667920083923684446748761399227909703596064384265499593450987958422328756e-74 
0
5.204625583791539934522718658177205264747858547172106478923921973088299315537901657094813049596524810252055348909265564500e-79 
0
1.536687591083470999211986736160996331176724642479544495064991115479303390575895282411305699761085045681662537633709693521e-83 
0
4.296156657420146417862329443116456822332681119895734215943847823271531112748068430570699387922571055410237967299125476135e-88 
0
1.138909145985674434235807451291679136495283436042010162892008887940115783713423948484125181820554310696536923255475631261e-92 
0
2.866895152313001027394475763414493766737939638445015028692964034200777204331693950089034993204449328073412419259639785746e-97 
0
6.861654615446041960787449679749717421115749678802491191696749887500404436527550413622568025282812643130911759147217187127e-102 
0
1.563510749698308737031675056859073314212395368673851049552606654567707288939860796790368216606622412645008371078603449486e-106 
0
3.396003511801654977495702184979446223436157437655221347195254993487635162430709942235408035489114693447007577060171573860e-111 
0
7.039640046360345519521212456237177967751070831499579061129941759215288214792355564169156944293883498225446888725537099126e-116 
0
1.394271881287314454239709437799823364639734074935904513168900575547207562832761632629266620676222890658377597738386409595e-120 
0
2.641429819127884763413056181994877045710527234851793037144747993280441885953323408292322114672129323972937396766321375583e-125 
0
4.791660497159732223364652663840411804517374124751436011619557759847428502973834223274058909460221311219357264934187338375e-130 
0
8.331643345280504169178388488284650643881288843209856170656779050945426038202992359232282703051335949720508625405077262928e-135 
0
1.389944828796070512866661052333739477523922128543312878420248461348501929191796723993185209075220377238146964942940273563e-139 
0
2.226867311190598760090738923587393580833702133044737142720754302062686517262908589239113794517669192961270070980587472522e-144 
0
3.429354848145585836754498783520102418218330559806465510287986733706546213196169593348938392677139397185106675612443805985e-149 
0
5.080749508670816983417935373170229079187426665423958118864992557584102952248522334004431648717131426213777778032331799419e-154 
0
7.247724227130016833394138174923092935626500700851929643390183056774029139864894060206540079078091669372780948087530073834e-159 
0
9.962797206040626737506081838182322717041705086984098306190978080234221131900262950806622049165666152211323775811052746131e-164 
0
1.320689070952053172038300512145452240519557918509682496431981673844494723828354092349478815525570766977218932640174341819e-168 
0
1.689587861570929313791037074959476898837605540207061151302883481828152614850804075514317208671992890250420940597941647066e-173 
0
2.087522064090846779156618802446551762174114933893128005108563613229910626744084726418025998361027409683706118472129578607e-178 
0
2.492580578896505245242032408982969065363915545261486418522931412102954244322569626281597094211971092052858180923073732161e-183 
0
2.878207043975348472612537985501591989676166357906018373958412235331342116404987714340648848592317325493000411163751665175e-188 
0
3.216074114765173022459673088810765696126939482291786407541630423191314864816270613118836145264124296516032843285601957187e-193 
0
3.479588668516255392602484802347624932541818767151878449214998692426131571852921509274244600694012564856316354418153207246e-198 
0
3.647412554878401089507032876377330687962674536326068817400652744108796375685914921090346998323520690104358480933009167871e-203 
0
3.706340792529638579578132680543382222894230249425768783871031830620352026182756710103767165136549958271434886929847812726e-208 
0
3.652995646463260879529337956574817191385953987625179741417672859569875008148909547832023728537423278438422023931916254178e-213 
0
3.494041634347322289777598130172989650922607509036100888221023214010005582928332270522574063748705436932833286797164907414e-218 
0
3.244936268079051299290051952770213390202462301054528937234435029876495801745465308317374888956004850063067510956425532210e-223 
0
2.927521858617301410532938383466548986862796795075496877201592694273561070399966409421557334987279840393482756879688785390e-228 
0
2.566963470551512178610507243643087053691853632813245262723243098463584975839471293987319008794456862147622693753694465489e-233 
0
2.188607021898896236410455901186147480916907765125517798191089258939126563463010317649072156432131633787515836533317458018e-238 
0
1.815269209737122743886025414607722418811464247089896097462067300406336073949468279350907201946991190568394966891378095579e-243 
0
1.465311413018528399403124793678352276930418349079106584321798379516478298766195603295298592964320131883430708492967743985e-248 
0
1.151646268086554680314185551028991598497280472245266095080647485350926109630792044526129466795068526347070465978926207753e-253 
0
8.816325479178414062028517827947564645067732615443042192455050729499476153009823016065915991218457570925991790128252919888e-259 
0
6.576717299426431165585513544974038784941044765678131332936481033403875244812044807108451029466795507455382201133530036579e-264 
0
4.782471320559628425680272475165950950460035163229103328186749169383500667599582736659917927215058034270724849665187818714e-269 
0
3.391414757583341651528686750954231808589784656787463351213030316482554770215333993225579438553023127309132444176882207061e-274 
0
2.346139112044646226057138322554720409555698799716912100900544373168087396602759319922652715754213143416274508257318769562e-279 
0
1.583891481350076282449798004229664475673196321979674581604961401246144708245333805309198576878536018929776416084479485228e-284 
0
1.043869146606283031830676002678957362400591811513216381235925574538539566125099897930950562642448260170148497600762325423e-289 
0
6.718335579401562787547753600904636304143489025043368691111152674564500463386232109040051010875426068761852927604972053823e-295 
0
4.223907059082309865732935675708510341497567514558352489084056109340718287230619678604838102257776843995859933539323221334e-300 
0
2.595029229539778241351431553110360119845866385972900098897360288254138916486821708715506989925299754303880753793464939401e-305 
0
1.558403547192507750946038730992352970394247921256657025014792323520271774204883083926158075445221755372777665496281895209e-310 
0
9.150785493015714175764088127120799418383845893342462668424533208199277043354032236505291843103213957919813688724054999658e-316 
0
5.255392941999007254181387723772169203140030434906600402477031414893058166119490843864408361666568370274133457464318249719e-321 
0
2.952872598117579241944292198355657663304419800149947193834468729211552241290227612510963669139499835012524618121281291360e-326 
0
1.623671244927157488815855849484839857043982846759890044685030810979520501199531184116622500976834682049054668698537255080e-331 
0
8.739437962186574478393188945721344221142094080368651398561690323955358311483383325221108574430835673948713871359827353245e-337 
0
4.605917344585916559227700491462754436835162930386914102743106420737957319232108548710891274024813695950728777318361163339e-342 
0
2.377433657321536579674093952767828742033631586764600280157909355556793342090587999080283542646212519273866791831698109429e-347 
0
1.202181344144948612696942122247676689656838462435475447674041457845770590842228388243232006948100933251651462007603708859e-352 
0
5.956730207822203421529987976292699801790605185582690320762335859254350862927421344642965436714203260087586373729725966034e-358 
0
2.892855713798861779637214182764985379586980052461506585413384662294941639544391061937634369895824059374687876086802010927e-363 
0
1.377300152555224342222673219925502115802144282558813186643573773145255642414633035983632566878473123711846693018519697777e-368 
0
6.430031821720504735475224925926724240459697854619605798380479528637100966789236408850617515961309676462013253301146725068e-374 
0
2.944271104160608133677419180313948687553624099122410981224841326929334646995158408514425856712420669521526568479305438369e-379 
0
1.322567538482364165617242013186320891982116517176820218470248034844960923433579471545371023819944597177012898148461172734e-384 
0
5.829434385515245499877793301366155781501898931664445044671135693350986352898452122574964376044395256733831577608512908470e-390 
0
2.521706412806569758653977618880386677915903206270567946453683991110921125247998184515101950097055424108401077869196115276e-395 
0
1.070807061847536478068045858596053918619670971578231377667406539769653689563249321919104880594616135312615295477935925599e-400 
0
4.464405698160058455949638924495335654761368650921450958098199676469758859994063151081304727677040728140760351427975862298e-406 
0
1.827835297360403159079810959170860342696501261911659123614019655170316615706531014457595636450867923697162945350100479324e-411 
0
7.350466291078983945248094076848067043777129302136385639801247814386651236296625892182977472245641804139288710964914801240e-417 
0
2.903881151398274469962757642770141373502079470463915952297707106647780524813227019746226813799793504892348187563925116073e-422 
0
1.127220544763596550587069010265751946270085592846957258757895522401253116939050370341022913223680822251793587517147119020e-427 
0
4.300148067318037770665833969040626562446039007277120110755771848341518734601937875268381234429604960251139120417488978153e-433 
0
1.612423538988523456792386492275152821830551214420719809662263171953888493096965193614822281992552839085340198867461454065e-438 
0
5.943896714473103412424704150391576321901950695506483803695611885218804013340494350456121059048418269230528873165828852181e-444 
0
2.154435418337960625340302111315722830415305080186030842927033102813764269635385907691555805067987856163664902991399508870e-449 
0
7.679590184203133541137907703393795228129018268484456459307935097938081701093567038424308546430450456403596365414357165952e-455 
0
2.692500355408915393202617900955565914769747417127201665878317752020969897533712560888078748656099859945820978198822816479e-460 
0
9.286586303098216852575028264089867821330788436165895006085148737275449897706784822903108229238181827509710609594205908421e-466 
0
3.151426218818776829039795311440025144258371485808108646214156519181539944657694703956870462661130302285433060712314994206e-471 
0
1.052387582534849791286541528403918375172744812595186771084252071221312944510525197103530359692737110378666194081814949830e-476 
0
3.458815229773161331345142028304405902823058394053726428011375852324516707337280888259697919069035188966676238985163757207e-482 
0
1.118990527066222651494419523592644634264905374361060921994847717431963694123897696068723441263751952030174614767369778004e-487 
0
3.563985991069604678109002099550017357807801588158526267976279202939653056904111129633169435513874369271121918034009875969e-493 
0
1.117681516095225164015421677552328313361531840001614693511788569134427898464652983833287668702884364554912601797432943619e-498 
0
3.451703590203984405723868296156734321912094559544010135194205075760727922727720778272033697827168790323235331371334065241e-504 
0
1.049885674307742680529961877481823291614050322409454289276777170373532342168900125946036100890742813478423344414421865579e-509 
0
3.145591276363866004645108657126908494678849745281933413166843232560374482738730506448365254377097219115910108727339563395e-515 
0
9.284787659808082729913695641520378461126751379910604061849224096391079189118736843699343524477630834672386707196353698484e-521 
0
2.700273072527116121408870467745227893633349875925398401043688151892701450514476522473807736849581591370474277130707240233e-526 
0
7.738647357912606573152478781270644115101483900246799476924985333277277162026217677002453480052717587959546340072070658442e-532 
0
2.185741330767549320621282731671039261085663927810504889129874513938373572637559993214369899098141798276518252101758624659e-537 
0
6.085027528871509485834453993037754882689852554474608889284550143816333099502647238255602066776729491202699792604279483510e-543 
0
1.669972158503397853598786572263665734505600821061478934968285635056986400873753448439440501006230113469542193874802074118e-548 
0
4.518463208582542726319919014869762551281590713617663443136460473173928138402320099912295202038824264554988791966521666134e-554 
0
1.205474906556848271953860761080462415754244600652278954250882539388952921554669781963234374280372070623886625108951237796e-559 
0
3.171478157712898698310922415168818245482046722137209150237961478374489322270537743671942526754528122669431333727774906500e-565 
0
8.229070779862278165879549285753357899124412239944431340434087314396422141179681013753469808889442176245567415106062795423e-571 
0
2.106075737493983503225926469697257587635905631650517719584360696648246156667920022081081375962135003934242378499307681281e-576 
0
5.317152199318048361558809777530106564669751121986333456009427892365651822890653846030830675916751157992608630270745707129e-582 
0
1.324381656878074943724962764149310410063842301445126634626229479571157363155347576100283607791771622693018682668868564228e-587 
0
3.254786234075574303708298751226091309889977405131404949356953585256755010341384052987079224548290590557321464871566883183e-593 
0
7.893190625556409724956762684541453574582079203530409035313568791003772897835190539855519138886823622155354772183611111996e-599 
0
1.889071365353411910122081953982195438482294002961722480984341723241257162324659965339931660078760189394689235877604859750e-604 
0
4.462250422769939050765396563888155384377204866091343309544061888077870330709407311299085800990960721205909131351628902255e-610 
0
1.040429796862267818001168714126561520060774744891386118883781936746078613254865202668505859387553922459390949372038635045e-615 
0
2.394791416251688726780168871194940006836533245569576244053499903080840837466785876340447205295795183209071806301485241248e-621 
0
5.442028659926857699822306249687152178850509000708227756138753456235402548096231749465568548544347708203809998908650921810e-627 
0
1.221050687293454647219131564931573020741585400465821334287689982601897354289982223537125279891670563010328497257638661316e-632 
0
2.705373242574047144133258162568378556209387571855434635804717762114409602361420098768127998411752104537041992679199723388e-638 
0
5.919453386202077157813590750280235780198598048115112652113199686566011828030364646077076034019690090295381381289914570270e-644 
0
1.279194633569882353725259735815915517164015375105413447854923221877056715421795305785231171143630978225221561082516366821e-649 
0
2.730432050528148574428913284126530978667748876056965437731135468300124977113643082397677670079382963446405543544886487525e-655 
0
5.757108057257808023957775937552174116604933720109243548733470855695511800761455295685195427872293479632974634651233751697e-661 
0
1.199205575346879003479276129517300300392539006117093092917694180427832502846615903897974622808137686215837403599227534431e-666 
0
2.467951323890162427531427828733320132840823208491624610738728806364685483548435041194900065126324705593622447674489822025e-672 
0
5.018456259374217874726895995692381395785117186135731021020746687051492102199423125225715891294283578684964051444569209768e-678 
0
1.008395010284073877913935536755228279390675125614208462881913044094673431778047546291536482518668354869143128797773991898e-683 
0
2.002415058148351711051280122285803656843203497016787034387157509586796184699863455101305934365175118945541311592787136025e-689 
0
3.929848110944815043759402874348382367684670642910406605264803550075408796917248640686436955632777535928124210786130853619e-695 
0
7.623081541445546952253081530320501674393694533761926174603103796517618688938205539556173423815311608405432822388906407096e-701 
0
1.461682047189276458045965904839227257520877533947509506080915174424605888207503456857598788976312311446233433514902394083e-706 
0
2.770618619091533618008078599017458194901644350850554294642584821817445695259410336883855275735538747160352925207200603055e-712 
0
5.192010387475291040146421054637351352519365488228764951788932595908657850701283051933552501540932058360562549735512697040e-718 
0
9.619718324118112423965861647443120539653778318315346723416438481562378110601647832809574933712207563728822299247388812714e-724 
0
1.762340191339370998301273555348718116932918249828836983317676339079130402741906069981016587669049321122741070735970696682e-729 
0
3.192639471749789608924277701290192454561404805295993616019203233628207297905659120000869363831522178045057494588517079991e-735 
0
5.719716271551311197768937791995482857206953312247401554045848731178050380834020442901505758803267421439359946196111302638e-741 
0
1.013432629837640758152828590920724150687773885226670919633022804878465934906184173488270945062419619528602372627406360772e-746 
0
1.775995980314391587880535992486128391033594011851462199862087717029762748472868013032199195382878191374923802235838408074e-752 
0
3.078550482563459162628813766867511624390323436952956719369506514910099251431890404218783659910975964952085632556991764616e-758 
0
5.278832753202577588575059450174041029759660891739429217251632131301203170758889872113171616972802992999581959076152883529e-764 
0
8.954608005300331362386158409780371930251140476286406187508453975687746056556842234914119281444313100153488696320788632764e-770 
0
1.502801648662888406392524215171657453255640022932158447311978025409562559859400845242351586764447705791111691376634566044e-775 
0
2.495353845850113684673538550548447253146371820401050783427246831859401857782755905296956213861310648613856869579141522421e-781 
0
4.099837331807418325454741039433887728587299635945281297019440083105648621436848073635804269594197150550839116030058679692e-787 
0
6.665510088163723366196828310082914341578681873901545231281073550009720161532097841782500315801246466013652687124361442141e-793 
0
1.072408743081970645144668588156889185049515439198929669854279941341994868785493298879746596483670318804234879569151004348e-798 
0
1.707556430858087924391117499916048082803722148719637846862256879993117843194178216364141115369316152058467100567797562610e-804 
0
2.690944753784262564316530240348167547666352889651359412643876111861855982746162730077207021163466511520166269493536513196e-810 
0
4.197361739168623159114955391496695155140328036862154768491188984796381493279610338394406113544836847964967092499031289595e-816 
0
6.480619112789868008764932336105622466451638061897363119030477853894138971664182345277512266121249989334508236537236146945e-822 
0
9.904928277679579831920987557152645962346236106487084801048841621598799219363993510271962114739912175346638592533870334224e-828 
0
1.498672918476816372332849079505619480735206602820264492607277641427945635963834097518643472002105853951725906050310739834e-833 
0
2.244960528145399950081372597249640653841801809321788015568795641675247771327821131656184088591502950522877360301872521038e-839 
0
3.329524551078973418396316076913565985022515580695772056975002670135732040091920156460987448182906226085892357863911674224e-845 
0
4.889364735380945431541900807931754850460995479162025391751289667120562536992093170867831935008163234135526721953200053698e-851 
0
7.109582534122776330825537347655863828054698603662192679884377501846356242315107909178703861991932169436505826445676893278e-857 
0
1.023721151042266648438952973888590407303525261301362243772245114327584235045447967297281832777023198116824979237704441667e-862 
0
1.459786502889581254598063520854005073603412223395037413182871687186742190238363915051620980980027888911363020281662803887e-868 
0
2.061536392832925179883423960583296809251138672657659390526571485908070630887931899676255246351177571400561074612027087415e-874 
0
2.883435847372800226613616242568747776659712957262246759981809182351971165116065104211663538461624792533043646614971553700e-880 
0
3.994574908596997986150337497479310052918503642359686719740448741626223322004414613556350684127095728629082131352251247592e-886 
0
5.481443417793001660616589887735549058060041102171024405118837834518117317487403635612030488511330597798826511446692141432e-892 
0
7.450857074392138651638510564397779835390353009409463628003744335668279091342032947575430236341074103988902216023597015606e-898 
0
1.003291306535118149192703078742095437300660591416050530651752557253237229622562544087973847104233255413233861532937562916e-903 
0
1.338380877150429990746067846955385356027046527188625410669227670211542424545547083142141803443174295151091790161265312875e-909 
0
1.768831019290799812996177909913634195665036804085500717277105050135656921209854735229787670978829538617703072358990446476e-915 
0
2.316161125644156125265974513797344001121802694009633912162746224498538579800276051010979405744162409707564918248416694941e-921 
0
3.005028551356139028169842962711839353866845340780052299027172120296961640484022429843576820856351682748542032535492954436e-927 
0
3.863200314801824803506638723509243009447630467464819134504050554696611505381326228348982008980659815599499372302109169023e-933 
0
4.921367442850678298949323203989919930819428428740540184653420666441884720553229823284162237234590837592902618490035590989e-939 
0
6.212769152603190947586448797420040544664156033670055660553886667571687530941354203863143388526590811112812855234388767593e-945 
0
7.772597917351844215046606637564527762087276888492598526939554914948895506351224965377250964879274520180968477094680587592e-951 
0
9.637163492783030347382778742790582116759799963134676369797331420512070120712530949700200803203102361637909845136963052070e-957 
0
1.184280437791990029682016196334985265256595674051723140501175160025375677800911464686558429829241229565644427896928209973e-962 
0
1.442454888628699386638733042195434664675184548070602933070012241246409340258611018360786107974684420660689795678758278816e-968 
0
1.741454461863580083597053877293347993506050630550223770176187846595048173772878609923703598615509405622972257560911258083e-974 
0
2.084029392040391429788407347473007111471931760952843185446012821218755130208342399246846059173425068278385152639839936424e-980 
0
2.472275278502794030678158151076175456993599115178740312321701678243735775793460079278524025318773303486754084898603406830e-986 
0
2.907437022590543867772050555159590846923166401430847285037158088272212206781623822539901571532217492722619078278100972048e-992 
0
3.389716274969789160224698933726099123061320957741417630536844607824304461490267299322131740413145450221840942997543719600e-998 
0
3.918093247180992759850072011390749230601523930572155543775497046707604827828179004327874301821821383731019668838579513706e-1004 
0
4.490174590782711790618939513620007922552512805652345274452523258160487238109235445937309082055655810051011137114707853900e-1010 
0
5.102079204687741497456752115843374622286027704757954854363514911964966963008898837314181678294099382358039724602553901676e-1016 
0
5.748373184193563240529600252059101619385198968984245056168850037448678327292051196362088262406476694492651235695659548423e-1022 
0
6.422063615897168454266004400936188285152627944185977475097896267630311831630757532460696863052742894347566860071318850066e-1028 
0
7.114658560077038068221712284504626839036570652007361335781032395167595868516961702526631942772382354856462820399656460050e-1034 
0
7.816297429123346919747898286222324258910666376308943003895491277708695786961820554474106163453817373198100146374987239180e-1040 
0
8.515952224492608369838501440921356349827994917885310241965472545971677999861030317031884826201782990341541928785767077346e-1046 
0
9.201695960053958914145465737156462138832389426153636121878403491819878784047097520513563941680619162933520174905307313994e-1052 
0
9.861030353966760211909360977154876132583349337853629790616078394063170717586709513001118011488066507006095140724379872760e-1058 
0
1.048126082352454208856389879997056069221013433065410910371824400765312886173613918554018777231846260249730613262305767072e-1063 
0
1.104990328283243431114073513902862639250932077014578707570049857751564834112755273197799601161784750844828948612672462292e-1069 
0
1.155510451473507205515213634028910417853700776373500412085288301659188555153227769594936373300356017097154071036241393263e-1075 
0
1.198605620934656255549309650548082827524913534592182064121926219328857141723794710406730842290340663263545226251418799414e-1081 
0
1.233338230129015828202889528063965147302370461494406240720431688943831799089729091210173274925861975380139908446137725213e-1087 
0
1.258948007396789361854050766894715979491014663231622635436535240201700276763691587879680369721218774804780324943323718913e-1093 
0
1.274879760794616526227053197109786417649401523593476689834495157150889734255991850381693288388796140646152592409659706195e-1099 
0
1.280803340614676931258831216624678054153611914216623667222679439726061251347871832588271442860448903041728118462270262394e-1105 
0
1.276624821284190778646345831467230337449961752753449119645426312912102049202039650166883917662219872224717448419444405556e-1111 
0
1.262488386412086095372138993354451254062565556346344831288277617153951055571788232546502196527654206272872010063181985755e-1117 
0
1.238768912315276475780564817512556774566472513858529930885254044075560038930542088053267402203842604554284458189130009603e-1123 
0
1.206055750339977520006487576469311089185199506280070131280549549453731403368888966539339978702313357261891725143443582995e-1129 
0
1.165128671763827733984809706810254848040827653193416974615821749941255919643191648930379593068000495141874118616797081650e-1135 
0
1.116927330164712403129114440731147820886007681504948334834998792991050032707155965428969575693722523759641990917246355162e-1141 
0
1.062515890548165618259871617235311152197531389457210994779279601292816534199144549635063707881691984735244759213817724975e-1147 
0
1.003044656221803945265368010757264787340827945310584183399995484751417343062193582311513781578251366311434443422953664401e-1153 
0
9.397105866303197518358245154610635435792014698205802841410179143725231535532674871957466119630661695489878911009109758647e-1160 
0
8.737185446726041439194356429006611607872520794105794452788790496558314513329105382607284149644980632476941379522147718628e-1166 
0
8.062449515115277913005716069011326078527724614613593145830731199587538370472740023486643402354337324187602831837242390403e-1172 
0
7.384052787170167214544295957228412584120559045277389881223477053097186308449095115479182256518959773443901825925766490490e-1178 
0
6.712264949800367962927448510689782147314607837305896322190060493954508913640890274751772273494254884864445502960156217519e-1184 
0
6.056252336082682030883435144343374389096444673170997531542868149412854427571935304988148701312428297871401339390889917375e-1190 
0
5.423920840298431034577169720088214597500695491373430457191425899366056209958668901567721321526345224999373201403099435003e-1196 
0
4.821820603641783342329979366808073071109021856375108763121977709769507926124967130443419286716686176933699406321475237166e-1202 
0
4.255109840647438009357435318363751694177328263916278401334587533234968793355286298978684040562578161528609977129312767936e-1208 
0
3.727572522176925006476361810298024505489278777075484795323581863809613907017339198063668979771341240593763968723722378191e-1214 
0
3.241682592940961131367620449499104278116480575061159918446585087021819302623982603970495018651551759501161675831302852273e-1220 
0
2.798706032993818379133456396814957564934704879071702404734088924191073142527202043935340052659128731132551124588240927780e-1226 
0
2.398831372536935193096180920697768407487263100162029235280531380790381976544086354912713549974008063670332689705344465499e-1232 
0
2.041319190269353113621543678947552077752748133548340889502201030079446738595819457744223789889606446917653455809846785956e-1238 
0
1.724661583568949844719656596422716337012357757741951160856734976827204993301532444097154433107600071809602090504773721652e-1244 
0
1.446743485421789068557275037672239756887122441672016093976712607537681851638995737499787422695588073943966680020799650548e-1250 
0
1.204998896944234427161396780112277106918195994177578267374019779033071563466685225255700918422047273106707461055088393616e-1256 
0
9.965564826716836103595765957224348737144834940438654541966322397683917381291429383869081045875891342229060230978195294999e-1263 
0
8.183704234762632358545491766183460807377327880610851291593079611788938303219464325985003310045127073731541512412300023230e-1269 
0
6.673338390450051051752533148303885673264204702212909522899483791645475107359918138080329222847556682802799548667838374882e-1275 
0
5.403733981227615763080880824002465050926708096201511184240997247297836884516008585841350878542792871810597293817559769192e-1281 
0
4.345248721173396275264397761296499456058291516882862047892165834632678331347048846628732269177371495792194868026305017247e-1287 
0
3.469903202910495806559302609749579198631416395007100596843601560335992847377597727654052420712670124873280457170840039770e-1293 
0
2.751783072526400562648021780182699384791430269045853703855194868227621997029918630294580530846563395102718836346535972791e-1299 
0
2.167290479949672187735857851867503029369139997264805482229893936018740203973803080726686314322988911333236596132882538379e-1305 
0
1.695266682812097017402582424730409753081708901158384452489844013928154147476832387851912519008535852690364285501286544345e-1311 
0
1.317008845156053644562044577947099723199009817230644415914755914614468287900219514549231079721105247081677095654013408383e-1317 
0
1.016203789233409210860250336512243345736666619590293843291665271500499878585608672508679580019555040590610416705484116120e-1323 
0
7.788000679577880751739548097789741591273012341689293339791420087153519275048223129803003645237195579370833194213726290865e-1330 
0
5.928375601792942982016490780729002868806062642521201093160844545730727492032564609766648857673503441106000956044270935965e-1336 
0
4.482511557592063159595735136360245429431354066553852048118659107008063340467659138940612541973240654586058137418701800251e-1342 
0
3.366622547303126200608122724414156506588712208699740074276506051966716724631500455503738972472039343082724138196647131835e-1348 
0
2.511689664120197451781340905069160082774082048986675162758039151413826140573890686568055725450447359733664082178381615887e-1354 
0
1.861432192940279563631141972222302301942244651868663546849114020116897810979574255922335201160434124094864317511603662677e-1360 
0
1.370405895276341619507904256692311190399828843867293005725760327477012028904462031893497550849822079069084011913901008632e-1366 
0
1.002265888072801987822398696916331542876489228660551733390467221414115601071987325633432264679963408647883635982745660954e-1372 
0
7.282144762952008980883960022479506688960549076239837667085488892450895632093831048978793482171462031203212813656831005813e-1379 
0