3.427216251446866372774418920689115897067595854116539826522570855865189662002032057793348167425652335844998474566118154802e-1 
0
5.640594870932075635752128961263102453476037374035272086102469757877196519365525803030355491777016002471762357113556891443e-8 
0
2.630932829428298581376164256435742102823856579467357928641685560318053575008615083769356021228535101094632698058502853438e-14 
0
1.935978290748463420075292474032027033274745266578917406713296891836245942561865905945372121866793344625080967484280591655e-20 
0
1.891155874590981012969750411232476725733683233397171559235779370201791832413836119486784921980518861819572472895520193391e-26 
0
2.255613300989791830937504924116680592095217056364948275145847248579522753156137647055715644181355928357699440869013286237e-32 
0
3.126834382616016131229172080897597012174754874877376553341621131903885064465326734742405081966308802380273078406555695729e-38 
0
4.877295973595681053741679973424871149452910835178968133381582351542463522177092702119555703490227964143376747550638905970e-44 
0
8.367000623896854294237633733576769510333551353662335765253412646192073852059127178468296595234892281614087362700680683839e-50 
0
1.552152694694545795676187491673848573756758252709908546200508493217230586035575778959960430059175825871028509244850322492e-55 
0
3.073521599923867766181841710105366456423585464599077701322548168322780667217482452190454444508415631388252042194377190256e-61 
0
6.430216335089106221215662128592328961319438911667662067435546033887249476921930200114980810522311260040969256147839362287e-67 
0
1.409649742509259807181482527571585494797243496765781354317067575175420949503490773626592104521751262394161875976570738587e-72 
0
3.216194965455598241885688870609131013871975131224196390344479633645894883055646744898060346230810172224135907812658707104e-78 
0
7.593782255276036694190150368082859915984674815088585131621341432373544483420831077055442728967635119914949236159104533139e-84 
0
1.846632280491842656157293567269578813156103810920556862178824997005709539569753696180561301847865449353724271531070925844e-89 
0
4.606123833960089570734455555178755448086549551772212930316021828720711541753127585314445188727337541152523175584783301034e-95 
0
1.174345996671198516527748617036343545823180195641124845215365899462173480050943801387871373555859564895449494568691855901e-100 
0
3.050953243665554946541189411672817794954224608760946952658732804735834869039720688505370708446892325289684130418431754436e-106 
0
8.055538578991543608612737496022115371466284990400048313685205750467142583196569203693961334910408245570474339122222388869e-112 
0
2.156518887632651337008345483831312448544150209125437901155285973403217984959265137645606646868422602497639345395064840180e-117 
0
5.841300990222247562630946566742751915879066338900011151420735903438762637020604659072868561414310372345041985619201712111e-123 
0
1.597945216703143491406117242580653035497197950979802691094741148421899726479654661758173893560230137819687155962847386659e-128 
0
4.407523213333690177530719604643208737241852423509029268141355517766778860715430294234483921226807249481097460006152787466e-134 
0
1.223958043498525006134500967971131633582006207763567289239947565894176304555940207106419151675839192644851724792916211564e-139 
0
3.417440901872658318537597188455115615220800315532888741707733172030546459150884254189489097839306494220957628960816153495e-145 
0
9.582477930680398009893735283121796128421592161956033005437042666652820157463421774368496516264043812758555822743145758427e-151 
0
2.695418932285965121763346409220387943009255344067292228071139976684607700156098321993208152581613497471762947429477359708e-156 
0
7.598350735648592939516630285596256610820088369709471387733653347078038664306561819363518130497066381590834421058578596879e-162 
0
2.144710563894943636029500436743890157985773483047560500107684315706244814338473995860216802032401269661996239247442007472e-167 
0
6.056481916480047689434356296649085678266895228838184812408870932729434787105321212752776159978600458663614912495445452268e-173 
0
1.709823716859943630515782927420019901959257138037969563032765964739605307854674472871178030702050999335250715212861060798e-178 
0
4.822427750255330931988058484966209142692052301456757235185600599263847716276335342869088993600479837580691654989957370488e-184 
0
1.357977629026196485473820452558758270065538023236192610566451137307960677435156639521285190813345605266898144761260844495e-189 
0
3.815779496898538341580437759406425986775210268065469819900995903879249813373180089283697324090183056468545344045484163392e-195 
0
1.069323435256646377760816962681890654487942919756272434311262583186242707994322200503216161734575645748616843941044019580e-200 
0
2.987168169697649351735388024668343082238865182010119895023878843073308717563197026870180250473529545448888512436434221514e-206 
0
8.314596778925067685406181821263805962088976245756592718364234060023878039476364963119736038696023740062874097294589715156e-212 
0
2.305020863598844086998133547455556695115995740686584121567099742107923434291484972313405456659295824768368369394132906313e-217 
0
6.362028738372250951312476277956548244128062339401611433392691594782762594824898930603754894169980108339489648780501009958e-223 
0
1.747636031621869351915185354589941307654341507699002497331375250102606593251295044838199329729802247140176002652577635516e-228 
0
4.776391778507396801015460069584100676152205323254324830139506010702784604717696049973525020113533963708317820054984719001e-234 
0
1.298410482371358805258088392415264182919419131796047774572305226995644972130064370411280909341705613127363443530134257165e-239 
0
3.509671077962347477966032018500123590765834116697598187935090640827058212234197464174582547040709143432189738815390868531e-245 
0
9.430859593446919799172718171305589212322197805082330797801312328475194059444718026883953317998489115514412727121096181592e-251 
0
2.518621686212748962865161417833570001893936980788977279109691866374537467344746583103403024744964252747228678700216258210e-256 
0
6.683520951349677814994849579404785045893371996413298832198509796281931801700124366057547429198219865277322571032555004227e-262 
0
1.761932757904704801387418864851674935983790831892605955630086094655704002135728642350171490083839868938417347688536542340e-267 
0
4.613519871003910023010425005575123211576841134871242505077681914278769548001731563118960589311000248009360608487037313407e-273 
0
1.199659301590760155967100301156744296450778746081991825054380479161590639347420893413236408457209500785332569590284261644e-278 
0
3.097382986357997883024513038186335438355718766867409387572591478328059969076336065207230364176303730144168386811975434891e-284 
0
7.939213969694333635092984049455456369065506056508656211784977682812201310776387954977507907128740664771737822058981744183e-290 
0
2.019968951938743677559758365394863209939147012211235355855161145438187758990035835591603413338904208393365815320073496757e-295 
0
5.100819092782574313504008545564637262519340326772941495306065251903912021114083897328650638221495094382105072542137364393e-301 
0
1.278235301805175351584981772314060002517676707839135409650782557698712465916757088255031405544213468336565357597685518269e-306 
0
3.178402266646656561117983512504122641719587782646193991355090767145602232105372137972787842877012073989916332914098747034e-312 
0
7.841320750007764440106201642039359594667165358948803180842578319221640532341962597747392156713301740187530226483522829235e-318 
0
1.919156550557799809496016219690181719658955930414325208474922896163977450403024546204753437992991694290687536640795773619e-323 
0
4.659444059366490076131355881918353625525669715982508038652305618782506344879755132515993004905057158326505873656313398619e-329 
0
1.122082961507055078568582001180944923149221652802968193631803370807168739431938580866336250185838791241651216262938899133e-334 
0
2.680096443921197337772649834763713705371303209654589917247463858073443170610050321891746017486079667402340409726111952346e-340 
0
6.348636836955518687675236509759458664180407127199553744218767041306434910234498795964629664971553482124484139725593877838e-346 
0
1.491377565974082597317394853630794423233750531434745716512637130557288463049490647245905533581578638339089114045210729769e-351 
0
3.474133630925891070227636978329572710317090319625954620482997141643826816773934558375910735033556094713598450267884984430e-357 
0
8.024797813124633115510655261641146304769547868364714626368505133290316667619546683502888952032066866109233630072371041581e-363 
0
1.837931110060738837299602900537253354694501692013436491611160564524349066462447885773553301241960759502012897280571753579e-368 
0
4.173617850114995905599354532906898120199152844288847760373258111744410932492709699070225185323457380458246808414119870752e-374 
0
9.396519120541113228267152945113853637073339662531412474292082805105074053847866932019271685293827823016853432157307815341e-380 
0
2.097376538027586053598092328312599610631428486645282138405858145945177025845373325432010146445885905410251796487971392500e-385 
0
4.641161446962671901252056299142541925637964917945972035517774214304838479178758709661958624149455600135313010208306185813e-391 
0
1.018134311687266838899019546614503395136161933922347385601329976497822221046024682020139538528233558196545602342999309956e-396 
0
2.214115381613120044672073036810186052605441602848072624669345621565367442149304820863410983660304641668603576845043651194e-402 
0
4.773117897898094539798466489886137146790841691858697679837252661005865363888109379744381827682903352112002033885094266429e-408 
0
1.020004305112809076721447278714855358946436699887233221944231492923072201638263380480864991014441681864904893708039787738e-413 
0
2.160688364659713531909226475110696938156284671014846617367421490235028973056412372965494369742889682205871191369670431607e-419 
0
4.536970942468385021986632038456410366466749916422305107920783334944532453676340104111253626199274385684853856388353090222e-425 
0
9.443175954142752852047283166474333012995756828089695028605946026876700260314399556372957678595628301829814249122199617971e-431 
0
1.948246225303342222620437275909802243771915339549725571654281285234189759033686373715867998762699845766117414541035491494e-436 
0
3.984186495530378833421943183149306139060956814917796405572446827745323314860151058128719460527031235192095490352783709267e-442 
0
8.076120171898623194322361563449114828560603004643310147208570045002978122865753293653398192095180747991408076308708560859e-448 
0
1.622673882017507476502762659461246622301545837136829654841680345934105874224728619192637689062203460279489502048196183590e-453 
0
3.231646983790486914687877792564138647257952627254683961180269053105110886339753225797050789796092184365548924525654321147e-459 
0
6.379407412287691721625802143975467256541454273453032271062209762905214075054343946269438866326235608957788991255838957114e-465 
0
1.248247695189383299720230898218487504801105009976805977027361358603595173308715494753497756468325802475868410282413122436e-470 
0
2.420951657476351334825180109709637734059888619742612297827680919342874817127054434493486823253364149340922275776111940256e-476 
0
4.654123325838823891203795270594349569722134693710801027724986641211576611022347203193287276457247842995288512781066179446e-482 
0
8.868663486027723829094861994214492341397314454871394752800856879441921325395527599787051528723403994400871805975572265237e-488 
0
1.675134279540408504972636464333694455908269175296313809256383329517401446103750664876992564536217035957799107597319670740e-493 
0
3.136284083799857428343937108186235276233815155384561687538771486660978626486819274192062498466811604582969709986083612527e-499 
0
5.820484350532369999929315191455320376389781695123057271435309951613300387446993035970622950169402908773366531617498757952e-505 
0
1.070742219659358674071394123488719431095950618569082769834840853378976543386602589904689161754974538707101903491337158848e-510 
0
1.952528308338731126247555379151795312861593936748172705090700703555265761721022920640166217383863656220676683175371426893e-516 
0
3.529403501030170763222566309137278329415504805082800813551585917747180961706385486022007153288764384002672081213352271333e-522 
0
6.324150327630208944010723837266391217269114565461995517621598470588168885792915795879043054691718625023618690688969942293e-528 
0
1.123325611087118079508984583397399433528691338050013168891325392347153303055171901712592386878914999693330019413430512997e-533 
0
1.977961292108248883901252370690743175803674466687466417327183515568060287090838649944399937623136556666265794066674885925e-539 
0
3.452589471095700359557177767634664759184693412425416408430440027199072974021053323638811819381770658350843209974980777492e-545 
0
5.974393191330727028286348887094511285484722123057474283657088846031666692382953187672401386335262950261312974629318073054e-551 
0
1.024876031578279281546955724464939935953121536177050864423769465461129516934936361802476430288960090655354542289637403884e-556 
0
1.742949441207463807351571877407258342158264583414426598402164919682358590945624723026429090093834359238950970811384612931e-562 
0
2.938608013665684859873075738254783422544463203178215702297375804842272572169934058411981061473970641548409876717926936408e-568 
0
4.911901895999623556181619246372973572489608122108200411849266844984404515646648708787260100003477159291360905050733701482e-574 
0
8.139858095220677473351706841170364163284940730662361290961763285411589722526158414640791221349733575871301199720302942047e-580 
0
1.337369112794510777108301248397433861825683966734207904826899724239071338848244711051948640556886903503368733024435683109e-585 
0
2.178519398938082919335345884986301479068496806263705277919882614316119374177873179329844726218957661660559046490315428803e-591 
0
3.518486049309586202807955912228988031883609526606572885532805565951188700146730190317291730174767070434326177047765199074e-597 
0
5.634342494434518229743740715057271229125243640846078823371317936589533137618275308999452350256739627695156001743273872705e-603 
0
8.946075823457533224054209320494034235480479185497867566063311065890597681991287577627828008524297435307079668395892434455e-609 
0
1.408422322283874994873286002769110333044870074844254841865043500401604163887464423796786900232950203652147016073282162841e-614 
0
2.198636502673106673054875640369705106752096787250553721226077713261763720219994834498732971686114234681194807655658238459e-620 
0
3.403325837631542832266135054555717081237150591378809421357056201360745451458331468098167905255539974116151110411899616551e-626 
0
5.223873727162275991972640720171988319368379888786347998321539460139603033987367140974381837123773373997747054035044590996e-632 
0
7.951159259810408316076663638992616497216216440033277368420178677557961048034698946427533698030069515743364867938161916463e-638 
0
1.200125286930073998277870517301986233677069739999173979828303182936034276228280550609794014124703444172327182820560271968e-643 
0
1.796349702029525869142410625066904195669087121709901482163695311159599290006330861147763139375658305050528485041758084655e-649 
0
2.666448871161372058528755526144107244501572518182740215424443855984226202176950192544280274765269760891863396516926976556e-655 
0
3.925217325457970531987786195921624580920821842935332524591404935807890916881040209183453369754436715431008461238591255430e-661 
0
5.730497214183201383072956015954345957473069527231206965492141675832278208694573478080686246831656959964367523428893185587e-667 
0
8.297155167673940603476495782185056354202917405442381800866627659062187588193611477697237441186011690383295194123887361482e-673 
0
1.191474223860188691041828577614242463542465038824129698457468975174870487147248877671020648024509813631979839985386599710e-678 
0
1.696949479341619155082744099190360078811085857526335031276035132572533837040753739910235669638151924714754092227571747991e-684 
0
2.397134181437417139000989670485190633643226991181357099534264633649573465214592555713618723812931541308624232547832599483e-690 
0
3.358654630682157349940254962511499708194607861564470783319390339559795369663989100557420743453522059594477922184748443942e-696 
0
4.667650950501567529925330278221085928448258379415075237396831993239167135887145439183281685333058588375629984795730263148e-702 
0
6.434308947669701470295632145948612320520149940533013073157569690469660824834873737326018295579340767418460229191626238981e-708 
0
8.798051398667509593777508283721764294021833745085439132986731238983064909168667177733740860000597588167009134161051887428e-714 
0
1.193335865836775427261037141845196917039057257913364581970379685894865387883970878540789340549158797774408133603402695485e-719 
0
1.605613845521660519074423969358108235112134033444567459147458909558142859300310128605763898878859267784200552890756485592e-725 
0
2.143050241459546310869175567873411626175527316516908481085799615755248069596888721170938803996237175569186816906853477640e-731 
0
2.837573284704422496800742786640753307577993347044810882723563105574274321805393879256727443483358698063193257889294525264e-737 
0
3.727313948535149600419947015235772977328991185052979948354140946733598963917806363747070759777738774846102118996126583204e-743 
0
4.857241545188345072650703954451436191500769140296181898329362880095320262836171561356722620877103261271788406945778131976e-749 
0
6.279700970679177335635313483142377783913236858232825545826161862050281009637731676271540390079041955444075539028243723907e-755 
0
8.054794615991666219944987421143948900961729648637729062041805995312445026599371403417674855724540667381670067791585781100e-761 
0
1.025054456722450437017142919668140391485111060260726188683879632483750350614499341801227501105391721124115027529461741953e-766 
0
1.294276557277137558489903041094364748928524954599598373214874940141070849931374865967575513946941682832760765064367427126e-772 
0
1.621457737595179183180667539006542207970242580467424088430896536744412277351846846855194183699363398667614709492549172925e-778 
0
2.015548741049404057854868038476279141435100213428572544256097962958126883751558931142538551927600113238566625134879268131e-784 
0
2.485998245496265731541080774899372678374993026813686941444733597099641038217432801189800056598459741038628645570256705275e-790 
0
3.042558136153178730358592629868839994067185805692445072198181929865309499475294965274958043432904612985317302201999333575e-796 
0
3.695032082122770626346409229849220855894602581712936655418505062507723717372733026939218366851028647135530251715987549137e-802 
0
4.452967228461180676961894573223131474678119987755090200886663185561095730296643333979016614017678947426707460997356257671e-808 
0
5.325292008911034107042740897301921578677907919324658696008782758559325135811644700221435436628263548796611713675209276980e-814 
0
6.319906743634004504593441538177632466487986764693599235876422012227303712279027626522724314044629509349518448023353161981e-820 
0
7.443237639836444726596911293557290272540633906728461499839575329712657849691057043401999342134736964094215124418368871658e-826 
0
8.699768832694409987054723163945347044636710390515614080162526103878697027990301804181675931309236395036108513155726234252e-832 
0
1.009157091373575140142249797402191551339624208638359393831913005133483762170942445424752307451530853724886413449465340259e-837 
0
1.161784768640119416668908447552157442615341499641755452250585083649871328657890103400272040867367214490831525539586707214e-843 
0
1.327452534603614490583835783177569215958343244312326440395461755942275511796465510150012085705565199525441125485584352883e-849 
0
1.505390960151478687279103962093929803684818053053765001809933848683337377943243369512121350546509847689779923087639448573e-855 
0
1.694443617906450324640816274735051264551487587747807936966448825863061910794454666125654073532630097653863389945560443622e-861 
0
1.893053848846039379226922728819376112130334606471736609217947584689582442403167938490893751326188233225697664752157627463e-867 
0
2.099265289772392890557140095397747611798059045287171764983804932168715916295791078441130538015596771165453101914572537667e-873 
0
2.310737708201046953529680801600485809066240017641483467364192955427332223276708718142917040186391780262290735623695721185e-879 
0
2.524779044125968158866750689233353880209990585497559405460482929586764145907263083167392048221333378919009741532685613247e-885 
0
2.738393790469194101537821612770373291955776101520112280306908833637063963227044687302386104239177640215084388872574575804e-891 
0
2.948346996254771121978229089494468955961618902336172894121930017779764690377510939959173371051491920478237365497653265823e-897 
0
3.151242298733432857031647518439330156753759555083130307843982778734418614474478533701681963088762894396021178485238409800e-903 
0
3.343611539265116002911231583816426742916599729861358805407015588810264854774085362868887650235419951970784780191182888020e-909 
0
3.522012751424244589676473644571625552583814480710027334594021844174325429300355801342015626365806232010518209502300274496e-915 
0
3.683132684845954886152474279083108499098089882839116753570707497341857810807542165686611891028214549739527824213703735003e-921 
0
3.823889594041212975252308592013375502343186929843484257330454933219115603654411021009838460511199786217047144464103921959e-927 
0
3.941531815646148843512670702314635195303618307449224446744112849123590866286510826308181479516971920931460316982389398434e-933 
0
4.033727703270547327421889268817791990681735791186478402547595436345432075090288095760597227967935427573459397161751693678e-939 
0
4.098642791877714514114934170124674570936559589726942088761261581417639952464137991924796490917871786023650581501453380200e-945 
0
4.135000610763695885132855567074282284141222071019487395680028786195872856665452613521649711498210096355441342564577570580e-951 
0
4.142124325275932155586319229412590641327592830899640742414173682073837282890912997779023231746367030100703129186615417771e-957 
0
4.119957316351517323495742860951797030455991690561210323992095247541948747667196515586226783469247517753606117161442738766e-963 
0
4.069061845506656251022235945866628298253967210498390939872146669844399258300360552359367686435565262379371230477190250232e-969 
0
3.990596035117754393528462659746593243174259147216213335841575696011047042105193999847472168610396454181563319495725149687e-975 
0
3.886270451172238412943124475153801571436671545414499139867182129319174761119576953662118312244929806005764444596345656870e-981 
0
3.758286542314983769302483567699982143132521158680592121078441506111672427969076064630421778717122161060092537927101440705e-987 
0
3.609260006832087742862274554427072601970539442029984119708758100800300797521965030983014481132895967344375441626875668457e-993 
0
3.442132781942748234264791360727764874938716199292339992304562371897472277505689010911036917947375577510263159508721434148e-999 
0
3.260077746144366848596124371038248203474169612996329510476234217195577650071441693387237757254195550458432217720095467493e-1005 
0
3.066400380849026033758893770880319570053047445012702670404204988910937560881557673606162617085948119898162556459717015562e-1011 
0
2.864441554686142303498324996312207416238163322577138016304838756461497668171306575556097417698747517400096908504346252540e-1017 
0
2.657485291113612796975085442826716673607100758598518136893803400292822075431685509727087279679082054306996829003006254329e-1023 
0
2.448674889512114432244678691075176283245396104071493690523098192738880006369433964043773875175726721482416896224017285844e-1029 
0
2.240940134251345768674928476536029179157788250865663361869042761825640566022853231553657630886395460165703373457068630106e-1035 
0
2.036937594349033838196110693543389228110874018820502832875172136528939792525251983674203802258269539812491646988204109741e-1041 
0
1.839005239763021460650169638833629652964884789532234044121721778262991587164107542250543224618591881153354915768047029497e-1047 
0
1.649131829027808119447483473362685393179688119409642998263021859987835742066006750170979166375336669605037058070794067027e-1053 
0
1.468940801859562454835549943012893955347214890132464171563833047022807519047128184457449681893865234243409743741034604421e-1059 
0
1.299687776776095175022439162266925815635894721603390506909389716622140812417407838099671981639073984320331618917208303960e-1065 
0
1.142270235390587951544551785624126884508824876698803458495134383586306590548184075967172307009618847945674399138853525182e-1071 
0
9.972475890103412020883924656946484528288402939656141056981217586155075843240082882366784050562649217933062203069731465554e-1078 
0
8.648695761600330327615777078453870318205065521377784798067383084017727496762197815240851681800585073444167499476859479781e-1084 
0
7.451108285977009995123218029699197205198783095229449912957914789309580446874214445447347841620295827732379836773457353609e-1090 
0
6.377094569807705499712126599698441348195324049082044863028069625988762340290480035196604390267810202416174762226441733854e-1096 
0
5.422076278698018714975094961737196139518699527453445249941324454080407529275186790702802583343328580108540545736740420832e-1102 
0
4.579923092621384549279937981886166974494254148790750409098590375312138595278152737462888679737091402708032808298059811604e-1108 
0
3.843346282235340173996024990862003254308733438082788072326558557103455909256707406513905539746088471431334592479841129899e-1114 
0
3.204265871713422879209251536672179181681437303146089041593098049011229498110056648968709835601024422956372221588056317367e-1120 
0
2.654142022220801997808595416128955829401024306027358301300309363835760047740783426389776849919777681934762749753316677991e-1126 
0
2.184264378423312025138688171448683698396151403742245502286741616127543056799256693879863727203217618590535322726897337549e-1132 
0
1.785996006367161938204376147140822499719748193282525819804298975302707666285587789811677827798386658366209511972494634245e-1138 
0
1.450971094368891371644833998801943536836944199000001559763344630859058553495172054467331352570571880919427649789078727610e-1144 
0
1.171247711245871599014739579359119678390325047125318219842189691966890700865557127570223182022001783903430987635359315858e-1150 
0
9.394185801892333032443425196356806603919385766850357477112585519472137390309872192623760561216746652498715387703704112311e-1157 
0
7.486840286499654222240422845223914605011589770360447212993872299756123387381868321662529236056396589547375570774060470677e-1163 
0
5.928920399998846744809528141889332241821424494109198506892084617615496154977608428025360824984826393043644130517931786278e-1169 
0
4.665507077951558635761488492131086442459021832749128103158049495284696463707262624024518085105933527273604208777372229215e-1175 
0
3.648184383652383176127518076177396609054281405206172494464357234518210187430014901043116493405525380859470243460072462364e-1181 
0
2.834770293322414801537487813768442797655363180515263503037240846282899451638333387231618388726890221751825079279366039469e-1187 
0
2.188923388389364473662105813028686523573171870557245251803819654640846066028123621483546103059401196318772345644418152994e-1193 
0
1.679667175087832542834940737197434882444415353053668925846163074228586544665177081126832136342739141481151230611684561660e-1199 
0
1.280867603470057830385359094698546656834859386166832477663490328899611839372479994579660213480081182222104495490153649817e-1205 
0
9.706929773676158242323185214170125942445168247514198478717665742602958551170381251188352765492800978694593202372446693021e-1212 
0
7.310792214439736250482835220113062548836404414383247073936093078255328705069695887707132469337796520146156558147440632129e-1218 
0
5.472176873883619413869375872902156260989595814587083718653472370509210904160870643971684085521852801098044309417380598818e-1224 
0
4.070775297143298080375401959695815896868236839073705013329777025115231107978429811144628799942554564769235460592344103322e-1230 
0
3.009702701391811430528464043319604605239460198285932859464879621041825912890500587383848681198964826178525312715575850812e-1236 
0
2.211605363918939080757573921600948491828542710506318932613920301174454001005874229116397127321236478069752466229668677496e-1242 
0
1.615240907976152824975695295430569168599562737248554495265166590746765327826494353892856816625589873624376555002746715211e-1248 
0
1.172521014343489149595797608462829658293568313079653881667931265523079724334579104317258499501794623211018603005184789920e-1254 
0
8.459907411964916918731488516001237770439801997173170626582015950483598155500844430846637608603192722997529164562797323631e-1261 
0
6.067086350555885617287075716236188748655425908074740215523816651513987996635544848534241720810430015834801271831610254677e-1267 
0
4.324861859349438858989636924228023540035246065079352125670170273209202085499271469188451142428645913235996660878785118783e-1273 
0
3.064429748795974052589306217808178400865586407224466989823807605284530567372894530978276315685390620797494696490183784370e-1279 
0
2.158342155449014963273336850332635646130746106709180509543402768238317507287831177312626600892912644303317456773268043787e-1285 
0
1.511095458099583600234497503541269596452487219022436569542761777299813337146382290830465979087002790414111688871291437238e-1291 
0
1.051652459096963540456576946170290331505191755927688809529111410884676266683891166885179268143472466490594890861679943609e-1297 
0
7.275603612799536778542388636921127944935468989222838382583482014147208065943437393003934363873335799445063550709597024390e-1304 
0
5.003684740336590913318879339062929090915607713509042522634574915030228374898535785575424854842372245422113206236606844853e-1310 
0
3.420917529568209887575855227489452736272775616236103371333497548266236053936589842461075605510941218298661556065091463663e-1316 
0
2.325062460537111637666683362922722203066190928069638047091673602856591190520380403507729476110494969496500222507501420142e-1322 
0
1.570990498057599270210966206278889925427199186756752963203529202972360053109902708701641014677907184470229014449894725190e-1328 
0
1.055278107991724417432468918907905671370025064414803041061524960585002054792120976716350529558153729975127288225681875653e-1334 
0
7.047291248640636063732821172246622101610784295661784822530438698815818239714313775398892913099268874171868230380298781662e-1341 
0
4.678933583383981390207759681226330619374758929249111436508814402800187618359807061067537753819336855629658441951936768383e-1347 
0
3.088505077783613068875629152186250671589106300405669028722073071750008952671208638820878907377631127546294447029656650596e-1353 
0
2.026907413993202318263427291101105211315603122375317249488095739049512594440603577769596008452064263757283868994074961907e-1359 
0
1.322546625673435013439950044966384771971429160491263755698908490146551578249028639308717886808111771932619900523722751540e-1365 
0
8.579991575621250685419058688656671619140890723902971379904497166278865267158626760942798715000877700029512441244196009735e-1372 
0
5.534377561094785226988404766245600107448966713403815823135563094054271355616568144472703253207846901291606693546530553154e-1378 
0
3.549473895720260050911967422384664671092720865006192010479960199426446693376641091256685526732194507516725115941193178901e-1384 
0
2.263495633446545458242083536160407809524353676709229897103766693293920064560645473765902944782071008593070826980453601031e-1390 
0
1.435234822649497561270856975704481585105782749745812526660426109737155611734243167924454029769161423236532765985674248209e-1396 
0
9.049008839518559214807093537104971000526095861071919116208359086757142781589014483809567692360701536019801067853967093380e-1403 
0
5.673105945002328293166437830521738493313320287150142056882327488385269468024152404114971407603985453139662288759197573368e-1409 
0
3.536630249347531553618813872593520787212847112492730748604631336610740972382199390026623977859478559327793028059068666760e-1415 
0
2.192372349926776605801791581509862820818302613131465874758341625606792122078029262460297095219943063643312099859056430170e-1421 
0
1.351455812050947033675906540167112214128037735182735145979323070349820024980472659450158967479452575312452176652837378075e-1427 
0
8.284364606315654885383004835240210104509788571317164716453428191143774707920428750561278845346203148603403008475744571553e-1434 
0
5.050022220226232264418273693679834384573398315841848521528634071441296811487479311166045974687583687408001211471772799342e-1440 
0
3.061335866970725570612553100932354375485296032399038053760365890978326448042169594227391973290446304766053426588843340968e-1446 
0
1.845521540788370505429267601135506435494552468171142916453632507663184914198216483179644417727724713288186635226352514466e-1452 
0
1.106431453911058173435464461834462577097919869996931260149803126959898272185655863268940467688766129367933052032538582247e-1458 
0
6.596809435958349596516555328147220176719714543787680097711693565125767261735835732596065422200664948006211830237815629884e-1465 
0
3.911597273602337525347009753691051350632281215417935150519041707156956758128758425263277938596862558974708674092223933672e-1471 
0
2.306703683268869569318093783591779404289005759305707568268351384075408027685817890691823285263686396302409678180231849274e-1477 
0
1.352862428689434379818743509992721125993894623739206458417283568084210652640240423368028234606737039937027902100945180882e-1483 
0
7.891258246869578122269860472704849860743246237313949252607866596593357500746592821946741947570226408709675423492420757195e-1490 
0
4.578005167620759198396097192036383409244440333366718510939373336910410387508606923833139801826032104979066217937143135330e-1496 
0
2.641497954730594529922926494720062156772249432631030111727652855105126771628690202708646187439615646844399290380939672159e-1502 
0
1.515914824927205888689307857975193996792812543180969342070542617686896922052666521388512918983950662122816454777868190546e-1508 
0
8.652793792045213835360362773667475642453254442085067666277913055579305339967775170445368775883584534703475735936474753093e-1515 
0
4.912487059997202634903025142801592578211276590595531778890851991090685645194993257025690121798486721602563189140281420222e-1521 
0
2.774063791128969006581869084631210391845988942499038800469680618852861820110525871824098865436013378080831184011255967337e-1527 
0
1.558144899983498201904443728137735563125461635656297964368738801867224193323313598052492752156903529611264320597996367300e-1533 
0
8.705265077805136889469468751714573533292710231750005229445347343307121083886725947154207334275400688465856679750457681226e-1540 
0
4.837770580796108663628740301704479024507268188132813456613712981507830509999659663663186021182683102247125457122823551542e-1546 
0
2.674262113627618528749790699619256138922789841713187898605646254028300646275063821492380364219775797820007417535907144576e-1552 
0
1.470497865663772064932646485247608580553743267368176472902882335673325193792106735814934967701689133579053537437627387545e-1558 
0
8.043273002701030030864618764099640000851161628473828099958922466137956189408253486861018262847594692935286769381456883649e-1565 
0
4.376384133126658118664348925641943305440939584340714892989909588974956756928527431663345652279822149168604068611468449401e-1571 
0
2.368745886372378778946461193260616922985623127583219387563150875908422117079873477904221529003938162997147519225677567515e-1577 
0
1.275404936455613944768280640919558417393702034793749978135227772402954384325241091477769711146867755748406200329936546430e-1583 
0
6.831411323503520176378415499979877020614214392754227656627173661490315792032761303417244844756566696782945522660483474636e-1590 
0
3.640085689507590705481394070404015233168348285888510080429200716275374492288000883669695208185643852409620281851629595750e-1596 
0
1.929557341363470653648211126450563197662386858057096884701022955629469618871826075047165186730082061645898538771609429282e-1602 
0
1.017547592304214817945462136753383621278530264580747039330440836641047469900052280296178755541909846502958660441196336721e-1608 
0
5.338371011078912772400797883292053693532140798339712343690896105489229382246713543369950450361772155524425963937063228178e-1615 
0
2.786286356092037270805667956623996597679960991778520544958096817019275749532659433809787127634304143368979992210446743506e-1621 
0
1.446810587136126101407956070221525487952030646420221087121199906011304973795444008419322014620804545291963143895337626734e-1627 
0
7.474333584027418612534360284683883462153342141024213520405004442770706409679572827045225009541634590734170089538052345407e-1634 
0
3.841616868441345577020100657491649247901763991675660080926433126801599639837517851633776079076244370520312383663166120586e-1640 
0
1.964455854553902469890346598779279275559703123664398792830177755087632766222294341888674392887979016829246036973734568760e-1646 
0
9.994544306700182575654509649808102687927942664651752758086606333024197776674775860680659193317953058819653673757864154233e-1653 
0
5.059202254760917149981540953163183843913674375056496950807758547340142912618436813159028559057162741008011590936015485511e-1659 
0
2.548033884394463771559801630043091076068529370060292615434688190788061686506171049649532612137470159597981945072604361468e-1665 
0
1.276845159113494392805569988929155379145881632110520535057762239776434104892259381755689147596247005258457317258466186027e-1671 
0
6.366296845099036195744633769466746683879967014578067204310739007179119684782086232145592471136304342981465775772744495964e-1678 
0
3.158325310777117411875507777460519524550575398533199454110163510176847215031439990668947657429460271134784520691082026334e-1684 
0
1.559027747143007500185097719963973710712745154547387925847606270362020758080159435053084750733000224440085835446073154094e-1690 
0
7.657438057445322241705718059584924791650664308201940237912532623537317566971370079557965588110250815366017796818486054391e-1697 
0
3.742410583057341788088783727637475836190525029014692919187580546373659153251867184947628052541046144609426432286515996684e-1703 
0
1.819965969123057783953325929269014990580711862430595907818670752072284030770155251344415598505235946068543204093009996586e-1709 
0
8.806930560982211228270160168808588963603122004066589649536762262958000572194142746716375874505749869438832412893215136519e-1716 
0
4.240732669965347848467256939888659510356468293822619151012269302226240670219700731068366859608335476371997856204623436906e-1722 
0
2.031972199122165149294642440082946518753620180108342937374243063137016593439264036050257316819789946440817011554998590317e-1728 
0
9.688591969029823703794237775608432926225080571253316853911352584398198760647836492132104384521754600367258921096916616246e-1735 
0
4.597006099715629714582287782073727387684811492389543094115807785253330699374754994024316433132522529975251908333471298035e-1741 
0
2.170533276197570646098102248707082847326073928771679325254281067271374138509678788315134175030051007070194248676641095975e-1747 
0
1.019859135754247611202010455171657853961257091257063577245845097415585010705743565538095649279998294821027714200802952631e-1753 
0
4.768718655828362475178905311001645103922283790388729699338768269029168155433487185103062198563075361672766483051621826589e-1760 
0
2.218995121789696354007024692761364299661692537039878005520682231839564060865749269223574545037623357958372466192849015093e-1766 
0
1.027565404751076930713729907810034222777443326369817050740636205417784113914939852956080769574408732663624979348677112781e-1772 
0
4.735506095191049128012545243344923977036482630031427071699737048657778327278687329172705444705765546678116571956064927326e-1779 
0
2.171862956219243325617663474083132396783380614226721041400907165167875826232122150282139290176169428349831099031014869135e-1785 
0