4.948410550810310090716489388680202994532632779923521022295337778318277450415212367277193531326487826246841636338666044460e-1 
0
7.522345971415996397629572931916364675325410610536739406474348660240814142963634962758719956167504001624056094066032864464e-4 
0
5.670935129609111640657164384569747365989735786246755435182731698269224803671236177698648909252418186034568793405199861345e-7 
0
2.613948750048322067534961751520003014856554682377775562182493778825414189979378389391576171467829011112436610009327097531e-10 
0
8.377891866391613099682159343422827401881111546419211809115569262609702239073882666401890723415395538299237919149975404530e-14 
0
2.013699522531193542111571029652067590139971315862282287853944140348581106390207642184317237097904193453935027780876259860e-17 
0
3.812852465085841754111570064176663447595918161534852343647139304257868085102298650613945520576307442618547707769519216463e-21 
0
5.887069654212268936300960566089491111074676540706950583398164622136170845607408896600742197814887225364852442092862279755e-25 
0
7.604135549312379965159353840231992358121366219581774268275392230555154853215620601796074649147220538366320242816257739753e-29 
0
8.380397590730646546783010792065813661193365888056983635660495735603516918386945759865145678675821470104650937376982496431e-33 
0
8.004805420737217463845969065679718588923025359393171109770590108635891608392832165051522544665706153971396038687005764033e-37 
0
6.712027029305658679303058455419329702984527944085441665590653607224025231702308389815830200620763956086987359102956940768e-41 
0
4.993221609819203040539907213999965468066720734427853309813431636667352785574782840581061982413655506818739684318218657830e-45 
0
3.325242373451271501590862596028915330380573789831304863998303243123538300830077303913294101840324608864802258765976540909e-49 
0
1.997617992116687445925666606186907800879324282993683633121462537498899900530609580258712178159881840029205522076780716961e-53 
0
1.089767252548846340290206191249866887780221751165479536664127495565896263710880083306909451775599987294622970821713757962e-57 
0
5.430148879446958551189923960650334395432567098044016649748286410002676551983579286919581140790211984157425986359044758929e-62 
0
2.484130274262994870970777533765606530758356154903926951826035634655242491512377426854269756134925973400618656616072825822e-66 
0
1.048100732093894710106291154582911667724049048428111848972544323886248699596346170948670332574212508921175192501920756766e-70 
0
4.095168186799653829769770612566202997923588948036570350497433353733266976559022730949849922308450850147490465204995901890e-75 
0
1.487231289485081521868331460416974140810991301510340684605618105862515364008925443583891472577577594501123360269728116457e-79 
0
5.036983758744997180146029145457710093541215781138484645058985106121886481997227592686999404793019807491214931143542873385e-84 
0
1.595750218649064315165408706099824489392835091143257901992018793576104517687493052172872204191754017869431787538101549838e-88 
0
4.742043278237105172725928363230659943118253503641587400931338270698073950973427864933255324956394506256852285659051666319e-93 
0
1.325187310615878006804122649523000807700630468987153138683159600995671734046382012023047001957760359630089755094435962804e-97 
0
3.490743749847681982507514244174851433303012595010622779185834768424013963553842135205251370507611987102454075592414178009e-102 
0
8.686169781781013647756677280431155700464490459898454014349691643756735373771393306231373982502195276261732616427133383182e-107 
0
2.045881394635826095428622974915582532350814700861027922406904291505368814780729902267041547366175800275745073637167387019e-111 
0
4.569674888770512580826470285405074334047777701397125198977499860829997479580402341520380898567634752462705315452781496768e-116 
0
9.696139487028125986988247877666053470797433259370692161924060100975725229177896912647091623073914715814871871634764398615e-121 
0
1.957616570679309589903804545346620557551343928610395762165014306047369277300973784422653421640437540386033083672809057309e-125 
0
3.766460830749661417619504945634951941291260151338069755324184784450137349351833462761827872403391612960970520387789854177e-130 
0
6.915723107398708947075474908580407400195121449017630642520427491968328085080164548897897657696142684685053478095609893073e-135 
0
1.213457145628714473326561985557110495839874434821239514759869458457730052918439651576648793477529291062357712239679443525e-139 
0
2.037251867508936464166543474034964579610157422055032475363707782368374714817148547870677059725800431870411643976727955938e-144 
0
3.276561850973451685324114325292317803855340743893182643154461520454805287100064820273551584981747462279089473111310347007e-149 
0
5.054021158673945259720035967132574170389665746445536951227582342554505641633153332734538247948208095910692702911746131686e-154 
0
7.484563343506251755026560774801679125064503911849255226362741114442795914153428378240964628397077212271040872813202003069e-159 
0
1.065242142456260530814387191503196493867818711917929999473821126352460123003456091393485877103490267385457355519410078913e-163 
0
1.458486009074592231597293555747915955507846858741510556926544877058838986483972555071629274329398055417252031639029795628e-168 
0
1.922770094905885372652827461327575896813825492215619187197782432715234052980081950265186676969138995086376005080618249457e-173 
0
2.442888871165773839810348685794529266224830884567180264115780304030024477936826737974730156711553804457153870992352522288e-178 
0
2.993599884532438130942792746964292822688383837542071281694603285743181551415608435847888630576126342510548653023683998948e-183 
0
3.541143002859115499820378116118304345668055436485236291148717539458944623377046845520926741663168100260913152827603811304e-188 
0
4.046536700585684688229473378360543942609468165406748244365858703043506879284664359737276301698735249282911694790787407073e-193 
0
4.470232505602779150100967693583415218367208818260824283944788586196195412863428544644358101768573372399209504108110877159e-198 
0
4.777341031823783155449193083506128750995908414675361644863766521295642441909559549398777542482001432044891288542715143861e-203 
0
4.942449133836882681686121891335541014720107220202030731484158848504575119081668211182349813222853905158902097688569043038e-208 
0
4.953093653898033402415508336097509533000841926777647742508500189857902623182900028346058976644237713127514241238247118796e-213 
0
4.811236389942082267849420119934009914256057523845449809489732000401105811938287615728823560707060662490753391601703219902e-218 
0
4.532519784052106056030095952035078471527975716864736400449404827831207019095028077680479015945962655174888381370168040452e-223 
0
4.143551978635203727288755471780838200849714217027875327969801797458627162650413530016978017784559549582152583328077240474e-228 
0
3.677849004918902478319630837478335841395795623496063283096113446981951958396424509136083970911635798839472016320183349653e-233 
0
3.171262751986630014874781548463084875586012488155555203770387952496239140218339290819885049252767402068997630938991892274e-238 
0
2.657716942591616306151802011327599165277407732836468332963114798263710470750169668402833277535294240466462988408007168765e-243 
0
2.165890555277396777852057908140639257590437363443829779508434463870143994917919323136663120024199422720836465944334798230e-248 
0
1.717201587292939225336996304948395806046509785207782543399081632823419699948610707158375092531889966800663169230740512610e-253 
0
1.325139889665496827107900908983685240302389722319551042833438317672304900145628831072505723976396005381388010144716752183e-258 
0
9.957489538416611643170563098222068057809052309387403755935145055688370656864404710769029118069212089596238360801363281403e-264 
0
7.289057121294111421250376315139330457236810185452256524755521512076617352453915003947639659402917609998433919865477810708e-269 
0
5.200030214581700993094664675815192356792537793731326498849124437183022669574865315602620469438789561325261437114767433360e-274 
0
3.616823558483679493583213706355600561106406164361111400756440812101050796104718140624057484667194535417297303320443582275e-279 
0
2.453602388675896487638021082939185519092008584770106749991558823166418092113412236403860108767484372407588175368501549187e-284 
0
1.624051203509293839020450178543571183398411300401871143491416462299147800622039928655728610394874117214802739813628044933e-289 
0
1.049233666118094481587817941088947168096757325448216334959953253921928318794571025547362741616019711592657019391784210221e-294 
0
6.618738830842133915108584230613855732941132313207292513047056464634262798437086856313842479136539885941289274013797871470e-300 
0
4.078099656976445852835254464248696163983099655152578128356864488718602955066328471997647175941463339196207763614119946193e-305 
0
2.455074605307988686138985516627464758700973605289927418711331517191316925474648366724009990620822725099465607265729909520e-310 
0
1.444562682092090640493524325473883538753800525350312140807766970081113622146442374392835555529420825527571239190674176132e-315 
0
8.310162799231963701297094932066168038033098753001854834810441765907843664445423410745224492331875002176005939778601921330e-321 
0
4.675380115670601106244420515552150410941919735986293304015521290209563711068729007489806471811655872197012618948434494331e-326 
0
2.573284145048435257628509721809687733852935482014992586422154810551822142474698540946406473077251398114565758213854372361e-331 
0
1.385950345084470598121990257848082387128858872877514923621387254013560265986299581807633464020234292657154032139450200579e-336 
0
7.306662385375576893684101823129972936941282946629493482291752269259915094446357792575242116395882110954080306481840511308e-342 
0
3.771559584659303079985435008642880407765841925765334524512093602441134292733519001137352135135475767495196709389443940659e-347 
0
1.906643514406044992413873430118757575576470841378471336648013216824669365275141209620945319144918162527237229845478976531e-352 
0
9.442297619625300033614427970060106275857839580021651041737806283210666560291904514688795834397479673762760009666033286223e-358 
0
4.582006861603088543440055907315916436979541198152897531550487979053969126184657917113996321201943163980739739211260680391e-363 
0
2.179270355092048563321992029398041004070856674977260765552263915701961913112419485087997510374463882367978243957800037079e-368 
0
1.016128491318507786506739714187649435673840089504646233404786447608810352411622914094391981405944248597012089128191651272e-373 
0
4.645907476405039103672238030181589034033993804124709726304355622293842733392699133711792183467273169185986973350711449399e-379 
0
2.083419420975395918008648118260929046031055652502329251704291093356490710931318833467551650570243149029764472221357811231e-384 
0
9.165676627080191294713426383053870360595486759416209839137706878541102154746516360413221820700810084399448247397834128427e-390 
0
3.956664161427542866091216072366868082257413411852030152939461122079990613274628733685197204733963121765877854459444646492e-395 
0
1.676345933881705239236577404584177865431449304807761358173481305569795858928223747313415811257431009728462400398904539857e-400 
0
6.972021779907589314008455973965052201449709482373020582251331271662257184589034117602526271663521053772517763316888283568e-406 
0
2.847103407252749317881020826815305354488038175480095860459422946734719026663605633772412217609735070505653836998569875164e-411 
0
1.141784023584157060687325149454140932240159139650578275479436204676226400205358033368507491841943914085570977065720050141e-416 
0
4.497651266501169855590720656750033518120667324171461716154946810942334953323615156083416585175114542278120623155898584667e-422 
0
1.740570900135908283050056729612571931701592461141220579595881158734262898129831991729929176823084689664637492243745965376e-427 
0
6.618857257563993064693431680156907505820350144191498205992102582667125507914400703251143856100053455463908974044594751231e-433 
0
2.473655219768476039602227394338532364633755790338992954464101999383294430299260297819063511420020291384614077892730498169e-438 
0
9.087365436833298338997428758070758580134471117692359528739638344282287585645337416962522761054844609014459994925283197092e-444 
0
3.282129288762645234179157238040329298192655740032769327826150443559745904425441410199232189720091638262249676577272670083e-449 
0
1.165646485117349689051009809235518319916532884504292455280550687933020122782822497586365523872741465552950493291277906956e-454 
0
4.071407795085047803426324232650875056880320537645197194323369158072364368901235240833908990278345470741134455453063867639e-460 
0
1.398815803260207896213014229880119109183859364603222929396798595743248515576361416978142685911454037860633580133426666069e-465 
0
4.728079951502362469812630778745087183153238029876049876377170175570479147287518440093041931855297371331852491838605012567e-471 
0
1.572483985374319085385900859926062164103041974561059624855102406930074169340665225466670372836661813078935415693780706727e-476 
0
5.146739887703622170026942196202386022967067030073687437247344734296686061464326141208803854073331212228226259790744425656e-482 
0
1.658016693690103500210663981437265357189309885141446268235892870925302336953075107522288740653313989110233530154529451392e-487 
0
5.258006473788361814981579170250399323479084453530321713082886265416735650774612706536213393422363816354111699285424073530e-493 
0
1.641695035738430134100984910843772088582125039607026812278664661049220882514915518700935266476882283732739582694222341610e-498 
0
5.047373183981459133646537894508537383942312679241180653602429022059271744331676449910080774889173355832435269548063710441e-504 
0
1.528273754523056064517847352938149863937349352036214473073686133280749279943121439161993512504615595840883400557634461913e-509 
0
4.557847737945826276681708792171079781546254337592967548871926677780886454923189653732660024615165475856991668882248823223e-515 
0
1.339061114230818942554044484261185014569608926169508203429310403116821465498673093449938134050976666078494871302201890029e-520 
0
3.875973942600938587567172176003631131109252215478592748529899523915943606358167005622309230170193464456080767650538321303e-526 
0
1.105498244509606659909668745037936883387337358053512741486832484988142048500476903712218841499188572344707150564702365731e-531 
0
3.107333758282172204888483055489074660628570044879432146453513479066170134631437255355467481243539111484118260406026413754e-537 
0
8.608456281713495827603204760382403537768219509228265827657207451195177000396115162220687113570580492828273876810374132035e-543 
0
2.350845632685851034841552601307080215432262521685490022761845587709218605219494377831966057924690432715695754586273478565e-548 
0
6.329033573281366954582040390066372403473024084915457889321223670409588142880771054482556756138315736630412208060808521746e-554 
0
1.680030715956876705894360306470310387422787454337702260758662172008512017192115543213676519893782470264321253596463053512e-559 
0
4.397590380324104916213758860143869887554410523563296095654474739695425671178747419698507288856360494556693304712533484974e-565 
0
1.135220915103484246075754564529515401917474370503121924189884710633667345148250972798811529054412018256270602484317094350e-570 
0
2.890437192586591277718564484648262398989392813310573837853152161286042992874887982199353677029434632096112480885147365893e-576 
0
7.259603404146296653810211595810247463876158358545129794207901586906768057927448113597111275719558207234881617714374525395e-582 
0
1.798772838504261921948649893064830060846537959887066195148713146180108328223957497955112077896347273367705330203173143898e-587 
0
4.397449819011834216355769229173017772819023078608767890422390483532551919492057458147129726189601060746398360841008391665e-593 
0
1.060798569197799894054122647037752604017172585096232231501438331246306935687938307946702218327511446626353841267148052402e-598 
0
2.525329151542999238994285492662847497669518746652230556709356424683861025208927794788439564078156641177356590076461053329e-604 
0
5.933363263876941829421803670255719730633270979338854235997524865160323846838400696137020449803604718866246439991723826954e-610 
0
1.376023657968060177463207542822438029949885944477714293322393992385095899591858890450029046942948221700102323439084151214e-615 
0
3.150186920472422600125622251782479361123377789185308462607075035285461577542872985635058041305422388743809531008934593555e-621 
0
7.119917752396459349627328927377366425791038027034497550111624653284126910585174215022519379064038261022142203386601784370e-627 
0
1.588853913540129880893336059545713553204447121416074432340898933802001879573438136541830486300236865143910230279895113529e-632 
0
3.501101985663415706327500895740663069789262407364112031756036091137116222464842718540811123705551866322971586549601025880e-638 
0
7.618652975282067192245474163338804561460821089809832657451362324023257383416471858031162493062183688299939473263894592190e-644 
0
1.637361136265776593232588677101541707859310644874202387218701964043546501256057927186152966876194492395424585842868890964e-649 
0
3.475707620240165277202406428241798889307849971629798543588523594739652432308708079910670072581472309279725961986926556518e-655 
0
7.288086113928059249141614447570115756919799691423789760559064357817563238924341835989785952442251259772299303413537349186e-661 
0
1.509710620463945107403966356757564946646861706035731886199055618086740952647201839884883778958239135039047718278664603578e-666 
0
3.089738837786971092316549700815781857632982882553578873962345451150402999813938876343396090510154015174767324520424411810e-672 
0
6.247913704415040807266523399919309074757733886743269728137655757842873725631749412894149752629451587263678910762124368051e-678 
0
1.248447447270637656601874067562018588643092485452159248901230766529375794473236452272402101288647735652080261833534595982e-683 
0
2.465265960301159538826440077506950057175353841042017188594848197117643733803163444712032585672051017179254467200640563554e-689 
0
4.811176898598398303154620073127560375385849857427691904887714807288105544747321678150217457241843478874355417479681579839e-695 
0
9.280431365522597199836890335934060074622613413948846486720474465338445707693310197655048592138625127123796757912495095064e-701 
0
1.769493850560590219647748733460004121841050427754121107699898119989373669797208142788360569990647271812504065579770001639e-706 
0
3.335249219284425749423653351418141792335075433640367571543681575289044607644383129625260167739866341149549302050972127589e-712 
0
6.214979108166874526236675913864431973857227325499837401625620009081918909611627461283135698391529240554050545196973177722e-718 
0
1.145029167670797770900557897763960826315635595692805488558280173259962818783381474441063330006106207924067345936050329413e-723 
0
2.085891977952655596495873226192024933990759168359418582151619784454735837143014015129615553150394252839746432171206901409e-729 
0
3.757490696779829450160906441393398927327634180754877074046174765857043383214863745298898940759502158229300737494057663057e-735 
0
6.693709542490575513655067073038232636901301300974737942604548210638330248607823316725014940710555701539996416934702546211e-741 
0
1.179316156569949132865489874361014849096960295425572582922934562277401277420304339223074995328408919316890552023276304456e-746 
0
2.055035071990742903590379814751801763146918596402959759941289316607780269392432919487201254887415708643208238642442149755e-752 
0
3.542130776857383856446996254385119995810794355190386230968559449117694312159221717114028186343515077764619338867847163921e-758 
0
6.039439929860356213683847829817992052392816187206165440653259805522390036986099297757088835678507675898327379328306277111e-764 
0
1.018697934282492425335549376183523227743067445530287483695770823159432250458071042014479352077750359081812131312397915752e-769 
0
1.699966831275244870575266629189036704378485614118148714001607113885457675459097166334688713570095216724359735519155244358e-775 
0
2.806796537292966122661687858846386556447355231707013718396467339393445799909867978253313653307721974045959747091015386108e-781 
0
4.585489532516162883953482858335183259552543301007830813250219500906693295162479489933657529020685109137560945115204474278e-787 
0
7.412986932832159800662960455371591051331769396309881608065573040741972642948549320934428322819456220156157195429336695562e-793 
0
1.185937011876645877253412430904574822679210419670969997586923622256671940708129787764917565214346314050794793269520376702e-798 
0
1.877667236020476833721952328894778326941584882570102298430511123432266390476861454469091828205234725076178179977888610952e-804 
0
2.942331910198343524148637071343343085895851492897195596301797905531325244175707715179683858744050870750585606727990819635e-810 
0
4.563602386119917521339204804543290535195186109329562857942945688665828745612251742566189148418504866431929581942157161008e-816 
0
7.006381508414373030568081766135084718433494607590160745455756324052620506410490372188667862873898136089115739208319860656e-822 
0
1.064819581949685129401488128714346489719327276163077621199252630419270668232789814968248321865585434872044286656908288175e-827 
0
1.602066871698198071793601999744045148706234557074769814193558380267070067387867828876314031593280158618299654806957321982e-833 
0
2.386345925264278952345243284313658781046144259233589264445127773756113692219775789222313928082272890432046439027467313193e-839 
0
3.519328324224862306883283166916616682498513075914030921785262832993335623076560177694178060012075829181285368117181839638e-845 
0
5.139075187131964093343568648200480628966848919634368617545706524471208210345369246050061930972494195381014487442640054056e-851 
0
7.430770328730039789568881966040476474054844707495502447198483225101687262034914391975893749666652802702931371950177093025e-857 
0
1.063973892256529439171741049638985101960233215593749593610337265327637842925407802495386919780092809638269732278736438306e-862 
0
1.508692291155091057722264810835309822916451307766597747868686804868625863664523722620436528358260277119033495677229566273e-868 
0
2.118687755571415521328682610428724165040071012373998633900794032200817205216898517276218847117610951946384753999557427796e-874 
0
2.946819736586159915275753696073105438586889934958163443547777645169091350908612001914549793162981297553228164005722930061e-880 
0
4.059606894184975765805507139181257303120038050371540671918065733856949452735194170719643531287789248217779753443051182246e-886 
0
5.539638110889543791562954595125082391866869599029854422754175685917959605331703586842219435893742774154388491598438416735e-892 
0
7.488050244516946333971245907243282157843170805746848651699939843169900038048885326163559283860449755078523058282653210867e-898 
0
1.002694725487499476803640012857759222342983155688163822920312113454701112973414952192767977864250307842520915202326544580e-903 
0
1.330159636739088709857132328672858552682473545998348410419058573559965294060936666832334186082800256460808746288389095598e-909 
0
1.748219796252438768715409977308364319752508155017850137501806669425504990206692333286052296781202915746044200711144713049e-915 
0
2.276499034394937037365687480823527168878571662768129205062849995174094744117711554598652677716364942742965779033326854295e-921 
0
2.937242262543940585653563826315879885719068496712661554969787287751059240848785684295253351582576615696953497135175999134e-927 
0
3.755211339532403871146572062708971217799089258508939390420501019007541818459295055489013256490481217243122094868908039289e-933 
0
4.757431445772233675931152198656833180861789760895950793149846695249204627747348866954899493296506108820572415245279664310e-939 
0
5.972762241891739370067787715800833130067518203790932300913167515607234936819250382786715988459251888466212549503663882068e-945 
0
7.431272995507388779803936763393470831819489618275372228487612689070573995015961356004439543547222912200697875559791587278e-951 
0
9.163408559110839754476095186258922684958301504190711112408667775756545533314773295921902046371020282162437287777043497058e-957 
0
1.119894360302934023141722667193210256660293622498452335748308460052985253518330745808551637535862623834724850395201636487e-962 
0
1.356573562455118063918250314242047519664760930144710173742451485842870565162116636951556952329962651134802989547081183569e-968 
0
1.628830245341031707163686296046238045478751016912613311728748917739867468393744958546632138799518761930499645817423820901e-974 
0
1.938626644203482415902284642036458916817360569012814423623330260660503168197673987638794309959197411879062999082757944526e-980 
0
2.287272417528645478636287175660225131680117105070583788009908496367248999884638470745369083893636262762730497521667637570e-986 
0
2.675261604432551336639661720186254780234486015204519351198992003593341941575218031538219225869251982450429290927152208990e-992 
0
3.102118295332148250277912430811519529720653212602546462342170237512415071589974882059179940292241279205388076769259897078e-998 
0
3.566260630016089459481542229148067182576280698312879038703077751899024810863834352714175200446663875881531771311078539100e-1004 
0
4.064893085039999165463719285924577286624234488185612923666779310487366355131148284380445279220653896652680697028895603093e-1010 
0
4.593936713604654221821317377215710939581571928952477214305719040109983061014869346959335308070827618585853464142952111779e-1016 
0
5.148005989825543051372180429124680463761575684346901328179607112359134421494087516750668461178692329498780260933111112043e-1022 
0
5.720439172621321527753068753190311743638198209398160618854137775485861882079751680450184594028158837089748436671223702035e-1028 
0
6.303386690080153935990809530030276834808663422443482561811569143037345505550225237572695921673941204850822526231254983934e-1034 
0
6.887959063949016026294503942370909287841975433569848423344856803759850297775762578555232382736802770388120179671190112067e-1040 
0
7.464432516018491021745770040365346564672542180329464202769008872796067014587285500454764525347449838801730585582682429528e-1046 
0
8.022506843061067897610513307854289592320668541481913311724051910167237429853655332522712404055957969160221266171035970704e-1052 
0
8.551606667325623077820371701513718547047234376510834326251449748922897512486232446160365497464897631052747278601507454714e-1058 
0
9.041214030856424656478401191310886145726786980472860053479296757183413382670123677085031844522032614178092009365723123499e-1064 
0
9.481217759086142201662286444900651972088607627825069887128494962924614269596990059515322551067684702095788183333834649004e-1070 
0
9.862263293151463580591332820736684872322764351928540240737770261634970677869413926263423855621217286123173275214091626333e-1076 
0
1.017608594646872002948852457751990140501422170341069801125159847497619783901021667132038412221095854123287408716932055305e-1081 
0
1.041581087183848575780136689349758309184453483771479820296341612541229788953343459855036637205878040215387062435938767784e-1087 
0
1.057620443987648857643378316958075322092445905638741569420997625254601498622393865942793463162013348067788278891579188297e-1093 
0
1.065386415067489878181042279508861901521927145618903291866445745577041910198691733758505314550525788002392139514285544472e-1099 
0
1.064733746989704866207612119343510620166550055346357274621488124280701304619222391116809422196898663195770596608657976331e-1105 
0
1.055716387140255029209837446846531936017383681086032507871793318518942511547975413418527759255100546691954914273777232660e-1111 
0
1.038583860560615628491701307107129512594245603243123541330940725172048309637239041847962405099786323486400202347313749219e-1117 
0
1.013770099583289941638025493314186781880870340517198855213140319286114638353084873679904415763777859253895635692077034761e-1123 
0
9.818754094740050393914991983873692504404284581421755059566985277505217973272084748344013457945650076512580970525929765128e-1130 
0
9.436426036607521551955171374425391723627248177216926347601964978189772349020949127724914882301700288114643352130019110580e-1136 
0
8.999286174711466838759734810657220831024107026602702801009591014384529081060808653388371821422122447838104757225278385902e-1142 
0
8.516730937430340859708168331255804347160488648257584000993174465414203751673820181054192816530409535654951040218930349306e-1148 
0
7.998655189433094320495247160562220566811329697800186979340768967587015386221102934488319290088816474235372657640417693037e-1154 
0
7.455124741379244522255519856079260674710098448401716223669673620867063230974585431000357963620090022006504188915350259744e-1160 
0
6.896064583724849664841660997489940896513939984908182352431820277600718973867091793577866863901370169584464440799838341283e-1166 
0
6.330975562116512404521685556763316708753752954814104846741040083059756529446298811833251185079258238068132717512847384705e-1172 
0
5.768689746475045669675961010514733539199827467482048695432623852921960961818887325636704206829362672131926114348570427430e-1178 
0
5.217171885980677325086629006211193584152805986369480531302296260825425102753257969985154279047895898409696390801871786896e-1184 
0
4.683371310639444831438915740216206840212333797935637224997573477842384434428323508659401246259079296632508345082533942356e-1190 
0
4.173125651184566414668957767883549791323427204028960362339929250718210187666196005462324621692148337486226860078824552794e-1196 
0
3.691114992239503310404937082892735733956597688708186461255268022752321156567251815175116777213282055760299369944164128321e-1202 
0
3.240862701363660860181768961812907384467564983329949432144477017042994949521384919010707230546535960407903726551914516483e-1208 
0
2.824777296402357981843101975997625921047093569528643913863018252475559254642351592445013345239565130520958965520233539181e-1214 
0
2.444228385182600538740358424067584177361634801398288310379830537071389045772272747160548618509447593175391884425075195113e-1220 
0
2.099648948269326846008469058885655781100259639078811729383328298344009099437457050762762479799753972756412761953780433691e-1226 
0
1.790656009100526223650960258030158237560655058585272099375340808678436447997223270419909948838729224365556027442341631722e-1232 
0
1.516181984755124268363712560042812091053103285611152471760653620922052438797328472601816688559916337568216648995157062427e-1238 
0
1.274609649336528807401533431018995040911750071933631971605132890173579481582078964176777154760167220370751480674941645577e-1244 
0
1.063904571092471663375775736359588177013377338046588047707889122634452066192165168611236046292710346971342623555158904474e-1250 
0
8.817400003703418954730497231047919690962180078882774789534257777344021818973801540857679765350328018869041067088868207579e-1257 
0
7.256103890212147696024952848107606673869509433817352159773571097169162277612621201602966911370286633006111579281845274269e-1263 
0
5.929309245578543454213232045131434490970005015569727009055032575492624562468858373940191315889478438129335266076805916812e-1269 
0
4.811215914741618079587451507118137666643572830959173652048839872262238567158528228839641029042958984140652198592222374919e-1275 
0
3.876752730232210708578341496626388178436281605669475898412995364901704789665138941481431863294228794531349628538276697414e-1281 
0
3.102102435821254768735665739910202223516946908186462783248635556191070746295831807296162384820720885752823465502847929565e-1287 
0
2.465080564506256096086450927787390852998035043516825175879491124773751940298742572647866338655827734054426163445159318556e-1293 
0
1.945383020763984990796085183728389025066335966927955801146889975994292603386437204261442474066865586139967222149358665950e-1299 
0
1.524720074194054106813593239542040945583851314916516656279772385176037152246636450037696788196825593022246596269138425334e-1305 
0
1.186855878618437814195800499169454374056778030332769168360832422207182709142769540324510793278468251554527332433682386046e-1311 
0
9.175727402971886128450703221763496449866275116609598606805318065251213867593365438109108364030884004343563294812168762203e-1318 
0
7.045784521195898130737046128064157548791496430558973923265051444980794808558502681859849740770377573768604330985997881498e-1324 
0
5.373733702776459678621524050735111505114141726422141453020044541303775488712542602852849627897717993093329804384847133785e-1330 
0
4.070918004498284632184931984575811493454482853122474531130850471125422492361099667142611099239353157928554856425680133955e-1336 
0
3.063299137574068417601552203892512716253362130534714898175021547754370646642227849419517591642245903410564665627353658654e-1342 
0
2.289700196499172437747296160352274973747543451690269783520953553380362400665604440360273350734339862837966395935754451327e-1348 
0
1.700087302885104656813411039520475841470557950660938132294725276643940028461833484115357196207761005951667471625926563728e-1354 
0
1.253944626088616019782753194289917941728673156145783145491186981495227898138735584052119407675297907642021236984827954362e-1360 
0
9.187790447471785912413226202732932794045438700204565584810483715126916650781347550783753769184992971162081496100057653177e-1367 
0
6.687755114459358919915286085044638332802547949600872007919020914859074818088721108319032908944438556489120265841344251925e-1373 
0
4.836120194108384989299326221992592269518008360237626521606899150222582343334840583600306086099410782899962227359552378228e-1379 
0
3.474337902450093912502070341038343895849799389327519631527170551650319917163898139910907876481105582540166816156707582751e-1385 
0
2.479796170541797330350059143168537071751796476040212921252051965032219657971407074806164284395595492396490077335488628096e-1391 
0
1.758488428629828912849352629004227340564768047826544755125533532331367293801527707483644140959546437347540245246896493570e-1397 
0
1.238948343217884369472704855573418950006314365761502864599200660271439824731275585556652993117207019316532862074381991867e-1403 
0
8.672963396975059476725101713464965846472646851020337401897054358372746604599687189196407006231382621736984432429348904030e-1410 
0
6.032437817654402984678031934069214199890344704416826668795108883474092791805758898273124981567332658747055908263578128898e-1416 
0
4.169073372093096181840366539691951509274651779165337412821562274190735269505701498867808392277999654490647666923013146409e-1422 
0
2.862976661024077626311697089413164047494207376638128368058595985647713157303849802346599529018370137341496435576742584117e-1428 
0
1.953609803054179406968371415910636841285696442226200006145021947609556310893898567967905580170356695648676418525262906281e-1434 
0
1.324676041237020989573193521257583922395179842469772524789399085078792784013802968983836942756227561052959920303029051456e-1440 
0
8.925722661486881822030277269079697027575211850202562983951369160290913631937947058701440123920107662738233925460234060318e-1447 
0
5.976527006409347844039756293211075106039688593997436879915781070402208673345798790920467677721548377515365582572568009215e-1453 
0
3.976820986285610436777088781710141214430321459587626696095843753156820480043946402870160262048356954976839756149102404891e-1459 
0
2.629751126196809474278596092045589598538266276801267530109160715593563670939909781510272599137058388745740566589739716662e-1465 
0
1.728201718168417179120757138865179477616484320268791477478300541935188277433012812159123746140511944988828082009302880743e-1471 
0
1.128716938606170817234486535196804813942386811427769537422353593231805579957231404141397773530568477820920865836618498529e-1477 
0
7.326491698313389094401983294378707836902722574779612991048827382763857932964388873175647764494047328360354328851750643254e-1484 
0
4.726471064846279523503546376548041720232276225577711341820044001433450484593434025444385431939657432986907311902682982044e-1490 
0
3.030521099869005913632472937679507133134748469895311112336933310621215839893571519187720527831071583592135976605044796661e-1496 
0
1.931284987115622188178532061113103862956333727343694394764921613800090709495493093263436907235644129089015886764240470817e-1502 
0
1.223301393943087559532099842970466906878870530080905816841300102466866912934478684463712126062557775716185361123693758790e-1508 
0
7.701722633455892266680427987595646378350757502017343022831229838990309322379325992430241185202729909085888064151578030080e-1515 
0
4.819686087840157975684362410890846067434290967460962845753272469185662101959380475069847676798277437600333353624578642672e-1521 
0
2.998024797743017501521973817795833984456757765740431474403080184762064218013236644286014405628838944873846817543132339773e-1527 
0
1.853729350850487134151494724073146463160254988653548671350463081078425643636142943771755980605857800550325899808937933275e-1533 
0
1.139360228530299120605000922395082716685988314020919886922798884091066286009116014074507285324753175402131001852920260286e-1539 
0
6.961267635956229633977378855849964567948059762547378005563472839334347894738405940350596085228431523883512252212247128694e-1546 
0
4.228019814486761521876701630696799319608258239287085039116332914991748686865237924503331194951597976128892513522932493628e-1552 
0
2.552794780084983551887035472875064215916904838082087495503658541184887971338865057471752316565967395944686008975777442412e-1558 
0
1.532264490588096628115809665792701385036205118483763727004191001671262264655226033197002287154601088818954055251799958572e-1564 
0
9.143220515168695336616708825449335740754692512012154220430773946598648627387385193701785669146131309550840896048226753887e-1571 
0
5.424015135722878077774204530966350791795439469555594957177395321699087294739131581067419741381700449802666646201425926987e-1577 
0
3.198949561935830326952144994425144036182021459536778796798192865621772700912448062840016222116349565376125373011864187187e-1583 
0
1.875716483343847870296295368455664799897784613748828606912950494596113901557610256040605642655870530574295636525995097769e-1589 
0
1.093474710339614093798230432344917148342257109885880770319656154392134519276651968379606181131521125551081007496260631012e-1595 
0
6.337827635060734797692761033499370682855367653256885128387005600323670237284879955174074837842586065937373132186205871924e-1602 
0
3.652334675606677077528704229285233645117594891573381735759895172636863799207607968042339667376549283986110819113700156434e-1608 
0
2.092702268104089420550567549716541005543436915183642094839950147405124053504087175021494558538915428735787638138671839775e-1614 
0
1.192227891046975672333420616086242146589782940111545539890712599767864688188302865062175310577141537753260782101962723276e-1620 
0
6.753582780056833202360236138765752331253342836536286402030024899979332743298190457725111067915949000370012249201343866408e-1627 
0
3.803999085785487342722245069639737103806640904244301738217707463248587040771101209823636926447616297821402362180082435491e-1633 
0
2.130521209720565034605139932406579278340421323555827233977187008521602178593936662764192336408656265930225960302729451188e-1639 
0
1.186529673760284300164790728895046160325217328786254160931117055179754312307274633494617333415389482608859726652554501949e-1645 
0
6.570926036911912565004975424288306654571129818770952623805430683659922613986658434986587735892778710398764157513443341839e-1652 
0
3.618575876831630520826440947624217774476877177119576585361072508389285206532968354039814095532277962205906623147777230948e-1658 
0
1.981617203639922602707890238853137236432604304354214346971223155092521698211619779741499982646354735341298230967850838452e-1664 
0
1.079147015353338585467478798984726560453630587850649204346731458831932765247150269999145052013444598465995548140606305082e-1670 
0
5.844239120166970323626714341085415634027275043061109873419055446316968717711028427298523426700268997075432494508671933813e-1677 
0