3.619325171589384789426553251511934549038130497305836231359648656809787629232840006400817642510578388082480208499673924510e-1 
0
1.015244594136570250155386568213628866561582044635109239973038632542856236340705645224118517985827668478947443267420336612e-7 
0
7.970341077330505186232156527558678677540554289211618661885497130048669498419678408289601966094126212553584497970145707058e-14 
0
9.756844133274118213231706098798292312653214796311501468953280262347429294313616998022006752550054855918534843076868352203e-20 
0
1.568173058838804296483563049620041378264795967406725764946681662840448106371263716697175864043686228054655246501323737667e-25 
0
3.045485821168320620956505103199230534526199638331521148551969297317642304840276055566718474650216726013797571365662194203e-31 
0
6.806258859346452634021367536675735360391006747104283664304697854781953209384757456360492808575644325072779990773033105458e-37 
0
1.695409603582574438628894836837997854307181346583853035042800538792196182614431458672146824167008559653842693694329239025e-42 
0
4.602690097976845625831662207216161114867747648976971734359253253131400242757643733622513413772216991128334461113118573949e-48 
0
1.339477301749123627479230340260465157631071469088309184583534156157800716884069063040687623827675184273820465144207745367e-53 
0
4.126230960120150560912740392537065286801538345684601950314414964927243127220363162978516423347577472792825130249899107214e-59 
0
1.332140666541480910327637583764053000871527517212579909704452428448349226496767819358574601327042164122611724379842224581e-64 
0
4.471545986938717501519494491596562321046826929501077208349620164397249581958527269834734414848826251832350209936855535005e-70 
0
1.550390264843368729432262805305320351296599382631448483786056337108629028026337441205135569445091682545784114296391455866e-75 
0
5.522646534279916861428896155187709690865073287875055097813698371651173540270736267280944408436475862946638219072281338658e-81 
0
2.011869258305642446780018715866537053149476668330955405296346216928173199500800134137133211738800466815680737062538024614e-86 
0
7.466560802415676321681635629446889989122881767278061418844842040934752018199622967503700355323488703540971830858708498883e-92 
0
2.813666124799722276161588695826493393613101687676278094299980143252528639824228700494125583642955689241491490217576279534e-97 
0
1.073531952308414631539403965192456958625611786728088587277613742808136753953495051519553321578121771646482634353539885988e-102 
0
4.136848670586643901966490290999836520387711645256804219849420503507244707035803560084733538088631358677703788056570174252e-108 
0
1.606548784464332897050231960656630302761297613577589232075436044396909862997609914557459963708907265961213961824689463353e-113 
0
6.275660142904439215567882744641485923391646385957075992194862726531090513684610768177529258529928657672535863562765638998e-119 
0
2.461697629727024731713937738744191701439630780003175509769601748251673547859544806706308034344962340480631513673163226298e-124 
0
9.682139363829771070426984098381830698548463828253984681658702832522796551475796224992545306674096540979300200567858720331e-130 
0
3.813223422586398777312196077224623168659779554941688675070744605133007815805127258334928876759713833045928979705828561514e-135 
0
1.502042824464270942604877145698864252462850777150752299284467946234102158042062843598660472454766399356303957875790181166e-140 
0
5.911262423117438511722943539328164935530568467571059770014393949698720307217696065079513889523681796819483007399995120538e-146 
0
2.322051803643812059758060585360890354358642568390306781938166642995158293406326447013055946432788574834746711437982546288e-151 
0
9.096716200733168044113093831764283794886699987094049233727705086966815720433383483364018028439618241125020809671228930232e-157 
0
3.551259458062306607574536711122207401641707800905257936323606270984006485832388208597272367962739522721183394358269116495e-162 
0
1.380579930588456774236944352122688997522857908958508612467777190546109309513163071944226852539449286829868459204931271961e-167 
0
5.341304460532799032035770528935852878570107897030625374988477682989874805884835643683778453295054819187502703029991492964e-173 
0
2.055373323620941387230646811356487567380175539169314198854248725657539230112048298064786807649815588248244393728511656166e-178 
0
7.862591710496496920939809819189546934183485097692808140688380616701889639161399709294735590240126879337595766353516251243e-184 
0
2.988595033304569058845797186058131513854939491682719166436329848117014444622465950962835739617671659487763928733989883305e-189 
0
1.128257123392121425023905528097016177879199278967956858461218931696027787888061834017642856557299465974310549525127009720e-194 
0
4.228817034512770136287329884802940457052345570090481218096637044438141989113950731379718022243883595267887085303548564652e-200 
0
1.573058327726892585636836755076107350098167715632124524314210251246795939403356318456922471506901973008126061292503798691e-205 
0
5.805571389107399284065349710761191194200071724149324889040619751325998995969303956799225843306678495235191164065859723173e-211 
0
2.125156531294047234029595410268833594968110583960186608814282013823069630758246505204458930521456145611590751953223458817e-216 
0
7.713751895121915766754825596184364114944289668942939026370726335723596646723534061514247501005048402695208822295099790365e-222 
0
2.775636213077136485628136656384221037725829555011050377222492912375207482637380023937477766937211572067662887174215991572e-227 
0
9.898841730092026331929929630070587299961992279249980896778499334568201774632202312099253927380840027106205095601608890784e-233 
0
3.498184034495324118289366482098592905361722017183184790970224124770459736306456627577945966746132403805343807752383514866e-238 
0
1.224776307873193218818931698920797681471175535948988617079533031727487658311376237429373999633154688000583115269952546611e-243 
0
4.247696113802231725492298755608008818011124373994522468280546999918970453852232977956164111286918357545361984735159508162e-249 
0
1.459036008847425707473545926343889027209095991939989782441727044964902623675202888666561602352768742860862421594009274593e-254 
0
4.962882623825542587949963253118827859486029403378460725554443135843895649310544973689587706289472070186086160142792467076e-260 
0
1.671485405575193182456499543608972179493597637168057832519323646060922552153104854596815423137635073831334848094646856178e-265 
0
5.573424815300178121613373507346799493679628520807326628184158970608029946062157301343843965261653980455311945869131615135e-271 
0
1.839703641106899973166315246558991945712475051763533665887265776218680634136129658362087623279943839957201152288834838257e-276 
0
6.010898330748366416762433397350039967084065722507800333834569492091892885770980007003403768230029910915416591765326794682e-282 
0
1.943839597750813645054066947053292609408227684757376361284327949453165065326591628858002983339309818897817941779306561579e-287 
0
6.221262508464580048985259992005526263029055709086038590279423165776555422570377660254764830582444312951698737372010340004e-293 
0
1.970446896399647743345965613203188158198082148829954920862869538071957216062166218878086058755497712430954483345411691860e-298 
0
6.175801840879080371072224134637523592925038184236825379501842774710722134640417761429385875158425895509181139279930921003e-304 
0
1.915321581577737321937546708957789074528196563235392194091668755850394093580711325026394207481934356529818959766715496801e-309 
0
5.877463060329427625141888997513561984948554733426813064953301025298185023706009384581174938443295940195137510537328315567e-315 
0
1.784517024351035882136100019516402012631490313882034207069034204470178868763057337698564897536373498606884327086209922616e-320 
0
5.360671619303626334582716232651999133712236685737168995610026974539950154687455510303497809685526667496325268937206676353e-326 
0
1.593209252461743788345132939938985776736944882215947423861028233915638188490542721900845821092016942759411557723178534529e-331 
0
4.684583825232767015395768514712819213094237683540558114505736864705630420239317567708456108304054281142375342185582908960e-337 
0
1.362715519393495431214920832062634455149286311677674818636360625754584046614137703894207156087670234924608456142899525864e-342 
0
3.921647932119132176278145865273644503051431510493623335627999183316995500807262152813428678393432516114211778148705468037e-348 
0
1.116493287613824150718699163646820971174680558849018387603683858651356872659737423709790459845163121117914550482615786297e-353 
0
3.144591325161442818879024435076407309713423767938397875075802057259627934264850674448183419703014536180791305023927446034e-359 
0
8.761749127018133775851581259434711057412225286205565657243261550737776575870797268267167992616005378373175545295832809291e-365 
0
2.415100487819161984198536145999643779699383092107179718078412263376222853371612492146367414701924054355464752225800152990e-370 
0
6.585639230768955248329067033667477751038572994190436260778630276911026262873583095924596731716475721412747454747793985527e-376 
0
1.776563489498769631898070771457533570948593735086823106364022909447889650740050171054684164287464904786708822813704885575e-381 
0
4.741179770720753738323079128014079072217701728684470750006186854590611092210760772616066127435883635023372670110662718384e-387 
0
1.251753623207661183537258344069698146895758936641051404424469463213254949677125440360535463711909992124027033595343522407e-392 
0
3.269511287931490883079343988634532975916481465407532468520533486103832126846610367130951776454008443635080127331770347230e-398 
0
8.448586776747168597550905755217483482167828795493149451621329861156743445322358585187211726092551053834180065567836819764e-404 
0
2.159877222177249439941743443155422662727563460498688418556424490673626064423227876762039350041071870832605306411103384356e-409 
0
5.462923541629334827463216319738672602717490670403676290745702454324420540011928472372935862961711833629815385219641467245e-415 
0
1.367036960248130237147226367305273138179339238233843416537182407722812871596447009272880378838473735162544185538269889046e-420 
0
3.384567278780444873262822833807650409303378170991322278257319631913231816074217548673853831822716251962523482253435091954e-426 
0
8.290927429065153358801949417187768605439030053114245023017572713337730335349576417001895955460460902713458816847338918191e-432 
0
2.009509346648008198661221165132027493066439140628891241216648274268930900863093881520624285864047558524475386462672240788e-437 
0
4.819193098378917957214603493123928863655825836148211812502375085456504272355253526299263401683574725240585375834156788876e-443 
0
1.143581009474016022500736261362250933567855382375454280685752172653136027135167868950977973529824169174445307431041729940e-448 
0
2.685216109137552992081384669158678632818298304077795140154436454738123716431385595307065687642618124750573899049615712216e-454 
0
6.239116312825873719448186306310692113225437399010489653231460781245844387383610366041245957786930159898233728071041430530e-460 
0
1.434533440774329430193760804812076278249710109670890348418272159687321902451297050814551233303164912637088066312152768357e-465 
0
3.264033648531808379853622543920538250134386985828319181642343140911006621764846692243210018368102479930886302207434985673e-471 
0
7.349670639423150271810362946151693615758284131867679875133894503807937246898421608256924147448560141366661850954948673601e-477 
0
1.637810646382238795751857619624242168934946238390670506624182001051673790948179570271171028631064803440032361042911252463e-482 
0
3.612065531422352314152667633681314284989033045084304810674790256746736501480072240914029185275917846739756901194543615691e-488 
0
7.884197564009192310918465425656123348159114323466904946502594679493405166711962777134907673162527888843144604931971784993e-494 
0
1.703269620675730531347024857319059017570640388192240201017566486813433659073313498651917515137638323928119562980312367871e-499 
0
3.642064517338370691103744084159181149942702243995907557380911309663355661418263737695452162853108693026642016550670667586e-505 
0
7.708408474931143616585832679461585889244471498436179349482128319478587322874977034769781398458182347422401483268807958495e-511 
0
1.614913884241012685825413118947454037278048063216060164942506684916302293709958982803891215686240370128283116347693186607e-516 
0
3.349010179055756889281339878344212093955238416654141331329758991639350030365740567516048622143940168330428469088464327440e-522 
0
6.875132403922928011115404538227828406073855819736027274783332912515640207374670146416021657617755041826313971303793197767e-528 
0
1.397199300241241479724163851864425041033504644513456820710112556701347921563640082383704510346005806900496395755322051260e-533 
0
2.811018301097354297301664705377427349132126617295662995698444845021477452468138900626086548165081692731787249328510960420e-539 
0
5.599025588559062429320882524134152401460884017141243123330114305590690851133749126346788511591988586282715569405962610626e-545 
0
1.104130097492091998350747060604820299698964271467530369596977523223361101918033840190338531351195953725098331277452906379e-550 
0
2.155771408466290957472603509389266811608864911232827038173754016892442093668390495228654084577260014140472455322553041689e-556 
0
4.167499531646914820913298025889285867803046893115980740312336967389033113889354526623458094702448333358684596560903332775e-562 
0
7.977275809555994046740371698716463073635009839696525835171648901145325191583057014347252619907031655442082197396397105513e-568 
0
1.512013674536505077597542471566552244116514398005360881080789281009050067428952004962551575227464895623595094375654677793e-573 
0
2.837885144492554895990207254149500759562604770469567509542362471775387922492348798443724498105377527085470356968021592941e-579 
0
5.274579741639173574838924644019610034471940639089183924434441099646919212840178028609957388237974412899097582303772421664e-585 
0
9.708471671504966285330071974009829175827199912729336138923297455301763365799611568272324994624061621590374677356632810060e-591 
0
1.769700877043712098942476253381171809284648290125484714164445710506876566516296108216487963699751846881924108829989428723e-596 
0
3.194853264065091716587013227788972588668174948116332062780503340323904182616507098293775694373343256185034577569115745823e-602 
0
5.712419503145772079306910797551100024275615133570035999982006973161919395899816668473720643804849078107091945043194787907e-608 
0
1.011634150664952003974350680045998306618198771486409900075293470846622913041174530399571527391055256908797632317711146633e-613 
0
1.774504768778861390643602570949052969964301823054803403381611066519991210525133113682804999802424392773125991766062015041e-619 
0
3.083168408456641977069395144370468123964452119049700077353531009467722308629686766049748199984641477610137097025639531682e-625 
0
5.306397645070824181659722938351231506506044865913034954209342069112829078560537906813694253032318715447976494660139962278e-631 
0
9.046922531696925802666380880813378938836121673493021016036757677353589005690706096167372620510925428368622198379905108620e-637 
0
1.527976020283531026816375222361708527570795080883541320462920589391503928424782686231876136171340558080034899522725468262e-642 
0
2.556600226683412839799713018323639671037338418723434845707443928006341117379150533670659704343486993184162990214506296085e-648 
0
4.237949039507637160775341002701047225308422236874347905412025418990266798051132793173630593653046476309252497451260724985e-654 
0
6.960031986379445025685372895709435792315980542657850378637278899511249342214739642293746579263712692459850474664232170023e-660 
0
1.132518440991957805307010978628559055151623430171346401118947157194371729351836588422919722638996001199114608712892647482e-665 
0
1.825886500598277888329565435556552030933692420833018427068299876522233099692633813458272717164452746733666939285379672734e-671 
0
2.916839878031347280854277252111952003722850001890620229778244266155551969145047416359340074793632064882698583043249680000e-677 
0
4.617187814133689348643314991148590958769912781817167358071646700623314769631661101102320204496426813802130662996969939415e-683 
0
7.242431780853469251142746352064460098595689272984208719685726034950492219917765271110103038139280049088498252286883797759e-689 
0
1.125768098288316648655502337894633164619027305006955203362037643257885109732582871756098256640346563293276522301059835705e-694 
0
1.734150539861377922208773462522431054664769500505891456232963356880370116233202627434446538144970918178886130384826581910e-700 
0
2.647363734117122327811394345823096922867337063842668094023228662667486202858720967503097012545276796267157766796791086725e-706 
0
4.005391487620437539421738129488665900949976369412221032517499385864376267107923971725140129589253298818846994160820159743e-712 
0
6.006152817223973659049610968283224895909823153868135438467119048391848773300395366949441955503252346406534720232833576388e-718 
0
8.926542876728211499090861850055319423507585381441285244770869314210224051504310033290972900242596238187772841139132711601e-724 
0
1.314985972263871526232595884038042074765367465600022338534623613726694166253930388180052785812592661961991110117041009440e-729 
0
1.920105920655453310179669096943201910044826374240304812109431798825008264624918606361407128388416319999526309446003033342e-735 
0
2.779142188271575304603985467508550333563590946424971604770620695784108616356843470031700029669628818566772260553872444513e-741 
0
3.987429951649457496225983254914001638010170755945846326975291475641710904578044090823719682762290343238215140111491863452e-747 
0
5.671360128576706939855245408493187848524181858511805797878445527090488841552193361723753187098508021283042471530529055049e-753 
0
7.996654189623252749402116323375127433866653606193420086223153377000462982847489845162575657089970642995483426623487095529e-759 
0
1.117818620690259826082005658662906391242812638149006710716310762101470712970269651124364314387044820656522310465797960672e-764 
0
1.549142010831215743439364205803589898334357802292196018387121957778465912922599248072564137787853966933760673316743004906e-770 
0
2.128545085547284415475571306676529457159048340888459426764840022992158241390671631906366405647377578283235271398685975043e-776 
0
2.899752934483880066917134103479013802882332871210608302312310013949451651169875412240882986228190307220881760915040855970e-782 
0
3.916881017535555161521084965833693685080311006572599050780192201739427334999466765415375465940952234055671378776683975587e-788 
0
5.246088912965374233343118332005371881623370769589598144221163121475598746995171790876162117537635599075787707858030196016e-794 
0
6.967249630800170870393516531768025338954210055750209311647687155940320726076671891884359059191528606686634910163670232157e-800 
0
9.175548800943446223234525493148006559587269089416152071577949840085045184781094258135948520704567860528873684460764128529e-806 
0
1.198290465512033891947328319586948061100676111849231154499985969730537913101334567038068171905386539877081759362907647670e-811 
0
1.551907676265199894939607115833734623272883945226986807567615711707652437608797375825732675252397007495398815704274501374e-817 
0
1.993231092809059535841951921330886691587410535281650371223590953263186375533693044255050777655602822654843000365062807375e-823 
0
2.538935186851591446335157420955142635122991950738761287358270707922618862630623349777033540363733548781303277056281524101e-829 
0
3.207464687496670269965461095320676204925203815584512472158799661912459421417983376370015347253060179664384499357564121489e-835 
0
4.018856532284947995951032805508271395386830298145025032300545985154530403823917751401380871584609468779329932482178251126e-841 
0
4.994447317233140449841668697533053552207996630432304468274528125610204324446427436177447956460741786275121476823740751188e-847 
0
6.156453059680868420807435029753693698594410664978734836350101596328093692526410471043846312409226758052815342237283145940e-853 
0
7.527412595539693765892737264819355411930714159649527915427482659627350171736173411119661410046743698291903313169616204047e-859 
0
9.129492079219217372009853708205386698018436061769010853166362928845650935922636247574490679604398890666917753288353709293e-865 
0
1.098365573871671492136374088229330047411470231920951181071262697094042496279380292092855607797946783520123151919838766382e-870 
0
1.310871700695031259209471196858453946315279692676573194600240714962697124739605191747370994887728386595161552766720970243e-876 
0
1.552029398999134866402357278864374028173569422598536490151732409356721231555594403898082401212758484050105029964461691590e-882 
0
1.822970337563699893125975837985503527570216016856480821503099630839678599955696975296143411516017444700950498339102496721e-888 
0
2.124283663199963079315429091168390288108896268889332393854227309873985662099940689589829100012154610897797221007990250347e-894 
0
2.455907090328311787065642272997844865694841619184687937117507557865493882340838205353870287782057151139760032069783505126e-900 
0
2.817027354958003396945462500230697016995278091358258199172823323766048911571278583799260115930929779154944179364415353349e-906 
0
3.205996300166669113595456928862892280772109135676845735216005971628015695412140254564447760792956233936100832417898594740e-912 
0
3.620268881997350197122716020100112729855290465511838274526789277404074071420443231673007660115553633577429166280573277105e-918 
0
4.056369005263733778411002583927826324299634650445932354332899789506944776277593404990836802081211901520360253033589769827e-924 
0
4.509888292766668155538211699065496994975731959977520686019544346873932933415532465730514473034514084483959153317015403994e-930 
0
4.975521664327993565138649625524976829161659967200792295882950039183627694595983266371578268933504975178765683236465430642e-936 
0
5.447141993211369324333074495529743190322772952436268531761745016079601714135040072329471027737512594765147931661752877393e-942 
0
5.917914190516981511106296807057971620949203079009884735508613299488800226866681771773239030995566849513142185596053285975e-948 
0
6.380446947945549690287630108546824408545380658390661425093792244933803922363186255110669650791413791706064685596335077357e-954 
0
6.826978176134161001637512860181362792344414055044224466538962366873328434064238526214174421706214399694340420679354158651e-960 
0
7.249588056104812693222415312050088837497166467828178445635900068419921497315840871603695858822148574556635941500772723688e-966 
0
7.640431726946718790031939624595407069285791362064549679194770215829005125000692287415893055223529125210361596246094703662e-972 
0
7.991982108163349642111332556898689002543535241343320283068725179006955580595898660209823218317476062978232292390364225978e-978 
0
8.297272324912846837681691220047128414579161143185342066838282701694702435258498945480267335032340051477397140551362343525e-984 
0
8.550126762294018796555148345122623179721883713802602508763855482703879112397132464262881509123019785959391324274561485855e-990 
0
8.745369974292192466838288285187855099334154788414160892460378058325128317932878165981008150683908199112494369204399638965e-996 
0
8.879003521342471884150742036714281512856937763623138927459538361420355075955961208378386477627042690149539549933608559314e-1002 
0
8.948342267052515088883099667592575477789779040927685219691762042323607221049444307616717671681419739245807023923363375781e-1008 
0
8.952103643130247175939936250511091216274439511472912155314092310363887327040097689563728359837894243053441923713083311035e-1014 
0
8.890445766343787564805940978984377026227590164005012756117965071387786997423801343785464932095861159413794876965244183220e-1020 
0
8.764952907307425359671675280570351624994519465957424860483260968787474713528628022317617306865122836177621149388726339898e-1026 
0
8.578569495929342146957806342603757111483108300734749193174518000961691395307684177296093950188746817702268721475467655134e-1032 
0
8.335486427178541148865870124454198937856313864104248314652228603768074373887219605934842745938134479528830068224283901822e-1038 
0
8.040985738858800904214986787469592763514595787704773470725980227775085245489616825030055558462742812569069294145279916370e-1044 
0
7.701251629164334105016584907271216625148939306162083944746465653864036671423116921079645774400895532815059432782781069272e-1050 
0
7.323157158539706998603912564145201667362128717007515959468381531174586522395739036478980324817116708692840359931394308319e-1056 
0
6.914036771243745316316663176753540461374284841102809515539645421696966227485463963580284219255585105659553635473119815262e-1062 
0
6.481454954712373669587068675398019225510578012686251721508849768511048964970990933986067525433397771771483154431892033446e-1068 
0
6.032980950715463919806915404935910851997188153089977323591624866806512944642066755398687309221669730173398423980590176039e-1074 
0
5.575978502348028611976914959111240999383661333780341368582811466353901827349323920758219568567362772230761070838247302310e-1080 
0
5.117418258406184041687718476678494025569186664269648280105224973952771961577312847771458908288372370101134745036811817071e-1086 
0
4.663718778016122008447252139216456936108106568809079028901627771987781143003047351940055476982295873393161591205136805457e-1092 
0
4.220620212332613072079441023562785775010955339463653194545854784651845087912111868115687781724482718713926443464610327952e-1098 
0
3.793092817304850357505987820554253427791591866278824496218371683894804259953989234047062024165709361037146287332320722721e-1104 
0
3.385280594404865919802541594264468362945025947151950328709509497474628093342645982169246923575511793274854081623980185897e-1110 
0
3.000478670886939389975919504062568529619317223306394268268049343283650090689072608277320230705778516328864311593511219690e-1116 
0
2.641141601088951269449747421743112117135923300723628205558915037565110804629503546922096259812582222709116442168314751711e-1122 
0
2.308918652750316868022647782607104801066604033393772277195745622560689231889615987897475825189189235307063685257403568714e-1128 
0
2.004711367149016389073377959412431897632996929833778671957291725400794968822512575034828598586643280649857999208814805234e-1134 
0
1.728748252633000172075007006803999042543629033978428884182458634051838287098962403882515181039772692552832640101653094440e-1140 
0
1.480671368232365728980196730679402372642469438837159269929860362742608848928582749431728676592689770379970385525983403600e-1146 
0
1.259629739186148779185173916538282935634205614245457391494623314794619097978364694298773390865366247973097705655425401854e-1152 
0
1.064374967739490172168623433378255131211795558343353510256163582202450855673874519887702935809843242695197332201491379148e-1158 
0
8.933550010522526557315995289903592268512209324678646412322304906862104881165989012374106447979768523043668060973544214319e-1165 
0
7.448027317232596763918354362175793923861427304847784136443664433752442281286900365539302424754260666636265858900369419116e-1171 
0
6.168168758417226434420852218120746638511402993196094286450675544435202608632071434836350418531169408536447261532953877265e-1177 
0
5.074333453369423797434565806315087726057874050406475167999493501996657672070861115466367832238164504059862619270806465086e-1183 
0
4.146860612511158978132910959904329383549181792244860995896385024126336897249916621796278040279563453207308266185480659929e-1189 
0
3.366568083461350422893617947619610353343597175894105978335612361265322884665119599075159898049248511173364093167667080605e-1195 
0
2.715142860089263436301975873631175661879132261993314285747281709476569047425492766661535470597736025977803641429261108099e-1201 
0
2.175429530654480958303222511568899428430008625618566989603006021999040716502789275866340662728950709635769224089290361249e-1207 
0
1.731625915490209745513307896920136263912006451303959877176866563120964511090271174497726995044745018256152794323110180055e-1213 
0
1.369397311692305505652447707757995481054894499448457015801301660322463542143509239883597985381179052618721121756978166455e-1219 
0
1.075921925894684239936016330187057875070957426186872350559992730482750485664980112773191969039803677236172624822761598305e-1225 
0
8.398803804773290672138138709200521811244064897764746477784501910470930555817608173395792341530898183745159458816609519457e-1232 
0
6.514017894889765963243154900549222637630520514216145418390136797989462590447786795850971885723916693988717682021578007348e-1238 
0
5.019779903626982800416771416788233410035322332650256895162312841183034981005010462298944696658750103582121387171499452265e-1244 
0
3.843562517085361158276602571782169774282496967425242672248916239173135510572471705646235995504174705052952246015897418227e-1250 
0
2.924193055313271978148151525119283052913556551421330964768074218429752775231358738136419205124129689376046797199065551094e-1256 
0
2.210600013518802804425890473524099703150708117259772908519828271720130179218764075050911117309703408824536367012370747362e-1262 
0
1.660563517607042989349319363082072325415651925518360723315875378952420199255974669927993811267197433551839351528791839067e-1268 
0
1.239513098426773351765258314816145820332126511834643175855461844251455678121686309499150189497318910913324147802342459927e-1274 
0
9.194034010745082662094286760479828205625027787651461249875586002097025402247174269993031407809935364862265392627757177248e-1281 
0
6.776874575383506654299211250170864265382881080707285135121969875507446897709161502975836407100102356557057685208628465918e-1287 
0
4.963980788609284144227873895673589179740141160182376594479010062368500885998240119888845927707369165543370966888438836500e-1293 
0
3.613407411933856913651584500925825124820690827050269040463285191771622902839393586159789312931454263987217694511506513549e-1299 
0
2.613959202345642039948236602694889910247014479125406330234911445023474414923166052838658671973724606217751901925646719390e-1305 
0
1.879249752089495221952917711843340655256888722217959938083954468618607820195807441950620628170154314259426887749556137686e-1311 
0
1.342711649282019777011008194696862112153393084519619369259731415241191655044829481091798400788170269459437486242931029698e-1317 
0
9.534595104990969519696157641289302254873804297082374896189759268279178129679353143251624689245490934774824260576134953254e-1324 
0
6.729017064200847206709784814252797505327599420595775501457906013060280472957167313121853385079943569959104205604309532065e-1330 
0
4.719972443824322380850208055948791662275002962272530814522578251751234129234964371542270514576235146909108872135870991451e-1336 
0
3.290593896748641824542522492241114303697526939693098254802178052810734080082928569340865531338708418725111452851818062572e-1342 
0
2.280156132546431917547692640537371272221347755137614674715143273989081564647048562421972384631148540396425714042686050098e-1348 
0
1.570430750790673451530144597385799193236598008395302602499199393313233071442734886276046810048088992867000285663913871576e-1354 
0
1.075091145460855164499900139052660912866236312735089254806897720526367541545363687581957068699286390788359377013667445612e-1360 
0
7.315641313632828528514752500939855651228419820864694257535828822579852937859661390585228737123861693585733671779690221227e-1367 
0
4.948213541179962856946253139075766926867039582855815107528000865531696022988042966233064100734615374244861498829664480423e-1373 
0
3.326914285664962902895610814751647948373126517169083910345737900853599292570796331468302105039770284527556245689182801674e-1379 
0
2.223515338021770228536756434075795069343026488301778933177504769419822666178705157551248340402099212284208818911451095054e-1385 
0
1.477243642372606424130667780257362817274555636201697554757811568863481136862644428798131395040983602685466324367195716130e-1391 
0
9.756312618081417972569259291927503032850592705360170556108661759752404482295363029153881440808754636573357696076188513926e-1398 
0
6.405439205329708305927931739543675765405761570696112542145330214262089563435783215627832061654122527874213813992445659349e-1404 
0
4.180707177197285003591853453023185723968655430709401415942201227667022595320706088328982241066648082896727362551346682190e-1410 
0
2.712665062719953644120127907551664256525122826090954064936961076142337306165973120213586952834655181539141229459683073044e-1416 
0
1.749830963101315093412947437993446114958281551212797414510483380410033540397816106844987747072833711666980744924573877507e-1422 
0
1.122166721544510130226969125583267914223078045007205033344497865053173825856738592366051760291624331958814913874897056671e-1428 
0
7.154641215029402353101870875885926825757497694454705605039850636966012281645487772952708174594013164075409337572385023306e-1435 
0
4.535188030188758570434452020390119207788636668951430397409890359607864810573413698854895001852993429900823581175987142611e-1441 
0
2.858165883170606149744325587737187794671311850515808218351444091076378537656956792080471189382389795078132939711103548914e-1447 
0
1.790902521702758012840489459226296324502278857008024656612815896798409812847649584541145798510330768590284653071220849632e-1453 
0