4.378318451193180489223148862498862371195535585944814354607500795598606136441747047243534823501686517224052493006347627498e-1 
0
1.551274096042253079775803935385355374641274887976243987659379972848689012645437072725023064559386821264768257284865786080e-6 
0
1.390172389162152504915085055680879944578580255878978579090153229206081056107088631291397569214942806644564199775739377421e-11 
0
1.770932470439177386230952484868106875043545700789664375162265111824253824364949759285465469742807640147245741716226620358e-16 
0
2.719741644019900478176699135243021359515777036804113513090361559355001681421398260261229534678986754203623879230849361925e-21 
0
4.662443369340512573806495613764222290448597051941867571795780676362045696598907536312400346926907609217065532079623804018e-26 
0
8.542092949062278327046690702324125636006227262183277136188479519740838225855548595026148629548672977244401407565087885842e-31 
0
1.627522901129879258877349943052850353006393305879337246097090214471153208641011302364674608600583487876755919197044401692e-35 
0
3.166380272501481578222752499138898740873402868157496276025481055063268386090098605116240274779154601407306711408353595024e-40 
0
6.210297492472852590479200216358119371978528708823548138241924877319971196189899682332976112073727910066079181869984586947e-45 
0
1.216623778652496250525176968648924534345077570692308115565499376581625017038009126080357036616980532398930398199708874184e-49 
0
2.364406680108522598137822771168202392816325403763452498861474703590249258009339582276779581242358682823565789752778388584e-54 
0
4.534966085598720928986791051029163402230545284348112353878292572710187944712533828219587061195742202327526617811096880318e-59 
0
8.550856187808317502071284170242942883721545929981048818724275729131543783741945284596557904894845717371733190456155372304e-64 
0
1.580237350044583689547293991081357288034523253238815322716974404797751422570000629321984580104884279384201253071820631002e-68 
0
2.855648745507309619367072167681935434906986263516176660540582902259178558256145940011982655520224180753033181892332243905e-73 
0
5.037084554360470866256376239094197587021369074387535863640248821173124024258209169371715305640131414322708493702981155213e-78 
0
8.660572752221633445809752033067996554652792062041012836095705771494732638061458042785046394748850016954440433004199652134e-83 
0
1.449934576739180009150972302325687727504668999088364736578474457737991189385614315759877910346826397419448707145706434571e-87 
0
2.361770807912273125197849744908001243265025980187846949855946049951519537606397960689750528396346307852836015205804681696e-92 
0
3.740736605311063935374514648164588303083423791201995803188343891038166253205295020908230108056865992831552648309670803916e-97 
0
5.758654490280355728029857002680210843391334990247446674623078498412978633422090814739291956858634607699353915227669853978e-102 
0
8.613947757142310797776553971824693813780314902888997894973494364006029004649492147703299195055962129506604019172211302815e-107 
0
1.251759890511289530233911581485753378264901254141087466984022928729369969094820827385782886175881254433050664968622180547e-111 
0
1.766999573403080878234633225623599782822248796587567222458475805299473181172139125461461267307087855225877791254315396767e-116 
0
2.422920879420614166108192141759137101286345117120656621879449506460333413576705542933409515821590227998115370178490700478e-121 
0
3.227350810258718446104390556692742396040558321147738838781718105457745709230372119573730670165946073899659720051511547701e-126 
0
4.176335752482844958061178325292261024486706699734336170466318598433036610141573095484509906331174845499046455565649810997e-131 
0
5.251006705475250618713046505575242496230308652475402139435011032873968473516522917503460211804677189676236721161497238986e-136 
0
6.415901273726326132859731702917332456985708616112495353959370715837787256461794243860850333723159497661642655614186497733e-141 
0
7.619428956367207527475013643853738745527204559950391227404390428950336368310579197183838054578030190073081082419672873619e-146 
0
8.796868169321333120545822522268204613888527260438736796586187236913622997914045895987273968651999227962983608074956532280e-151 
0
9.875830337725556193517383133071653324914687143855016629095159081472989507352917660524327449995124687846948868818263210139e-156 
0
1.078361039798453732253251214260199956649477311413465189749645983118041346813553118662425303319267929239067866627432201645e-160 
0
1.145538916491689160455358955189522248019606179480574510331552671612352342539248248396578867726079526199753640383919224469e-165 
0
1.184198433028437608914647994415681701940444534465412533290425506056846200975972085583961174966455246087744655301129201244e-170 
0
1.191584637845745580365117977044147949872821720808941164172362029386698203015583164353364450021143283235711324926083550216e-175 
0
1.167427838371826205849497654937540127966256814764178434097672512583798943192230706584426514349395980144784998769417569311e-180 
0
1.113936400098627872161528504099092009817037433505459034889307741071240349034793157235142600446305063669300138751813253847e-185 
0
1.035469648407552837881886692142130506491477881263873658970792642522287668309130312010829637938995714069924135969269856693e-190 
0
9.379569533104448487858491768625738667403727963027560525344614012283680394140018074471690598520715214025060278594367838388e-196 
0
8.281691325287220290138384236939412337172579469983418824317928908178181177290882530557150668614216761376314123290012281018e-201 
0
7.129639954048312163769066068964114263915004786556360258560579492555694217372313739219520337968114153745280286947108491673e-206 
0
5.986182104696904638328995130542677214436683356225604698108231057903424593042839156722754761370404446737633792908885781621e-211 
0
4.903279347081442479075808885250035629895799706537684408346692595961364600498035256196798500175909379487257208925082956581e-216 
0
3.919200133473979444592675443930367089103731282044090202533082816535411181406954384261898079391813850942084251385438507752e-221 
0
3.057742934947338112522855168018319167471255009181647080070616158029288579092077832630131434387794409566189317657084715450e-226 
0
2.329242210735574167161145627206961488615118692611746397889257089121465445992819460022775500238679881455463580756929304808e-231 
0
1.732824543615581049056926767912342998831164840904861517213127626481918688901845459052120925527229027110829624272071279373e-236 
0
1.259318228280358531891054122603122932845596255070453231669830152512357026305665474841975631740199165779659948120199030572e-241 
0
8.942739351724769875069936162757831495383533404801765513746814813904742598359888077109057492496212945745589325818529797928e-247 
0
6.206853988089793673032790471090549615406409131717920016111903409851329818335764439950675187035304930038948002626480068615e-252 
0
4.211613105072576993019401327877827742271479079869070320986017291217610902414196527681905953150016732386940621243463163742e-257 
0
2.794537161371867509345712398369923441073309918225036844309102876446543539106663148223256133047413315893097379314195818140e-262 
0
1.813688312221765882938540181534736278933894169673846126969077893273209368708793274644681883422179030064957625481511515142e-267 
0
1.151627364968280251976698078536587356339504040986958281723938485127218342103089214353510875615986955198286376068612617231e-272 
0
7.155852948828616997962101479806486145781021313569097562678016414743463483264389472808012736307306159551125268008627018664e-278 
0
4.352240035081686143159724742559512923875897086317224318587157924433441487712917467053551367614429112978971322077119874014e-283 
0
2.591591250785114175361394868393642959072876667596934500847839486444950778069543048277492283372426880625310330375214100757e-288 
0
1.511196656096406322253656652424660625121578118547758664908400620600315006102017486999701051684791322563342840915271275681e-293 
0
8.631240432866324607367699508707735314262384085857890222222519388267254711314820023070092937694513321229606302722922681628e-299 
0
4.829681676187117403042387817923641342212573275162760824082181354335069017448305339264318441188226840734344142914835038083e-304 
0
2.648198658575866321333293377772365360390464604862146717513729085040332531604886344412736720773790478589203636930209831982e-309 
0
1.423185405710681616944820062315270266384362702284097895184353559496005066944056382007363713452886964510800987733968944368e-314 
0
7.497937237661783359940777942979053551376456244094864014974299777183993431500210844023625751661355702998224019125397679244e-320 
0
3.873294330162299953568190904687617146099813140991122857850444981940774540310623062669063299017226246337254790023137150470e-325 
0
1.962298321470587819569573730123012894934586975256813801985336346928152902101094510884471282458892572918222372541461739442e-330 
0
9.751722762167449399765150427485545838674619762839037135256791344367043687261224658935501615630936779274482357326456937170e-336 
0
4.754599163055222086393771212855705504043950390606854442299568952680003232613847721884041780981885049689529803300354047727e-341 
0
2.274813188250492749295527453742950955806872061227338282046279614709775235812258810569208100944071218728470634146990248635e-346 
0
1.068214367207180529462473881792534299901001270577672886471150597388176655608754660631199114450216394038230387681003076121e-351 
0
4.924159640810089403976124442467346355769792840898312591868719291992656278838564867683538187772099995039267759068457855355e-357 
0
2.228669509322966758277706663604835842227696968588827838063046626457160912025184257817506265145734868978041856846175118530e-362 
0
9.905502490867429355786332001164187769199633722359046187624532572125733819407399233234424976245373189087189802852005892479e-368 
0
4.324150241982033109440216130256430738633966999284394512314589174423849204479032886679215932112117921959477763054231180736e-373 
0
1.854356770315282987529489358210371240985197735905946934656686718654963378493192022444080816107945502322051182690294408006e-378 
0
7.813176385837356656848227448585729660091891232639239451160615881798032687254450562397682529709156043623015423286096869299e-384 
0
3.235013456285324626175269004272068123795788344200044070648820720817317206252242674442515828749201428584627626865665565078e-389 
0
1.316466383126810112395334240951552722905725469611090690493392306842842633076273323535385750656984490444283232425835979810e-394 
0
5.266214807978069325230446243880076740600205343814639938176681714413192980350185282403571450933375409106001841494747405992e-400 
0
2.071148333547464287389742353897191580528305146134616747112066939662127341782117070684619825370464682416477821582702509103e-405 
0
8.009681572743904890947038079577810384750345351322456922826274776148794451115688663483306755424060744192426284422381149791e-411 
0
3.046331520068573930043471569363983227125008052910018957245695077278406940711613028575879887665900225661184471811832565253e-416 
0
1.139625861755832842205065683667827921677834764862336837901533580041291766803996006359524309695427390995521111569568839300e-421 
0
4.194062747351320873839238615393663718897635853289744567549391241253307990399231034004509193160336893098492846246288691153e-427 
0
1.518652009254027226625296464425521931288267616828315905310825200312112487512768998135696355247454239298319390437466413622e-432 
0
5.411211683708390507345366110182860293869287802091222969458943606441342952113718563546371254479900806340173365834523365218e-438 
0
1.897600861713048769816281738497473592500258464059509229375849393683472826064500336055370458761103721527818912909875088724e-443 
0
6.550123646908669328155403123385900601043533118957566658523161826105710397433697773805596275265743846202740990893643318729e-449 
0
2.225807686705463256608587588373954521449359609467799166567966349510183816564954753755272394953700461808727072142712013775e-454 
0
7.446935070817639740203257722774668343590960171038840379783567867197187975601505086916502267616931907752449190977672432598e-460 
0
2.453446766402055056369894769720471149982291171616717641132418976996587549149594821977479195299372280085033921851792445869e-465 
0
7.960517472864052323161505865031427509672546723360635796950265728020358993080043195010394007679423729728841121495936576924e-471 
0
2.544058580128679371216262699834024247587595342088058904450505038060281234657817301777458944158089350670796477518880889370e-476 
0
8.009192840136349527082781018317234359285066024152974975014267237623284497403041112078459109853952041778785010362250317390e-482 
0
2.484162879838667548209063384191730745872234183355446756103049636528499848441628742613990352894140827480528757164601195423e-487 
0
7.591962696041565551620373793713810148189674641091664142404690089235029434564618535649064420903417065243551768390369583184e-493 
0
2.286456447936998409633956915108359154466647503475942317943459877720542557769536066133428704480086479780663487468248336088e-498 
0
6.786690811666006309296003027800154274110725585078114058259028154592161520994883648562409283699226103327699365576356958608e-504 
0
1.985592245284962769385249647942917510853180298348249919199820870767630778620201396098253226476030015582220412934156803957e-509 
0
5.726757468311790817721993191000352445106840376095317371462842260388579470167385536595259569581131775323870749726540708604e-515 
0
1.628408380203520453204674353918994650910684579358623982201850498117616624621862293607301342399676146540991849217857719966e-520 
0
4.565643988610658610304875701861956533031477906861415758947224651179157383189752161767621236387146968921263771083228672890e-526 
0
1.262329059350134663265054578715347663080106029445547808283807053833572063038430993887364519968928446424994191181569225690e-531 
0
3.442087267159123615635935214255457292507943652991226380907447708211274762160376179352935756823859491801167316964561256503e-537 
0
9.257552519995809279298849522939487562590899318988301392296695789097868370194400373614057165137355818510911918755474886580e-543 
0
2.456071910275358785863662881105385633790476191128636495641678773268515389504819560324660699338789575258361469433855317375e-548 
0
6.428378957323008508981191393314494378537773552095574146742755401473015470629507464366282839772110940946282551528124425905e-554 
0
1.660051752073952770941321578478748304871001543973926891110016812889443191493847826005675754940289695418411139345838419375e-559 
0
4.230046851783349803358185576533213484224720230644957683946118278597203004621613460816778139593977464612657425530735254855e-565 
0
1.063690128642815444656508765039486615954614312171871604881536881275676270660078452746504243669101863018020565956012873548e-570 
0
2.639817347424266270664805475936722065571370216002369814949858330983186190452410342566915627521868600020789234685701133184e-576 
0
6.466409829492527524588837944726411843605397803048051527652660822481102251392376362975603089709347815744153294211180967578e-582 
0
1.563595402828607249671094915362251483158796275064795072610193060774567692457737846302014222605454476535381281974944770586e-587 
0
3.732484341466284411956316009428937833978355468165289948539591475110383389113432987125767175114781321252855033492137095876e-593 
0
8.796788101962608509869940598333076387015719628213380035806237847194510533617851439698486307462507732195514936432528632269e-599 
0
2.047115364496572617286972442191796337013731444000726076969897208919271117433216694152750219546185532939905086424649397287e-604 
0
4.704262401942305225843271546343098759858735381987008612641027123936085586506710207907197765758744915121956300087608071989e-610 
0
1.067604128741452021499579974491323397681446837852105088480814061461862186721545018596520455269752946469141319518446605406e-615 
0
2.392965116379713888243237061675796489829691938883217630159639391678951669020965237864642561934696710144656843336474675046e-621 
0
5.297943573843223198227369069196884244717236436681068070070354590754507825404383196810237826593982480285420893291257451472e-627 
0
1.158670759547571556433768266359441495216474430646352813664291915624708306013782484312719675978894335731047289951890520873e-632 
0
2.503404061838974186463243569527347465915706906612910211955453951798205176723208551782932743192788540273965858918343165236e-638 
0
5.343871317696469775490001873295042597696583243514798872676961645823545431064517669391238076049777944625348726970594648733e-644 
0
1.127121251987165385433608604822871118131929531110637304356040219534414597223803320790178920856788235220825138285216757918e-649 
0
2.349145428305677297602987901963966801827152780599833730116268177489356468889164792040718830479993840161473339025774851335e-655 
0
4.838473215639879588744938881025699071504710862163351030875454423014806356825770364348084901303203283802779544246035616868e-661 
0
9.849179673715777701643924191626124198405386832028049972082928844933201675004048627393627538960776779650793790513630704812e-667 
0
1.981612484155040949716801995919547417630023388157357601969208382942497767559167167808311496604401930443161057568814791208e-672 
0
3.940919728211181106171823332445422979176317874465987336630110265556681173023162467196179036997703597964629321770161691521e-678 
0
7.747640388940597689751411923341777735150775350336381059647823759035902510565548398785564924533967091903374287333995134407e-684 
0
1.505798042210381540657141919781937721680005089572671731814688904267153802638363425290934779982827919113141974327178437346e-689 
0
2.893486125859352561235119721720367970507278362121408797656214041486665107233776553978607926875819337031366684718495213277e-695 
0
5.497497966015569765454667668789475860667779683021958461976011902025094774111162323663695372683613510827233415592220177340e-701 
0
1.032830249531375957002115202748316275009053967079970921341090985216817613608840336289433687821447916602285926305539915200e-706 
0
1.918862410704262512441182720766884701470235016769089165114965248834019499832303912672023307245690767937351871512557227042e-712 
0
3.525657929952698064609799762460668672528146496402300568907502399608630340794328495434922141110653980080704274939832054542e-718 
0
6.406901219841898412778603306084076539321561611332208727119260478327658283586464008323754081302585592117191661349548191429e-724 
0
1.151587916009963264067903921574089694731604609606728370988480058461030369450789059303173281026676613379745245917992838543e-729 
0
2.047466129949824700185671082893743512893817528298040443562953429914853902988119135577237821833876021012606888362300266624e-735 
0
3.601105932552112126047729478205861888018307671700401817400575490756718353789938818544132674510099621217952544001752617770e-741 
0
6.265897008493513260582658686448863963876765930215170755605475622409410247014687600301080545853387285613583457046614045203e-747 
0
1.078666252373874713774845296175589381340060013831718117824559964235477827414505399877760804074151017201941649269148062521e-752 
0
1.837280136461539169666090010277625666592073059971293182509535562756840810717223154813162484668542196151163655512018764026e-758 
0
3.096533287158981695837267261577779571420618853384947363486234944081889817150429821951795079166277623176102649922329506464e-764 
0
5.164348283124394898754700800715251721815812018204500311846556717011891434341705323360420827452812376852371556961568359399e-770 
0
8.523573003405744592379627655292356543958067449199880455685721866962066303141545081223347038408668178776441789511290649627e-776 
0
1.392261840433622420777653150097550501536374484108688368401088956396723163825245519551704098956646271496049097482039048022e-781 
0
2.250813970032854035081316363954625266784079825070704378153030630639874045396322960885500884337754219832764428291907758709e-787 
0
3.601669043043774987086581069066179364808758039188498098408026362964295738050004998387649545148633888383738677368633851457e-793 
0
5.704785213624614526042050451254709454427347370637013473118718967452067804079580763368823375810847590772530848658571693119e-799 
0
8.944819238562659960300239307476189250668931014493265105693547816349776216001229704715220668564185364510608945817218166213e-805 
0
1.388435822427969370733810214396566926079706826491951405906470474972045462464027372659678807042877932569168153570650832106e-810 
0
2.133668446544684023950786706210277247460533633477448053255883102721930402085318234300305879420163207741663908479957886771e-816 
0
3.246381659742696735712784454597774642973566308306434537060077079240987214716695970626143660824243055401599875269663733058e-822 
0
4.890667016826120623460283659305830702158114124897429764520812575266098791462659502794565143822478506736121999900920604590e-828 
0
7.295525527243491978313992115986844307632971971532427108229904591307977060448492301805470987989636356497487035179209499405e-834 
0
1.077677616202590797503361163203639324242511011175400599822406320886839010421745237923536079585552821358835857032145174855e-839 
0
1.576480138087627572860363315858745225480391267277920300672776790011336376544716584288027996162975018767644108262267154604e-845 
0
2.283909092650595160836645860330547774370871380455783429937160393687154656381221200175500116593302653888711751450411563331e-851 
0
3.277048351592824168951449414512637125242795211675599257406441810555550500712065653507540437338284180334193563778585236750e-857 
0
4.657184239133329620570627819244870831777877791954859403097915057999362136695343321047105276709140612614984369682599560711e-863 
0
6.555760611770197747020350404737373372313933901214678653162669846233409077424837139563152181390655164813658918890712471987e-869 
0
9.141220293646393497492263897342604914518444731966290728002442742846514899700131330659341196848947278501976237021090161767e-875 
0
1.262666826804516584944895223177959703660387102385774872753392878287353708107030283969038943368665871071452029834032867760e-880 
0
1.727820913268664849187783085727513083916167655531459155223748689602572617997358179858237129904479956161452504748212224934e-886 
0
2.342370906940558140854300550307514973378625585333072308672964422478228911986404512409489085885240628601531855196689145414e-892 
0
3.146161301627353133798438374693733868658736226476054822702331970049094526643888207174729705507150720527637641379167514762e-898 
0
4.186931536043233041776455989883500922956757088932112003567584259735366914418739150758227658569469714378989057589840451329e-904 
0
5.521044458878578008537501247137162355196447232747071326921045840172026135112759945372796010259955989539286600749483918378e-910 
0
7.214028918720125747233772237648475407072797895287743835142697011409746521923626447625155332547186082467231416521874928336e-916 
0
9.340847672241127676301112591876466826872465652736160825560241396691282472530110686519582251780438139955028811538692641000e-922 
0
1.198579358316031256570347416491622349196716003187778075594564854242727121547733805908695186376374789581106326052681193301e-927 
0
1.524191385189243471606254607875748862589378384005430368682877300090055652319252196120944117196756688138550596449997133384e-933 
0
1.920986544856996023898679036262374825661126279469977353902649985272591270312217431735221919772269727243136012185618869517e-939 
0
2.399611652843628512712138066179251019724273636926057870575834916720631999382720384786154099753781061652985982078261133556e-945 
0
2.971042952903856014103259831218857599150473798634915342272992218828146693550142525478607024715443965100887836002730221537e-951 
0
3.646259244737289379376873472921893814777170892991920646460406422793191728832651460908772374241874933207980108563034475479e-957 
0
4.435840526414845944595515627554550638738002477558801828221681531807914316107454665579675200703744959547518838247595437701e-963 
0
5.349497748465847774882321750266548087730418037893681621394372321784941882946052616867566087002117151454194613033596405326e-969 
0
6.395544814493735199563675861568991740279773246640103036963012404929799029088384368135764679039354491870365097807600876655e-975 
0
7.580329821258211924643682610898985134520285694001678772207343565489792191194768094238017910342786647324083491470512628837e-981 
0
8.907648300946959617013367638729874621410825266531485091983169477701613649785314354946740324329078732261874676554389055750e-987 
0
1.037816643329505860180631309894227350631021091300522520377475657988444596959727451745322356565873872647958665159761303499e-992 
0
1.198888632467670558515501977596906536569696487155463476619413814700109479193037569388871665998195021039542372362691597176e-998 
0
1.373268800407297057649787752819099349073896000467502415337933041643005164767582758476184516262616211212742710550002660855e-1004 
0
1.559798331952159765257790360302846542998957167807779246354216665259293652790990632119231075912092461580716881790464163526e-1010 
0
1.756851510048248816353175493802885390089321996334917143935063834412628650802571193784072760442985308964927273552224195902e-1016 
0
1.962333060491745368346138024677003047796325968969632870254076219093415003982213762780221051697916575328624547653372514630e-1022 
0
2.173695141115636637790701910586119562356415286746930216527839641334208827425303940495136509332546344252330538497999149236e-1028 
0
2.387975277474418563527374236914470307156402376536493702511502855095398673076599660415671518766404928001580988444043415047e-1034 
0
2.601855449731295886253069568556558140756325570718916698913677605759651421173917794467550503148825217956423240829029465828e-1040 
0
2.811741319375990250556791846467245419563582174215788231679963277149037023239353127647742542552182377609369130025395499791e-1046 
0
3.013859329839266219514765972774571135525436073741400789389531763192430401320149193872233154325350390017393307986986276922e-1052 
0
3.204368212034777618021426432010849335315719128693197508140444498436777691927418359973983948052950818861921584766432813807e-1058 
0
3.379480366709029675587338779326722372911640050784925753238002781089151340410026259316959175871701826584547173603924647353e-1064 
0
3.535587766800419622670951440687181961150354360950779680674884735174243720918933241391322225540090097022740366587375816691e-1070 
0
3.669386497564244451983886302152372845055130835999134969146159311707429733362750797857703125940268983984008446132536826289e-1076 
0
3.777993881840540116472610547072605448873281406097354806557947019986731245578588488477289788524775757787417734254273567035e-1082 
0
3.859052348003628228903871965412216111460703381882106350736688411148013364230945289780420625463362386995109173387589264449e-1088 
0
3.910814784878608176822701020016219049178548706224485262472808212881081534843048563628956332745810455251315948651335268118e-1094 
0
3.932207057471534987205481583956877945405010827961434195791891609405576047963727012037769447713503059274856099424661121275e-1100 
0
3.922864568581862041115283387522843489585136966126110280277354572099243251769786148963232351070703240199560722434897249957e-1106 
0
3.883141160722385582113768685624404448972056385937268432275549039777123012650471532061581336561890681271624245192758850744e-1112 
0
3.814090161475613539280960558895309024210615777801758260581871328501049276972912797926155472226913527636318855013436973228e-1118 
0
3.717418877897618562242923057818894102256556448819945084385517863056975441011051622946725329555163560606030424258123443724e-1124 
0
3.595419238485323136496091982023062522611534406371842415024491660313032592014082862345901349554631183877983494949850849092e-1130 
0
3.450878472013233292430082199695888005999716071381927731894970925041830601266729970749874562174317949505707943721191489968e-1136 
0
3.286974626881360479005874241685092386908206297856907754582287364568079816438690924759721543136681197571996012213292730110e-1142 
0
3.107162321829868421550866004663854262617393872253382690418896364120573953274676891419574957747880903039656196843588999819e-1148 
0
2.915054355086251113293803755958847428371137341851751818584791384078273206656002628024791144975723198298256708958145899584e-1154 
0
2.714304687689483247322727587549879669809823689244468374947918618401838799284829719479482135470783056467631064215052599060e-1160 
0
2.508497886816238735732455276296316218997134197337790481673881596101026923397380657020665492379835066854487402781685607585e-1166 
0
2.301049416796566571492647241837476827957207343012691826811494940877431484998827069744000346440276676044163184626322423613e-1172 
0
2.095120265365902598177041886754366185692103620017887526947760228819573038144088621589625586229605798542700756598001234011e-1178 
0
1.893548366056510672276159553351665522611814038778410957932609697778941307834507782496301928184161643055738105606098236181e-1184 
0
1.698798202468163238314482695632797557565732980622343759153208965723536193873785630300515241188919321610165537002563928749e-1190 
0
1.512928930553119960726210544484049044264421561857751963567739203255171439581601814594235981120083788934979049243169374798e-1196 
0
1.337580395750030489071186568081706436710265962314477732866813937828655700449183931961431385553945517417717468991127720700e-1202 
0
1.173975604157203671268115968083803500347816391728598222114992603482297475438219830423853083544313770924198576453502887392e-1208 
0
1.022937566431877052983105826933233052136408135849491934013749062016122578809801724493269606387637085511376609032575869888e-1214 
0
8.849179885096953126996610001630758343098668418754977411206094881802919565186950325129778995775311724045233684769734889073e-1221 
0
7.600350372754405705195551701508878242213490060951913811526164920522004160139264253225020345382412135601771351000193682450e-1227 
0
6.481173505581705856177041725632098182723982890810438057623266533066854311543033845799015762127044322956173599945262219700e-1233 
0
5.487515665270065017942355692869882689375484897203315124210633240355364137472261103988578233822106226954079766605069280138e-1239 
0
4.613308870142182574457960524511323526975302936665410812086482760499865313070363732620536558500004298556767840917745431537e-1245 
0
3.851025273116474114995847995661374392422501517760160222398958764029924813376478285844946496463656563378880259746688276147e-1251 
0
3.192123052570469607578446602143393050003456466539444097623210384329014977270953020221521390070929289153644966761773396261e-1257 
0
2.627450503735262462114776656083170098611810590042865348361415827712712961100585398060892984279497821891967225284697024144e-1263 
0
2.147599388764777863736638876360239467011881392154415832314874588044685797544315405645445748032968969892398395893161703746e-1269 
0
1.743202574996666240152346164088357487382629550963231865889867691644192039657912632956024444296911227337303967280193198578e-1275 
0
1.405174496802547425957171448608476383483191600947126056385603641084054546003469254335119027659256057248426604141647691085e-1281 
0
1.124895896001653128459448220800274808251867029685558201121475163018491336012115778716419581216079492783752845519207089259e-1287 
0
8.943465700257213045488389063896334063947262373605552939770024018257182056741610977056618024390139665850116484333744040424e-1294 
0
7.061914806775013412458998912366526452727729030710914550505466346877751549458438087071493640897839409866781440548233444398e-1300 
0
5.538265875716502796919793110118032908756545497525119559127516884369606803622982344184669101008407956679798465802499577754e-1306 
0
4.313912389734545616594553150928142405219470030656775989836526532877384059489465118035422441953413362544258603662068208053e-1312 
0
3.337539685069778041636318386155322608433046318152526293739759115964647006367251548581361260602787240031029930113585499914e-1318 
0
2.564782081237678158646143092919102396663907272308908461708644672114746846529354133028991417033989592078752595345083031033e-1324 
0
1.957738351115562854234584248737973764958573252838358345725564473717018052086646192185469971208476522498253354277735789992e-1330 
0
1.484397163732500684934759767401939353663604738488973611497528889219324219948623185300147045315756804038411806215860288607e-1336 
0
1.118015777516596654335355500137038542517928691776258336885613616477329394915464716689457480171187166168328774443871162855e-1342 
0
8.364867645780336758129907967843014635984511341908789598484828911198133624763288109692066796848855133068449750847223093295e-1349 
0
6.217194187196236113737408433596172239363419407506779661819310231934871234132892445183098819273527053953198312570675342908e-1355 
0
4.590551021961503202566311394622830096957756047144196087716939167712978449302629745806612096189761892155258474033471087097e-1361 
0
3.367293425525581751055395469769044811799496335977884037584561614703624153806322454592090071556201162655347920914883646844e-1367 
0
2.453881081401150145581421477631366859879286594139079995879986179776143911898178356464290109155522174321704093884489137786e-1373 
0
1.776613829397241786545155622040809624298465978074665629006684383424128177297321960787229287551852037105031153044248422354e-1379 
0
1.277938728290698004333910165565264863998117425749389852603163381977549681178352670060584291646709859585351478732018423479e-1385 
0
9.133030460663671795672518552270090281253804371543006505334956733626093494215320771066724587986596179863763415698342457567e-1392 
0
6.485119727501380891017321270310436807805184637120250821974202958430447346154206484801978771749314068209810947560097688980e-1398 
0