3.946997561428681504657266424159066435790629811681623472993343818453403574024049647762100204621776183536746288507978396252e-1 
0
2.923199067403058648577673775265859572757730071888634042108627713155021081475866031204331065283789613623210030146157793790e-7 
0
5.885368420949309193554501184144745661982569237457376365353264226557981775287511457410139848620990114357766801869395958569e-13 
0
1.798543992212525439601074745435302069885360636099946396486653449507891661453911055676975567947263717021357268708744062099e-18 
0
7.037173921413509818629496353405276380081347982301996306041873800131518449814278842335425203948626153778154478522207120515e-24 
0
3.249253834595026088114789763298872848748171743236804806888298668702739479732710444510067119575451765866950134716872987878e-29 
0
1.688317908901008391915999094746034712045458517263358527584343568098419225152869439710764965783540496717778666926503919114e-34 
0
9.572707975626032559533659510751301854642102137816186755851175386916645101391699817573358897934549175403742250429737471122e-40 
0
5.797351974279015887905703787127309801020600498384944261135561387600682711643699285775962446787604187062470567024416482751e-45 
0
3.691983533931772086360204989578073495847852661899712600894141177608995289640086742089449239746052833050856675765426901959e-50 
0
2.443448974908484261845461646413347162400549779845586132475953770652066965346831219996026241518526341376768872966338042266e-55 
0
1.665269205227775070512520394994628367499966804399934273037021520119139429338967984729949800722803769487182888153226557949e-60 
0
1.160247788182410453328935004972671958983008206912089529462767737546526489041160648999356499326135407708827880513068571672e-65 
0
8.215978225850895386153982866923795211301798253955749913018599349705425586318269278405821442068293429615593346900446561531e-71 
0
5.884776933081419080049335786266545944081244724276912289036543816395857803838863907599758297311559496352045678992231282273e-76 
0
4.246602878024934668502529207528370908773009956976752347707005913322908527837669199230557267412827245583206334049145767759e-81 
0
3.077201422637622782658919860875958092099475928248984509145645389917143819589382190120966330921638568924044755224187080430e-86 
0
2.232858100046445585239649382596624484695488080169208222014784121909090108304142270969678262427642560925192796650219343475e-91 
0
1.618561941603606057361725428941669398863672510567273037235092085229236092312298877713618753693330932561478369925205493817e-96 
0
1.169723873274804714474251607062737760319435921019303860328049244385228710186262773987126639897396787311422423575956065554e-101 
0
8.413388260713989314384665338436293986339264871743923908386168866122743432269477815819739807777321639210058960560873600820e-107 
0
6.013733096510901275679314121977591998960868352261295531765858945620951801095840582191960268131948074782369292544761528981e-112 
0
4.266217651570931421850113188905287691288576754204247008667190503603460238860495287800422123134144421976236637524251271085e-117 
0
3.000420101545742165809962878418993262358578373107740779168877863895610157052506253314503241498285821513630091173820432682e-122 
0
2.089967398861188888889997297337531652152391455200960568979038453944036856996322167390572613424277722154846915677560126669e-127 
0
1.440615699510420563272940539563805835800188612087403376364038037259448366338478740024660372232804070984339961899696015049e-132 
0
9.819465988916364282441893516631679047334349347108199727142257022634853115251142037988622328642643155080730325178863702618e-138 
0
6.614232060924171640312284549287900832538139977621668790043934094837080257898987948157786478724120500594387715393304763100e-143 
0
4.400267546598208933779616894643589003946239755536630866485998108558787281611734552568733387280613817854674483054530506844e-148 
0
2.889842295316510750624188566805989147436459821787284234047119560774963309194699332804636302473500563817603630468299733349e-153 
0
1.872747070418999251049113385135621010517045572936868787848124963959920413532611253947910313831586724678068977768042925845e-158 
0
1.197105663778903062481614476488318173734345791744271369263953015369150924895283765633100062285206642465388157639758540847e-163 
0
7.545600066462080447231855048941022316337311927568417764843220985125914287825201082704939805477633010617114999191530507741e-169 
0
4.688579137790792643279193110271968757480030089570985297975180166728775514984512308040645348123135907290513964796125039692e-174 
0
2.871241179938032298022412145974779644735832517204384590449267973068838819484999210693856142803726389885060548549294653742e-179 
0
1.732561045874423791760873299821344587650675000373164331178094317444237381965613584509769514718167163917162989772423925010e-184 
0
1.029960226257275792110404102254048459207232353701062743974121808469943163631475827475186518287492723739610558578512504449e-189 
0
6.031143601231305900953851828157061542308499478869318647665597014727561131705607876992794800346538005816413792401586460447e-195 
0
3.478330935878908597100996032949045225777246911524095569083870510560909672279522810993345457760159361887008807857945652960e-200 
0
1.975550764176726185330177259428028744835654765956716977446285588599436482389257031997644906946439097411923499756716165973e-205 
0
1.104877101161788455546301235696182173636966381581772318348885862283827771823025021366253670018993021388511888760906822920e-210 
0
6.084405730973314444271584942568401020885834558267032481106501513393934880111337661848821144606960033600833829283915415598e-216 
0
3.298963057446519866839589777909260586243499733704975236888353105299930501925080739994422584955438532530180313771962395838e-221 
0
1.761061695661083739634859131760230500287997135231141849923158865476409215767414726193405757757988871528948074673356228434e-226 
0
9.255453894035179893864198940207627495867609235171955583506244718326786598090873011670426047707557075544148176365336977883e-232 
0
4.788946848579328943907954575008204578585334070257181539762271562882262445351845168430517469514520691831707947122519925230e-237 
0
2.439489738508822630360126530515831033830999617687566929317113289886765795582946960513188170903450758362129676260279678097e-242 
0
1.223421719545970079282790963730184593334361145485495431971055511170133553451476630973876741021243213774838303656534724472e-247 
0
6.040553205533000411843866008885753573581127190452340132155549118192228798919990505161578144381240094951292063505463654712e-253 
0
2.936357612938305266837754361499897471748549649937844341972739953726697097157716462913300680616205587173294398076966338789e-258 
0
1.405348953475712337132043305589987619087273342492700406637738610161102121678772458816290817199587583839849404767366131977e-263 
0
6.622413978400410207136261852719864108590604018582285539028303294316933360326475141880794019276773861172033549638733846629e-269 
0
3.072710905044652039114963468484361595311836408005280841860195583215531803230452880532332741223466336368088985600892493673e-274 
0
1.403843656259708647472101862739005421801519132432673658643645775898605144667895116778676371013775449813767319596023677847e-279 
0
6.315792003081691907499450339182606646438522579521314277160571443565626277278493085596386236103186286344113184694880195221e-285 
0
2.798150220187247147458654752747364234325858571366756924644354286162390489096620495685631026665243098779564959137676919832e-290 
0
1.220877302256266454436028930666497238437703638949078631769168503619931888219206234140989858971298980667620115097561161784e-295 
0
5.246332964899562760716208682138390729499007745243628665611305420063261047647471100509342671336745074035820197329852161512e-301 
0
2.220489981803745952053240457232200203510454990335642518144322190160634897705938035572511717847475529969940261213237797383e-306 
0
9.257172186274426472973926405751074685440231048340104877126189699184857892898612722836034278275650114725871908409262523268e-312 
0
3.801656175985361863461760952550473106981992411321672156206093395329243783896774898535480760396559591913176902145875814117e-317 
0
1.538018657837349670628984870813069970562649001081821267130406509072273933047275677770554274540150206685733732862584226243e-322 
0
6.130201253080329786660357857298907903827206771384646953146869652963056859232269529192395008020667761309525170519244874591e-328 
0
2.407370891256392131681789930256290586025943831844468467672495439007994515153994936919657052932918541062924398019748228546e-333 
0
9.315320778936461833787453447796620510836762251119356286388830876030393166825625775194932412313225361561697687892838986810e-339 
0
3.551984724957545690590574146248473206431991851138341477215276462495165338076039170994504087097056256411576289143615363191e-344 
0
1.334735529305820272148995833086971992735700128430266007544132952461880749776918188728899567147161999305803431957534811597e-349 
0
4.943141034156715712360956575593459738317497653474737648733350614534191031978426629554166509905933869427165453233819486331e-355 
0
1.804378171581654456435155248231099929224149185364866904774263675430430506121211825226928452942405905227602074940960685620e-360 
0
6.492356086851115129405585471178099292625860959689927825884588236392238812750630982852094435107045674892342394235890334704e-366 
0
2.302825146035909906337702711370692075627015860199548147806365006353853003650503333748408823589633240469330936635383018536e-371 
0
8.052622010666822448986351876981659660498650555596900698749307284747266875872175503031186618409014837211417911995909471945e-377 
0
2.776293595076040838187339209018279479472803720730586150309908901560790007921743554287049042477319053741316782954032994791e-382 
0
9.437985767297242385694064304543459842989172543364587014244272120822675056317565340716996837186568622308680195932017099832e-388 
0
3.163831155507399725818654012655074924725621528298775009351069339101995008019482719233178513107620500237873982109512320560e-393 
0
1.045927508731861247939427397059649753072923392043038029858191538707838753890520311765340097760949035801691926157350028255e-398 
0
3.410189030742088069002977712636454210449820205971954896539352227367628558920150350210070034918509078040841054454740709515e-404 
0
1.096675571419130788933289464740650175127557316068275257042020792790200460634789326731928111745020479585564721313226715362e-409 
0
3.478844152368489494348850367741581544665749021385751739236742995442648379225022120976384588835585213105247870494958391433e-415 
0
1.088636900067440817244234867564984124123710935079110039921112838848028473120709613166622888209180635073059764104938352905e-420 
0
3.360907168260206048738363983303189002288995416285947366341861514421014198954111450625909041349989538701163395762646391373e-426 
0
1.023739347820085102780822013516188517976421149469632337863470282430963939489478015717842082690941074629873604988204817384e-431 
0
3.076915751573283408953269748001815558822557631754108247348735614142268240088754673936559162096797769276980461489194898893e-437 
0
9.125757830242391537797416740047161698119661926996229714188414442259484676540978714609465350419313427245825668132962627869e-443 
0
2.671056403850898211715821462258014345558496511325858535184188474627110546905150833414053167496599517492580487887573180135e-448 
0
7.715986750470683609916225649602933626783108986635993315517698765114863784530557656134590896267485080123635954451866281313e-454 
0
2.200024578755083817898455984464062320687423371697372040775680780306609856173023431734279422269107651386324768938494094360e-459 
0
6.191906897294481895547000694577108016166203157625090035661128396802286045355048246833126227289530646761146544123668625670e-465 
0
1.720343328606023460905793418693817170000704146649028565313602593128793629176252606844227324854219737576264652505371492688e-470 
0
4.718809821966528056160323281637961424830633385256395324654999830107561412958224920526745250809303314486652965541294395124e-476 
0
1.277935912239898291219209658683662808380468908806536851326342500761225563328734928277564270066209769361800052624993210215e-481 
0
3.417254632954875422521912921333970762536175150627750054330092764658452556171068422741054010208913691357468346487421675840e-487 
0
9.023384793853993419742031945965777580886002985733169493724757776965549318153507903836497571472716745176595148256984371948e-493 
0
2.352975881422628699521487757564364511200444114298804927153806806868056333230091057405238980549478325868051732189879374469e-498 
0
6.059727646878143023018227629457045935409823690232088252466165433588815486899084743867135026419822755208971475401561860968e-504 
0
1.541373595393951197784410380879580560049138187600661649420379527644307561544571736340113213444183569331890596729832222728e-509 
0
3.872694381190732561522678141864079349542342083768585340323657521941713313902572660287690268617842572053443359545711205509e-515 
0
9.611698228652249339387456360054915265323548590444620688649167970493537731892837659891433172757162912387396891678706519508e-521 
0
2.356673821567589702955514337503725436388025014985879484387437620374813284615704832775991442170743553439115437050716918632e-526 
0
5.708761491677676501052118473848441147154334440592868780722601023136508099327838063758528458301764668389750648540822460507e-532 
0
1.366336831044510971636554844040582067216958450932378334986394700193214350320957970659669147832746098691089109452681402864e-537 
0
3.231299790837304297582025672236084352380381026892564804915892940923583619127485557495629333098111005331314017390239568380e-543 
0
7.551447982691103023044650625788774514544490108171953243175288757003830177070947378338584061895240846770760059088850171933e-549 
0
1.743999622877297132898889891639157763286661447466156462701346154109569868265688519716342749692325566696041355891860045437e-554 
0
3.980660397792877070810461228521305248893315180714549120976955910107880908253655044438290416236254975755902599649419686068e-560 
0
8.980192326918916559818459316281184891716672056533838587673273495433451544540635073870968025267376112544628601508323944088e-566 
0
2.002473840124217334305929572059240498573293225742884061335029586278488794689886858024995279275888541082989809197131885688e-571 
0
4.413950517866126192230422507963946840785237880898585346610815552950757169519600428882683060856554974875375336925762227514e-577 
0
9.618246741697603763953929488126377347898048076497170513320218615240283080819017606996674743265393565189820644794529843416e-583 
0
2.072050897968522493466907439402603588350874465592127978610887984136232016653571045376071216651250668754547906135767880080e-588 
0
4.413355789313662848029578104868700608362086383742978262874341446189575070011001349788606238336497424904846499995651708691e-594 
0
9.294567798529060039872839130060375667561572440812567030781425447594164124959923230562081604293794051191089549121645558665e-600 
0
1.935569098645780155424675689678357842729673677270757026241603451305391005916353798804738937771309153509960369325229434949e-605 
0
3.985975485402503146932615343507670063380413155084275804893499932874796105180072990534137823946988237162679190516989283672e-611 
0
8.117719365785355754509496361933057782893763771058716724763960310354679038401812557544817559987314503933185048009201639104e-617 
0
1.635059932246953945328900424642995532783580800555916496770936814215812582710790611483877180112943375297916329417399158220e-622 
0
3.257317413425368766416588481227485558380652613282971281402625664936345534571703061306585968012989129053667910787891842545e-628 
0
6.418588632028620499935729611205744689046925714090772059129261602196282372946945067701429035140990059710633368565900478743e-634 
0
1.251117566163398915248724445045890845804151633809054886892363871804515838500311127673524503676150360655996913963538369008e-639 
0
2.412468477326172326477329622581369083127059677673756560093274079033816716515104394296178505613393493591875441682186639966e-645 
0
4.602096460689347095473067744934960005837205665665251195260013669238907968556829552829356344933773736651215579380056113063e-651 
0
8.685717519331510725716612861441182057312982653634911566492436338658060362720260862068919754848322782149260358731673250401e-657 
0
1.621947303657023453557803520288378680149957153409991761001363720518743291547077393804136758319620141419550373425888434188e-662 
0
2.996910345689331925551137145320458010752798639025055255259959558926624213364779496566602673755097658814011890340078326553e-668 
0
5.479506243148059050023853746379582043672614169384337690927102503904786021654094829193298769675154787950441005883501567111e-674 
0
9.914349757866582435041074715359252094025412383525771415348164154146300090836787378935610816529908681432377918813992960331e-680 
0
1.775278242707253375262308490495226049832116306732777311475187609858752305519430093645681982491818511614706257840359583056e-685 
0
3.146096517599566325895720623938332798777587687120192193542490705323127654069620233857216050953890958810813930585210995927e-691 
0
5.518294648083552579712836003838528528326881295332876505383364764516755054784434283965140876201675366073632932592176887211e-697 
0
9.580508553335773189791216578741348142274487627969075785132625944506856691332765155954644154789557268606052137272528199934e-703 
0
1.646442097012037040029911102870224892388201459840160150841626603994761094549648202964980235029112371136030574296325693621e-708 
0
2.800926807509508850278238670716362085514265648849007551493092824085816711573897655744942176915608478829424094553165360359e-714 
0
4.717125460374456095134330696724469861004229720552582314394241449456971612681822376643400360441927011572086205169831305126e-720 
0
7.864954696890194267747938282378458414041308273241107913751458399559788320234309484181809787481361760963323372736986845229e-726 
0
1.298316906201038020930251235213099379292696147476749813544068514806956437695735226116039508142347381882301789975992924325e-731 
0
2.122038422682197873748319776455299462988635890171575941265236801126521972703300355621819310323075646229295738562076900687e-737 
0
3.434282146806677406972639304503261046840031104323847367793184734307091346664395947027879548066473913600120413212426095397e-743 
0
5.503650600383462979324977234930904855155172359310132513259821910139468701824732164995258112703520464620441877553834018341e-749 
0
8.734129968136267694710942038941891407544648799160650759833488338662822346398121683400912449198229897571427953203239828418e-755 
0
1.372662982815050253120192597972844920431649595861565761696739547880554343143328939720488913412198462041326637392319662551e-760 
0
2.136510550932996974665651202126686776389707762926731260299075242571817812940297226270692733806577024791558712801618335543e-766 
0
3.293549463692675087519334172302049969835587608174465246136267842526517046840994739614684387547159852450154369396809935713e-772 
0
5.028776785166127192919414291262345519981196001167675643408108056197070362862410444469490162977000816315916974592013403244e-778 
0
7.605370092835533167741463495404675018883928951779898138269938184265510118244405446891076230691189048192559074048986825166e-784 
0
1.139354289018388808724361898308702660205787696428926694318518776331222197593494523043887209684694941543493132014936724435e-789 
0
1.690822867842759232893999925686773920305081833126341463856932519427501106480336719393327987722360747498533296757348879645e-795 
0
2.485756437341762629097794824455680062123707321762816235510530022098041346268506500587686091033189923745208419085156915738e-801 
0
3.620430778521651896132102063061856369523954750737121304295004426465825137288256374867878998779345210401819923730060999075e-807 
0
5.224239031115838899897488528767479287865195526492296738029014875329534921747636592178624529815368630460043470415687398876e-813 
0
7.469072434322129885498224684603481241952574156549291497544336550287597536548629083586536506107134144666998193265478009669e-819 
0
1.058060971112733445767922266699577259154766580853608850203829705258755132278915834445089978314558665009899495882377898641e-824 
0
1.485164262625490549218398614406558133498813822992051273393152929314508625331156295666223253558295567188135454069928372850e-830 
0
2.065747653732538491166453944320103848780874131044239868195227911940811103973958468714486436481059437407442523452920361531e-836 
0
2.847331751422063964698842878212577065360121349148278222309541103684710227653226919040987739674770960243430692345854934670e-842 
0
3.889338797510820974534470047546892229391184455878801043865023060464808103519363563459925032652181216226080769393328789771e-848 
0
5.265129957976293158631535491539175508005216515621359747254982680925307896517045782436072290828487876861116750767741002469e-854 
0
7.064095788920607762757896612551539158784935567142093223625979258772849611790033198887704989868493976528956509435342953934e-860 
0
9.393698543629152427623831787693337617656121194655415541634702854173508296436928381393083595263391510595847345155439066225e-866 
0
1.238133414799398092371599643439448355281462996722676959093765158573818363338935674311776623366291307597973881222371288680e-871 
0
1.617585072499542535361176995254131553756056811374352012977449207290117000211035685293888085723507563151561540269554540912e-877 
0
2.094853206586172982811731066410353314822720857251822253079515913802363343915056904153259076909830628163928065336836341374e-883 
0
2.689333156328064822984201600414938874625260343688275053265137093646919001171798472603400506717430394429153857998963104751e-889 
0
3.422612839238368660500317334538081951046488402208056111600754161478734023798421987161964601714445908658244922899489271348e-895 
0
4.318277687506783992781785037423278524836939133214126065966187960358205641507318758506471731233037403408889014030869300602e-901 
0
5.401573556922561136197932634162188786653565937820176894038007272065924825403610271240816295974793167020953935102536769820e-907 
0
6.698909771662517242461886978088958990476950283525508503339661565588619723490189357506683157035128157985743639521973746294e-913 
0
8.237190130535346103062506219109082607437854279153405787361683580875573841509590233955555608988021269676133470765928798137e-919 
0
1.004296757703669445671238542085879931423813391259818320316608449936574931844752856258047528903129314353120835846888104997e-924 
0
1.214142820614347387804425909727716959594138558545731220363687950422565314596578769092979317033094755969346653210909205913e-930 
0
1.455522201309509569320347745714107270324827932032194350028753482477682181488735119065663913367404064659520303720005750586e-936 
0
1.730317072700254760808353511432211999514556486758793061958438599416868014659149908453812239815716038805972236522196679926e-942 
0
2.039889644181412916635377899096625056708268823360639111222414799447026361228324579966307825488387310041587360709153397938e-948 
0
2.384942760077074780307789051784703544439540709476741564107264143433465861899615453502437694888957110963628322492320192515e-954 
0
2.765385012150664840522849350037650138431128767706320979117303632954346341246055390438823388695443479680409352483732630689e-960 
0
3.180207993237123445904426880306600303970827249832931768236400857252930339340207619829542943159626524661444210478637096038e-966 
0
3.627383784080111802758807527837311351834112677904389521330868458646566899542021913208776139172225834135980373118367325425e-972 
0
4.103790754386201259764942751099089533031460408564343597612448225241885682959676115701247826972808003611560241020364920386e-978 
0
4.605175205774002878314816458090873142801218861287210024259967921549373431420643256558194092865896889974965952912993082032e-984 
0
5.126155258813900066120028761488985964418271484369811787668145078503230429432453181581766482274106928426476564531225134280e-990 
0
5.660271702427295714096967709637135608734345935520022377393800315787636528565527574185919133836194131372558749218842687841e-996 
0
6.200088342713836753788943556622525895292797012570215687451765092458597317912118833727581167576260945008607667300730424506e-1002 
0
6.737341818088721927375705426183402543210223144997873040085058342460196410437944863624337390859414657377079950301691290835e-1008 
0
7.263138038866039657780263828745501797714487442638611760840938409570844746901781252245113770117327119469637535108006303023e-1014 
0
7.768189545158928708005550099549486009974446608668151376760880178247074495831427389558103850010868663393126643470400029374e-1020 
0
8.243085359372589737308365386639380763616444496367428139463176929682605686909124518476340821608638520903822933868148157919e-1026 
0
8.678582543662133098455857898526080221656589154310506132737947235259057542175729945761506351540891664183534265348791629243e-1032 
0
9.065906848681381123064380757663064270586538597995211344083258106707266797166019284712072469488591779913379322998221252742e-1038 
0
9.397048715754897051074516867649354136064379646753009920615007515111160013524404294675848827069780563014594998501125743884e-1044 
0
9.665040580909820493924321626426627916586838393554148624838940052095129515450577367241302303575923237353516834306729063117e-1050 
0
9.864201977909276936092287705086669104760433965587461849810379257358666151098791432524379346075621108269473031141966580827e-1056 
0
9.990340335361484380696012966477619812205948380566769224785954183871288611327719010912845642712019430496671923654407475072e-1062 
0
1.004089753139486354363204166464766208000022142024983788457770449885777952216444253060576318707556433671067274939930028159e-1067 
0
1.001503506949174580054549260496087791572859428604583062479624239235889956504904867419772717043166479964423278565319842480e-1073 
0
9.913653983064091244117719766932251629189879066886261123412233033201309085207238612864065216904539193338208160691927142603e-1080 
0
9.739349042971293431619862069855572008633843854439569267409458134942392494450484667802186262740378590993748449881885828293e-1086 
0
9.496300295179821451618824950078604809722814756146260904760051294732873684856119978445885467382957120555422051896553020114e-1092 
0
9.190108163533252166613431142889274909328342030171218185007689743359145051139880513745549544322412482312577479607556158785e-1098 
0
8.827581106973290885465072817784359305634506500720735208330354263244984674332671173801652888868473075306683744748010334420e-1104 
0
8.416486953050663341999641624235491485673818997880171133623548922799845765103585347399866601265247746591518066181191100180e-1110 
0
7.965280423595536712458709176014525379989021608071019742801606675244895611598129303105140386123889754898390213448944734420e-1116 
0
7.482819966418707220587290828064579326327300039206758804317253253346133762288058254159964155410179272988130624531222536161e-1122 
0
6.978086812019786069638683429234328951659126811647951569603357080321984781255276108370796169397322506824452944556982394765e-1128 
0
6.459918246626469178002219714429919578763096341452197450452875359063369344429158229439187800953275172337636656181851601264e-1134 
0
5.936765541255861422805638739415489493071816588806706339264114035325727957134724147490268547517072335253279912539031412769e-1140 
0
5.416484946326632735711710739890725946399072596352377058741303821388074552629789999368169097199731577229876577410147321961e-1146 
0
4.906167820605190559699281454038550095628403871470810133635225774829767103747577867953016564529382953004207585685017711527e-1152 
0
4.412013487458041818355669216238568977438270698612455649873329716766180313689160720951959693866580916641326693548377537977e-1158 
0
3.939245969362463854070230453423587529375794172800914969131042459207206873700167241006379686982850991200761038275139047520e-1164 
0
3.492073493275105326380679526395530962380777324568060338809823227131938249892709242659576247156570362143143242379172554452e-1170 
0
3.073687706187978482800620491866989829149223096132094455756839034039204629675728608106975166131116365532564192475076750091e-1176 
0
2.686297978869639040029330371445622317194662824498545504551680110447358462599251179988508924875448801890998753183979556705e-1182 
0
2.331195056144083111415481364303526870096810214011164324310872331100081236989974012340381946023392602453715073424697378236e-1188 
0
2.008837647541518090060191392962723125966944175206518727626782866312560229149944067055215345482140702058510184714597264252e-1194 
0
1.718955323556715977334668327990655439828485937583742776250700609420654997984649976728435555183292637766038703979893761468e-1200 
0
1.460661244038545196577388983162577254758050399430124635932276961116479601266109497335434504307063108209753143861194664232e-1206 
0
1.232568730723427678546011324286471022213831980171822957699684353388837239625597726394317798018722219747227804681329407019e-1212 
0
1.032906427989993376084579586575628808123156014916598248002029017798528876084316219597229738429011307272110718633983341427e-1218 
0
8.596276924843162948104126814625830724808485022794401800768673118118547597658398335268469542068334171027750185656276560948e-1225 
0
7.105108335098264598701149599804086684046823474424985113418996066735599866583469577034833496660497664132678142809601257117e-1231 
0
5.832478198031323583945349889009867177414298144397762015699535803328251270403758144518855464497878662249068839677225183708e-1237 
0
4.755200138806176731885138357666561491115291064642916045394759311720745919110550072751500032802806715052159374351670015819e-1243 
0
3.850603457568724586888555193780987825195460620080851770453530229205734225768429506597052213544012015606681583363204301103e-1249 
0
3.097020614058950338579025286683654908258707336582427352259684741252650836609727016534958009442249112867607557475782644051e-1255 
0
2.474147599799728166723838247155037817694467203824866936503064693021623646986828401120073635669018020994618010973057089642e-1261 
0
1.963288623875487827891606119334248136477940024470503990200055792172191111383243875460148750483551902532072022995848671493e-1267 
0
1.547499378176032389355235502045375912366627843594738996883175644491027693073883764225863783832352888103640044465027820708e-1273 
0
1.211644677003068093182104791285848062608231665380756571949307818871219061714115717174640868335197291083467117687084528550e-1279 
0
9.423866736946130732933995910976248241135323543193805966659824174102108612286885448279120818611962728690812936079670960408e-1286 
0
7.281193626820633205634086791216901547349727116917903967849410485260016429691212403984584297421633136914195972707508384705e-1292 
0
5.588639065410222611711474572478394665737200376156122259228062556886855430452473737050862390652609795206052927598137208167e-1298 
0
4.261377022570987321413604100613424509412819782160777170262016935431294603635534743531450377387291292057555368649965722844e-1304 
0
3.228082152412685038774204467155213818182957841402482896765318260287798314485882816472425102577474333305358359472192029804e-1310 
0
2.429406296079648060307737950899140501178361801195368953890324962231896020465537839524446079864185387872823361637578057920e-1316 
0
1.816464207696186790740140628431676509666943525712445797173966014885713617311367570629729216598816807108134950484048835090e-1322 
0
1.349381487638443234456525142632846102941689951393643702059445397226704009761081997075515648423083489755100217789908723001e-1328 
0
9.959416266756603311850319091263969211276817718460635552647485539533601789323726323843376147516054758442083024123592912461e-1335 
0
7.303553416242360189212530590383136137965897718383590499680972674747633358804787609352833952180822400704045512291509193095e-1341 
0
5.321641442908538505905751965571506746992071482745839218904071209769542123135308952311215164929038373230593312698243619000e-1347 
0
3.852812750611009016171682077716761158016933575489457014407786728156412390539799966906909846865184056350636903549676735738e-1353 
0
2.771665654335928837290037529035422223143216406456112348244826522505488867443749473781338613591216480522801228933822678959e-1359 
0
1.981272029010139435199127748262088126211063043875714387334214531658795823335211002756882433086171126116872787490026080655e-1365 
0
1.407334476123284484607675972005297575357760940271979796901485439444564134647941535260334868870319783204057255040585256790e-1371 
0
9.933677376818526076425390179298453419539727190476132777848549930522368613837216050927417300405831486115437460589913969878e-1378 
0
6.967737348047887810478422997110861661008939668833421212053315732039824312023482983198764167990505664821999852567982431549e-1384 
0
4.856818959254014188853405070223497869037535052989052001567175614480789564848519292965557241556821935363014190095201641053e-1390 
0
3.364339747158071060510864307402790270659293905806693558917077411910594124251674349059453549776832101552749925652552793568e-1396 
0
2.316033659609395926159970210803711003006373592500531320969703820023823157749352602076875343016279385024370056258803565309e-1402 
0
1.584514493405385001022768358181531035324255078784111994256418678542532779273420212358954977002454260920365052335544704745e-1408 
0
1.077365520413397291711593162217190470898248076803904755901795843754368398824516743592833332969866638326096558356647675413e-1414 
0
7.280388482801202549945792527053811602243822092102629191357998606857878302052318727010844618711521860921483029897613605221e-1421 
0
4.889671895134234193145659497369823964647057990338346945903102929569210205474161693080959199631422664134272011974762350709e-1427 
0