2.972629429783227113767633778982772075131095785050906811931901526491060187196420140633362521154388426906099477775920406496e-1 
0
1.430386383764534214399205755938346255874899963419597927064140181793429459648321779204346088978446581914415097268268107554e-8 
0
1.993240473569877014668133481163466126080174179571692410841883601758011841039765077478852196497688245065861086072739690438e-15 
0
4.472513765730529595005819634276290592486082928389432014984753339209569827823305197227796218908030182818540430775922840496e-22 
0
1.358404007441382359536303842636238174079696698069945760232562978724729905901816980949414128488503905040393355010609919833e-28 
0
5.132091011714287625122511450034732940132731259191494664363957172751385940391894696411452831554084761776148785676015022463e-35 
0
2.294104765767113170692024048585242094480964600885620749153233703743129656685927975050064875711654563935120489698467999465e-41 
0
1.173881484421769441276366669471737129469233787166399203155344194465542439167476127556628331436357811073513890567458352911e-47 
0
6.716530761282689778141977690901369295663495052699256212652043868274844285369592112808371842248627386316421595889455608147e-54 
0
4.222706208947862737858330601229946506626860751943423360585815294666526116135339557857960035950880179244510553545987608622e-60 
0
2.878073484070949040078938968903351328250506162182409929842789671589804226186382921665282820139804631114454482206048347916e-66 
0
2.103881532226756556619269043844596688705337423508884580504628128332225058467420685836703329020987011486543572603553074050e-72 
0
1.635176890499067768085139981845292981586458786063696246869509915998308586133099705446112992198381171152054807986538896110e-78 
0
1.341530124524425898696052639078120891421536222255323766792820948425540915162472175417842207757150845717483649433539815348e-84 
0
1.154774336947798141554606754058711992210815447167109603233873915123080200803591241075993096154805360468777920737389384508e-90 
0
1.037566441715076135504119090892826198506647498292533270158143376361397442744558882153709343425181334535508351073497478118e-96 
0
9.687929061385497513673409896298312880584073594124017898917079576103647006891619988278058939474375684892075773112330763329e-103 
0
9.364186695990529228365312049254269510157795324636210990323972720803893526517741292960484598184319681157858782439570535484e-109 
0
9.338335709556549735369576034456561672721910872158298072532016207001647840623762057136433083961797472003800278830250378327e-115 
0
9.579407011325449582501157163887054764835759412647423544561265876639133110676831489846628752349167946814012708030994207609e-121 
0
1.008166744435768281161167975059934110455800569702138218083088295381842918416332368710333103925364452094719253733395834098e-126 
0
1.085997624736426451809232519116332568487438814853754753663643530357534210810173879959729648028957212573630172868621773488e-132 
0
1.194845352624454974399063563869323801246820303851436036285605157883445422111461769666919350074234701614342576022192579046e-138 
0
1.340155316906177278701575935168162408090807111894618131607672603819954992729468003300374657390300586828182139898579701193e-144 
0
1.529720726072994596926000832394710973003490440308984448510935835603258802274245157176497899831442647826837215120199791156e-150 
0
1.774207252193351933947685370274090667508183774210463551802002389814568125181629013183161937588644073665987696061938994109e-156 
0
2.087918461311625676532664917254474749525702893159608223758447579626570931183320077351112227911473945989653751940927180033e-162 
0
2.489858068117476844918654160101122222731034134023016774248495059232129077339088287954879663499101243639834966238996076408e-168 
0
3.005172723971619931213355586768616962052037024215148121805863321034879178728177034998346510675372772101807761850518162171e-174 
0
3.667092295976317793107012340072491796746635144311782925239197648950739748394784251255512072081396985492392272746245558515e-180 
0
4.519526643736128413002992703648538405568086096546515465953782824240763570311155040942427330023646738959378665276945787776e-186 
0
5.620532328261670033097133630595984215630737343489142495488303865508614802295881244147798360241724899564419584733621668736e-192 
0
7.046933796432520417478382756254994556146574821840078369336367415629100410415298591349820455164499376170450333934343830698e-198 
0
8.900476735394985203550355744280122703706205234682921521341366606332277993588732683602958607549852201694634034144625082900e-204 
0
1.131601325211514173016728819950247501273387514092910426911126594489213317607351877291110270236125542427748040793723932660e-209 
0
1.447237786860613173713442351287759954213651809634029429209715375714025294331135134166832063610981306301207969391849783301e-215 
0
1.860682084192546398418349683993785289470666139917053442600101892238710862556330456219760011837135973132444310096332905902e-221 
0
2.403413458857770407423469160554811716886328788852886867041316010621026779958165209227596356459305140800337738779235542012e-227 
0
3.117195693175688289080752295299974413731376366674011784601051317464219458558209148268469570305518106767125979598636422215e-233 
0
4.057418241790262528808082552677408251793405258778335105013177247800771662792831369368809508244276657429604019573381225669e-239 
0
5.297498570640917217906600026617264360489577448717378021619931748889048543886023027468250944344682751252618710473888492639e-245 
0
6.934669012961392843062676301407893271689384931778546435330924807547489969783162958401912154042588578785877663782536680045e-251 
0
9.097563726202293843413118282655205761497968614657612318343857274224149662537175958179191066530153793734626502478385931649e-257 
0
1.195613739159728422153948003444109368775868648824567566831579226866166357586640629292743537018017471935680380087862858724e-262 
0
1.573459229680974269134908535018706713919946555394077209574629001219173592200275181063531723674973631281015641861272853632e-268 
0
2.072817030011317664681075555251152162774634136602862128456867898520385940826749673524763936040498297085038407947819394661e-274 
0
2.732488754971115997217980882610274555182143649009262485282066177754008179119099145226599988647819478121502863071042474568e-280 
0
3.603356003464277264386876083096387367412501829860060537007745830844869624958520081026468960870224544810846707857189802202e-286 
0
4.751979486052327261627833766576862164619468100498741024546126520091825081444943822183687397123071466354471432286259657956e-292 
0
6.265201353886497280458736122736414998406753658825170974437949610314425410478795499815865240845714014651480713646940562888e-298 
0
8.256003724431589578637968018390092984842831851706578452674553512551292561719311306923231525910825191939706065498434233698e-304 
0
1.087093067043916714953922570147842238454039208875281314218966106849386441659648054894237196999116640420437439353186082906e-309 
0
1.429944361253435906332806183765540517781540823495648111938429450655676491159120933541228319050505948445121997645302647283e-315 
0
1.878565133801095956036311514525395411821220989798392070298943523516763179913330621384302463066630824826856264120139812568e-321 
0
2.464293552800284327891245584037534803823715259904004935401748261607709000122328496100502725382667227609883362492902114544e-327 
0
3.227207987014223994459709310112356412693185123129152567490307147351624027495729296077038911686574795149716876867033755961e-333 
0
4.218360390587553348280334956677429798390814349940820463427753383345299107277167760232215338372553322913043353664260342583e-339 
0
5.502509900360930654198912309125965996446072429872850540841033124953814991892099712804801384590787256534249262062786596981e-345 
0
7.161445925198422479121318197349844247877969471365128123027762158100861131266492209387371320847492801292158037534792570155e-351 
0
9.297998906083607478548161393181695281768429995094711616796302675377339620937926055683934780549888655037983863529736778528e-357 
0
1.204084444575596671697303938683425841490976672952181160897586126527694050561125534081913972889964997631949013391504715784e-362 
0
1.555021170634950370297696149361980341072821092192522702189166754008681641598579471148531170357518324456001630025403030324e-368 
0
2.002460869445571358273312769914213868099842861045763064874028835970791958036739814124115729324483005834508693278594066130e-374 
0
2.570867391546231315761283441679481553941160171838595523581561713498771442919589824235849940323493302011179328568205989920e-380 
0
3.290225429295420250591512520804447758610638427431076790392613998441587299423236973493653169590090262777043309918441914244e-386 
0
4.197079144571619904206954074439687636984460919919091056562686239333556795513342645117834197447801069841728714773515961083e-392 
0
5.335707050375239268204714962213418757339911285719813139761922618211731727565935074155051928654086688694135660443338110396e-398 
0
6.759434569975404010344437407520081756442465350372457125537324605236764347633142774741594709568103412957553961889781656747e-404 
0
8.532080315286747953947775963562243338111634479783259982057466182047137295762100241761591128763726974362517119811695107108e-410 
0
1.072952519684136928147318567135263072965329012453929657890501532614274619618199308602736393561109713675810794710231438684e-415 
0
1.344138488452042071064085589491514943624867135068351211458432924137576975705679659335666295431112643343200714182742479728e-421 
0
1.677275583040733550727860710018169086857834789563452217573108175184574688849859777625392146834889334082104132387274785965e-427 
0
2.084599308264114675979334524625714275842688495873369085566834476705309980211330615063065121355979880066518284797301097089e-433 
0
2.580246461856962044396101849447104281447277433287426178350799260341746844248150028775666565692258577284646861007053344650e-439 
0
3.180421220551427575906109093500427111010402077341734200754249355582260212604751867186276194869634396078478421681555158563e-445 
0
3.903543332141249710334016923782798579719533100642726037135082582284858575361006321925590557325277760232879681085723695918e-451 
0
4.770368308045364365265353775572687514658562180048755064977090606460706923600861343466576456629721130270740790795552238077e-457 
0
5.804068024537963040922894459096446722652103623922498042426462718290884876966875074841069122969088817378828655358000607743e-463 
0
7.030258828931455850378130959765339411856394656586112572376046784883390001545049282377158641799169245458102133479162756281e-469 
0
8.476963228411296475904545329498883485110923685159927547512223913582278340938403748455141074500710209012005510689545086083e-475 
0
1.017449064583774504749251485863772318148319026796961043921298696298225119969011165266597970474745732954408677435530129766e-480 
0
1.215522269802741015539558616222554507347389073189370490218821968612850778713889198037138252383943040065764826184894846148e-486 
0
1.445328912701647396946045011864646699444789099751654385583272200860747868198031063236492950638365426227556316538465826876e-492 
0
1.710412202307240915441828409786772788492222099454848934311799060319348353497335184138253334266699326312381307381786817141e-498 
0
2.014387842834007676157569465951282328220520538757985378096096384896419288142978574220454978640214280179491434205056922928e-504 
0
2.360872487736155480056754764081027426658467180427274266409239794126514449521827657087994623400511335716476320478139210942e-510 
0
2.753398194481184695658335984965265853751870677890084597243512207230147202125103869159823031842717065236272324140753381612e-516 
0
3.195313240319356628567439815806870874948717906952135302431935588990877968708054631116469908587328357813515899607671626432e-522 
0
3.689670304708698088763322699175434768027320822970859427298770243934987468296360798041475428282470659789731081798408831267e-528 
0
4.239103744306514830397196301146634944749206934988180312657909217850074803733253252513261535272123490627572446171443886510e-534 
0
4.845698456335330430200185904999964849261396464611315930491466663414390703718513893090346015472637430219743761385667396437e-540 
0
5.510853612684732381285258122003359323546129782197387299097264619458465576348544134184344109136490821423243400010555472399e-546 
0
6.235145310342181341520970407932178415047397906683104816859023579530736068583581635973337768916939519084669393301664438025e-552 
0
7.018192878124073648551356519909924115858482719527340463233050417920325914700311022221286005027554829916553333743426896625e-558 
0
7.858534156218093976479765379459561650699600344710166374583240774574438085535054391897233466068828725865598085555624047386e-564 
0
8.753515474018903120450113827282107382155052670831436642492201442111856095593138955263423372868201506376327454023880298662e-570 
0
9.699202245870779223542512466097963533586896295567578915592270193280012257530712186357253474321990753154788584736843993388e-576 
0
1.069031604233730348462701733671904079315910648037836447133877723044542964852852803452663187286550763894272340446609882974e-581 
0
1.172020364481493107360577883141552648377803376960430177069474669028182568286585790190545159048775508431139009106105837828e-587 
0
1.278084293504452336279551992096805289918932442321548134410793700978251466733772139272958000306021963115962174478941121817e-593 
0
1.386288950569273514259764555185262874837233130008544335769143836258307786240901783894149355647375792772277212459266267391e-599 
0
1.495576661918339965256540565965469646538465557133701906700508675033521366833605970308173102069318435206781468255299381738e-605 
0
1.604779962417266910353402528590743849335551255265796083815941023565611291482119494179637163205526037503164516113079617450e-611 
0
1.712639421647722863122728926263807009292659640369662651531353932836964284697396488744680880652980678758732585241131814630e-617 
0
1.817825607554540833116973674304611900250929572736723191999102815575942032213793093143772686858783773913052970130004925710e-623 
0
1.918964750509841341546468624914702859411677238066464132021386790111879247803169263969885353822013996478732548002391959823e-629 
0
2.014667485421017622091643205531619728971130216571186192709885188346550193957941169874374373090533946750184995838291718711e-635 
0
2.103559879473745201944163187881670813753499972096470008829946104798067989367726345433469826760255993929293960806725953486e-641 
0
2.184315808339061634994204938349315695929193556011034548820702223060922294090860474203300687189496164827994941044750426864e-647 
0
2.255689633480788858502819903994036207927480857633772859807732957627390416741070157465297431832618874997998270104658284071e-653 
0
2.316548065441273525882539736551820514566793649147144158914009843706713188137479399481887105986478891586511917278692201263e-659 
0
2.365900078499900569020462233084746671048513748578314801249478313788685190967153979610984257556678675147114732087352883102e-665 
0
2.402923774219261381439562064545319542905316758876415363040838154839664089418751911463788342792472172316733184248841439384e-671 
0
2.426989175600916036010520511562366714750496162565370762575838072779885662859957322283990175082653796982152865143396759899e-677 
0
2.437676067351079035181336729945617850056597084492766191568566307442585301150712266663496590588719343425250407490803401679e-683 
0
2.434786175644698189991867700830591693467454517411553355077614197496290523942035761306105018340671524899083986328211496422e-689 
0
2.418349194624856393155935259727367834891976798945482834034416852883627449903842182964828675971965405374432946784985791779e-695 
0
2.388622406297900186843092801807553943128724435278775231130128374566876072962977648077938148868582023572305669059371191365e-701 
0
2.346083893478241145398011295416070061976433230228752776580721618273221525310574493953193910886897701435483400448093774576e-707 
0
2.291419599113103695487869953906001193648409448579580556149207663068921770400458742235995180514785893842318876600210487679e-713 
0
2.225504726711727904936731341387716346901204233484756052366119721275712829400448163261212032172162800969904346548401295330e-719 
0
2.149380193485831326852821365247795295349025289678873417540876659078706332771281524813713556270477047728367520086881153687e-725 
0
2.064225029443813632199066470368576403276332991274506762166058082274306300489183706926447759493028595450650857880515338258e-731 
0
1.971325753482385463312434074386652071447941385289413281173859019950775416899293125957962420345338051171768669481880858458e-737 
0
1.872043845541235200788964213821679933844727978482639470605654356351904958817911629262370260360225921987144276004557241905e-743 
0
1.767782469134382709661262901546217839585823350731554025813462893360647106866199003191573920694837271487377262776069212761e-749 
0
1.659953581101248978483859560146299705753543418854652423752697280403894455903255355037857759153688661226977043580785908120e-755 
0
1.549946498227395697104522200515768509448199723214658337447353259384811029531544175351508069207050028315557489317619480836e-761 
0
1.439098879104163419996920546349518945280832824637080234106568410829775017444833542608107713183578305835996858074420436943e-767 
0
1.328670932035479978302038407802005185207706789639028228619879871261014827617888421266147888575348824597955520946632022902e-773 
0
1.219823485350661857809002746300803740142095477415978175807523842817255932995825682276924056934801203320165550328329208113e-779 
0
1.113600365458396521163681701925040114363961050953942097334548618813903056640610391216972805207253294724981361602651659590e-785 
0
1.010915330932822783337990024998082431131627931650463246132419892764839976412830916536804316361825960910079053526030937762e-791 
0
9.125436179960596376185753071943900241604984779974302643472394579366294791074984223044515131527976279700243617123760327334e-798 
0
8.191179730951106375317162414890624785492379862875394618909596429441173059883559414770173161666698217567816992834121821693e-804 
0
7.311288895404078352418400311322644417170415718819432706766414148169525084956453794182627311121043990286485253860092638308e-810 
0
6.489286332508147026793889330174736631672054550067780642767673126024110690186860194401726599804743229659315908694934471387e-816 
0
5.727385414157036582152537142493813830143233684985971489817330336997676155573911627994623984987721007796490318078865577363e-822 
0
5.026590091842849740975030618113784931000774977419980126644267865181416808864314737805772550876657524769956215999093068064e-828 
0
4.386815432308127594024901676699687614673060274045378845359568706209979100369223858972955258237005503464822376760681256962e-834 
0
3.807022553963096723668634668493187914640120806348381036120945275442437244495790567658528790464122080594817443869801104506e-840 
0
3.285361913161330428879967193064039640164927354180174921860517037516471157250046079128664990030755811890778750405745855222e-846 
0
2.819319336766075744679967402204292380831404552141406650667168221755944506129215251283732194589781465638652808496285952722e-852 
0
2.405859824807061557760666000453636701092317515684018986685596150978184294868885240462475248196437293387041818399646498677e-858 
0
2.041564901094449328753224197627950333138013117318877107064601835215888089294923887604677768440067741644583165106034984959e-864 
0
1.722760117500163737839084893108367448461766896849386058295407788035339003925078489748186826187051619284159781461998152068e-870 
0
1.445630169738447034435810896989755704500835398428188712595268489841098723576265277535244253296086837860120722401219020780e-876 
0
1.206319915184582823484672510454836826684806599355970755905434910943025574094763360052500241658551373595787890663425068584e-882 
0
1.001020360351075556168719114805506995753286744044867042175825645350757996517125306724805801659272167346577140027456470259e-888 
0
8.260393793174696609966444300298837787396792919021666330407359495986948914119767776296183247022443508758774605578253494714e-895 
0
6.778575156225484849657169320470897861303147846635490930327895039280380911105494942091712100932672960309004866603789645598e-901 
0
5.531696982222576286554500153701406390418095888908156179345424481108140002040449817219353641540079872101120174110033215473e-907 
0
4.489140640654275383834250377267717927545648044815893821368935204906868456203926907544694169492388316815699147522662252942e-913 
0
3.622893291163515713635572400234459765446202649294888633892592721353099023824435784119344685773192480952168431423069896738e-919 
0
2.907622949027653168804835551882780425195742027643914276734273799582597851235353955459035293048009818928838834070017822426e-925 
0
2.320671312896034439081530367987479758952566905082421666787727253881882583930052887344065218807884070241300628796042493973e-931 
0
1.841980529405198686132210160387762584582920093489220956500915594906999727616897172617197809346074101448680370721274787130e-937 
0
1.453969226915775635450359521560643481074820535490164379666477409986056051444977613750329154146084520618772875496360700195e-943 
0
1.141371856821804977287233059959623172400117734258198787389613605368821104980515342634859563153301031293370631630635257641e-949 
0
8.910537853889658921300250278083367992032380829677302191539991186256704963021822607001138332632000712792439305325593943738e-956 
0
6.918128162246784816017059555152925602640547683924196314324516859014411251416338783462292420228090873450012475755812334368e-962 
0
5.341760079839008615691355373911668580363070325341229078391622098767108868428586556603965392218691919472645260029084884121e-968 
0
4.101988766754953688667180672815018857683336267848223095639441633507995696425795822305417530761416530237730711411748646599e-974 
0
3.132724076490823752065281803451584404491992833405884858113259856033346422895651297280701483846842620018990891934327763892e-980 
0
2.379417985070306550412554137893387849526300045713941779807145603457931435785979333884416225615586603123887951136412686351e-986 
0
1.797395411514710184951363655508954343836782797601458895673339090793142987041116838082753952580092228232235655124739404776e-992 
0
1.350343428740821599737563915301633050732422299672736332561930772763926823003352449195900379727621345276307945730794669441e-998 
0
1.008964834096143825492831588864850753928582374229825595999542891858231974197996508760639287431677004530566210293013004583e-1004 
0
7.497949757148134394926185041830996461047008076031827041212150286361704211502899975524231182770713845690187579763208550808e-1011 
0
5.541754460955483232979522930583860509342646446261189245546330168313313668679497062548726697871379451835982335693334375278e-1017 
0
4.073745436989282398185227344633220476629248919480051638874414993581808626857507638918512098163107517206824526941541995064e-1023 
0
2.978420302220320662646390298634391847044465760365613643015957419435561197701463699151328876377314071746028925019243393065e-1029 
0
2.165844345601867214109379405626397314270505460483348496813175208312335257994927281113273906420478170526141229276246562788e-1035 
0
1.566467429934357438346085799028604167244121012892498708643622596170549716699552569478455952088904836970639977729305278409e-1041 
0
1.126865569171166930611038242607076318943297867590858698816257594736030280135434100054016205938476380671901109723435097359e-1047 
0
8.062750798072554969604996427346367429542554004088048849381498643850359919830581969764619759375834709611527641220124004042e-1054 
0
5.737973770000992026821333189720635348663773382386973466083611423263011493015487324711332334403092162548614941317124585518e-1060 
0
4.061644525988397961662325735275434990455150065172487143847568147749722748743008785951656564975704338903310530580965529648e-1066 
0
2.859678175161132989676464384258294383935288348595874475513191028624147621635898158335625286321504009047728096446787458524e-1072 
0
2.002664503948557496415669974768194752757081217012150576200550615520182574090225160395343740272866198152083688446234190724e-1078 
0
1.395015230151654349611669185487869235332491558202425435710901797680072727642388941200339750152086514913836120545545602857e-1084 
0
9.665700898122922697427486450243668915374571379570175879708645821433950097193818809843240001744559095187101330726418981511e-1091 
0
6.661551311288546131855578494752814604676852663736698510963169953252183989336483566235046809395689301041325875724751761841e-1097 
0
4.566768714276453984644743527241270693131029495745999341999262038084608739581019651354203146735809686673858267170924040625e-1103 
0
3.114141085990704293237346717843613480076529365138320880835214277889509730866061332659997221643740484086622687926096299487e-1109 
0
2.112356488780019635717457851176415175325685265501962804332268303473208399296357725841724771695054176099800751728305620998e-1115 
0
1.425278904576344096825843964137821682584741310683388089087194407919025276157860402581481316313701429729730509029486999298e-1121 
0
9.566218345001100326672009651361150096586413394951583192870807791892488664190411192650012291211846421470771079298287687727e-1128 
0
6.386936517063939239484010214725062299637615219528039725716625335131032280919495169241852016861404871693833751659936393540e-1134 
0
4.241904582688986860120667465466201293221931968197963578413699298438814265483438998096967691573453168796404446694857024115e-1140 
0
2.802523737497932516413466584359207740198312606710328370757970893099649034849375358934552431185360383546763922456059403709e-1146 
0
1.841882626107444727069545659847351205430709687327710256574495914608198006594746162431061820240249873266903047357454878947e-1152 
0
1.204212144085963563973186619829663927748828732106179286056405201856229227682483938296860706443245300037670434211782470387e-1158 
0
7.832071069259144636322176734529840675080724749224112987393825236326288565907584866271240713907108346146858086262239450457e-1165 
0
5.067420934474282689404658231327840526081129851857679445693626137506661833891222664039918441190912127986636376494427509046e-1171 
0
3.261656924014384301999354782381672631583390406020816678503093638917072233900417763089924488022176961443883058862730996184e-1177 
0
2.088501116761926427294252373436310711824243030318083944293724884233858978507600185062617510624016005330338539793870218857e-1183 
0
1.330394665749340454671509483722813698489341712383860336384157553495619497525574400057351087996485403571513116450530375784e-1189 
0
8.431014752873825747906999532584584301619544330545635289070328313769855881448895980366190916154666493795319480312843300866e-1196 
0
5.315412898272597211174683995974544299261926343508166605478944442846943520452715508799629956467646132059078304160205296729e-1202 
0
3.333927906958005447888272271555115208326492221356566425927862417242406579255090110343530999349989598556140714492508979057e-1208 
0
2.080375314625312544222626863340237016529472226113401428887885797420481871462880065459501411056892996329356600867904483563e-1214 
0
1.291509849934460902190157681305603622065824033537511395767582206036530997525067271696772804951813508880624558836641266952e-1220 
0
7.976797331118832908114099341677773621599955997649305754482424652584043225141749154440594707142866225682725524317050272261e-1227 
0
4.901606738130428551796301557239965332632446599385759420042507185446097751040223169639624374693956281674524032430100877876e-1233 
0
2.996620279300347775182432621924176438714024720072092116947236010382832206035076254150322108382390874769191371831740526065e-1239 
0
1.822689051063409941125736222656808671123303084100033753200277259282695840122046533548531419285130602783130965431590102404e-1245 
0
1.103025004077046233134891185690539453205426810589283911278514679203705144577463016114950008844032850358273725437757959222e-1251 
0
6.641318639383314167336489753373522320071153289497456533603280599953538924664160088332141978558636287621431315395685649495e-1258 
0
3.978540226386684098023121605408973647465116678985941276926697106851924369703337266565587823062585170234891894893740416633e-1264 
0
2.371362550087047508309637642572946863212279519380373260572200597378006233339857877772924316455513761522266001005770183178e-1270 
0
1.406310507289312381877629313116389267328706797359072913248831377264380419835342744164791807318006548118868023106402298042e-1276 
0
8.298084312879925106603863016182121360827928615339985748013153466906889757109428521634260037129941365554270827577615409527e-1283 
0
4.871829925718514749532552710004211987348725284097409938297561913021239378571717436746828392792723394694070949397917022438e-1289 
0
2.845957083030051131057791027263199827936748310525383359670473199556501830684847677728158161817977968140640459676573475958e-1295 
0
1.654210699682084235752975631022600223895074849813790328581666525169354870512303020736263763410779606850531313628185696490e-1301 
0
9.567178009333496813108848854311087405090303376609379956131473218456108304533816375455020146883191521730699976198847447893e-1308 
0
5.505689721730173175092408010459451833433721802011413563375352167930016638789660312311820922711655644720309840644650369613e-1314 
0
3.152671770637985108873876138919090396480673665930480511929269364894509765973619219955281026314423062768690573998645619610e-1320 
0
1.796342843809322228535671560948563240005495858420556563630741357933885631683749119712836553655002413325195030337338176130e-1326 
0
1.018468119882311200231359072178777053636671742742179129425996429301556394148930387710269583484455177471786813426326805756e-1332 
0
5.745895004280236601977270060478600897859177563218636423514469846638393150040801637753683438508778589935933981925342034752e-1339 
0
3.225702125886937432246398103273783066544598154786344392609424512682459054611516855627750360975766062360900645917077031744e-1345 
0
1.801986170103298125679992699967368425999163178296230589249405465321487360630876034355230504497117017603134801383058218829e-1351 
0
1.001713560219284484894559489833597961745064808981370899047449061315374926438297342057561347694931621944247009833010556518e-1357 
0
5.541212986291163912737685218477669891474394689665458675997474620412313791688171641443906929483670134903165795371058076452e-1364 
0
3.050279294504162821068651108066627226832061991302396917317153280639095281918839583951932544293440798572694900642198762257e-1370 
0
1.670906395318768595600914346203168504135005413806345316351704543117874032555971861887799731837797077863740818734331654203e-1376 
0
9.108495781589546534718797306008185256237630033533527005261836375058453383501671907475159856697249528792798240654874555584e-1383 
0
4.941143855883126004011318194369029342624967025232661799783555592935734843749416097665096167098912444737183115432916679006e-1389 
0
2.667466028649218479501835081677213795383884454236471705151927413406975541918106534681004361961408382395416565236907123468e-1395 
0
1.433062463926749161042940159224404645248279728566634404831725793511854706430964979066732153338987957574734465924991713356e-1401 
0
7.661793198993170273242430972277672606598939512493863897932664600259139256159431644143199006346041471316113561447131865448e-1408 
0
4.076609048918804756015673505602920766294005228782489475448722681694132472659226576275909754042409464550256607035098004897e-1414 
0
2.158615459344056356810523509454866984549281389068171844685833985623662487235057107442404626692446597455806300350016540278e-1420 
0
1.137531216966273416008189574915647392805882957504935510528843404057186114952318237808659685247151667301526514984491432466e-1426 
0
5.965782585414035571253225402358716389354337491344142566971641851779457166565231390819930495664111472822470388804786746512e-1433 
0
3.113807841589827973046482988665574949901582588315638211615282138046079689213658954453717765300575088236254531863471886084e-1439 
0
1.617486652172698890079993030222182953446934755949261230310869416034862276064734724215950590982149203644830364132391729355e-1445 
0
8.362157287849650004726103167806423802868797351405473382115886205180923031751494594369496806457593067986116561683674653281e-1452 
0
4.302579456806392855678189251002629265430947849619245418603666558251405683916074643938633249693991031573522296996157129066e-1458 
0
2.203315103941852102255724442914914784764985643763811123661379409869969823834094744453553584915661011560688636310670092328e-1464 
0
1.122963568341519404540621161130935036211905524034845761492255205005905316065596013848285136353997490141012592589354973208e-1470 
0
5.696397094424940537657247955793010524913620322786490405048167531665249372945903738873653280823154020472150115613125465992e-1477 
0
2.875971403273828168357884755019753312691510701166971659690846701071976752220521412676192346595417596683318564570011301364e-1483 
0
1.445182736294252356931298187362864819408120794102340168101236200142325616040865583506719628910380343415180742172576953309e-1489 
0
7.228014750287133214484364066673723669387285958906929391975977993448396728863387993738254228007803362938008579362020292129e-1496 
0
3.598135553088561279270743788861974273869713661263515641769339232870630651759370528927899013866848051607230687190966533864e-1502 
0
1.782799033998304803956951389879269593167336818848014450758887023808962929741101020548961010115747056506334872496371394093e-1508 
0
8.792204580156388531970769757532784544962763673288516553943241404987107255471499043975379762332939424738789872192746136129e-1515 
0
4.315864914861156277414122802967131737268316095528074367099858287500402329242635500055361263468010549259833267210914290541e-1521 
0