-1.854409433179139488504258264511812186951933491217075848910118708505303101814542570411526548487090293257757821396424932925e-9 
-1.336396849458223013124702246084979560786621967984588069505146048978922066909344059015546488807026610323895013544980680760e-11 
-4.759921996182193199582129879906681855969165637341410283006315874203084029382121055942838511234524591088890443785958609895e-14 
-1.088584517053545649204516471725469541987195575614546392017870387069154724268002130145000003878042856772795137864933327422e-16 
-1.725752166368747688803807406088875949822624436377495088075115313757371506785768811057601407952971380354953853453896184522e-19 
-1.871346284978128831762648303184707021999037436791280149579879325337137399201619075239419048957665187635142561044557393553e-22 
-1.128672406842104262315894265217647929801140964630999763416517434029994944530504376287774502945108825936173790761555446713e-25 
3.427348638051691832840322606400418776695813027834347640686519864624252295553811484446896181493027271829155074334223107827e-29 
1.849990306231264429818913387280780815343302406706840167918918038367565857462610307609810274552839458307595707797025001486e-31 
2.679126343981868017060748459905010762935057348787719598786876073444507628056470196253743205025918643460589613135774094175e-34 
2.590303646802903135663022204134076815935734191117728875322677012957573827069522383301581762689510873736331045009402430501e-37 
1.867948624475972352195033268008276614408813767574195373635984716346689020832833870946914164543066542148864697783960593840e-40 
9.979422606945152638263369038598922634406119084539895604058337850901363183646988916511540385866653995307054151781732815891e-44 
3.326391429522292120944077322566600613827814464357113334433823673542515255973789178306940720884204550838978062900023140955e-47 
-2.409678961341042041585799293638814558336606949017583250781595750153577596734110818995458270057743404417659949330673661888e-51 
-1.405647171327152805142885887576844772984579865462662076288861016317790899843077874571700952005396256431247426528114143386e-53 
-1.326801039554454085857530220796031715705112160083765773219407456328700078541795141835927058213369881228150626699345693639e-56 
-8.753387409495250491899884693993938129146018875052678189447144612500177992635161625567460553790737989467493718618054325217e-60 
-4.692275076472152814611659286580557181457933059616139608004399445567188766850574438595237830674565838221178697015491984483e-63 
-2.150237214633449490198583769051543540111630601260127390658142098551511353391077536768555113503229993665682220800028696200e-66 
-8.614901866551297847003904667598809563656956815391011424907078874627582542702155897105354300583850986839086839337902784356e-70 
-3.046901608722133663155541121991447947858297292142516401126567332094443022889092870301322937131825340259939038364464476552e-73 
-9.517486275675060514937444444992334722900122117472047203788657495241832127523320065357784866614474970038958281301340167903e-77 
-2.598283521217345427160384351525653506042902286537435484373020257781133812310517639727953693552321608712796973341802513831e-80 
-6.004629648183555818491736401993520145789100616313407090506743660992501151037802765454748778137786606643296862653638500333e-84 
-1.065576375614416021743767121093938409991781988247623999836731523871045428727841145952232059984175788420449195239739297448e-87 
-8.433160041647663015428390808460014527201092926537067171516701073907015022762785328932198691978710754663315106916473570997e-92 
3.667150813730142201572666364862822699401242240682338766495419339633076328925419685188933923044930714348784953308714692712e-95 
2.432150305477414817927150597932459949779424661469136604591718053559977544873727351501171742913445259652401708450529310162e-98 
9.415842521100994957045553470887870338329787517193911316459212952314265319910467823661512405862107023499363418660429152289e-102 
2.947747733052165388868679735217254331399317806563454547077355644435993077668570266913891594714451727535753522674886102124e-105 
8.087040395888360779534211835958717859360553564369630204018900526235217594463323066401342024045156865015038581680524068290e-109 
2.010261725846397021992527680931720761949869082870385028372657405614462138406486740467250550055238980159649674125407108074e-112 
4.608087029881080608807105324243260298611784675796500385683669836330066195477411507658030777030498760125633310660176480712e-116 
9.845780351021749085548320371190983849762478044544375649349747397511332010722597012855466135117443617739015874641199493775e-120 
1.975029957036951412586625454641561393308913500825311169751395353503962723920112208480638667638967754795496988981730249737e-123 
3.739006674377859081814018685323118019243547552970192405298272334852130619301213597938900860344635394128451229270994030418e-127 
6.706975655617081439823077812193015662155630124820742995062251145823871644290435345008084486940230159668433783366012655954e-131 
1.143566444572755746318002065955117190054654976679557442923115510571185981442234578181220409980132702743063478129742481658e-134 
1.858199636984302650211113969028796786048084820546060816600339490425985882222294518332706064925112352268058578112987233303e-138 
2.883869060020351803251329267176710881926976368965199708227008881501022696428321231681239717919660611045832840370186141849e-142 
4.282872188671442600941120855836201556593681102688455358728631446441228166208799497107054133037526090696541717892059854461e-146 
6.096687386702571943958293106013191535975208800180661597254805831560354843462035361175290332415647824404343641188498329126e-150 
8.330954312080525011847621638092743410249317266366826260935234051440274470425948241140210067701066215345714087865298612558e-154 
1.094248033657109914527248052117065512971438678939444479430700435108853853363698855761488858799253020856586427893924704267e-157 
1.383190697935198807098761225089707569548796830164824068939001707236265058388617813334318290604813195496241531416165655465e-161 
1.684512641276813923475483831995736617847107201091978590695971695309240433702605422453161333076815259557750137989798478318e-165 
1.978497197110138458519601079276518511390626276308299545276058894649026449968641848467985402279710725899446774332348187896e-169 
2.243242626461455382141936879509317631445760436884392447853668547558379343745389860849196670480719602962572981031809001862e-173 
2.457419694991615585312519329265287409736800338237913310975438296655284408176383953705908787745396659824575549593424335044e-177 
2.603171178197993912121771654933250514946763166863047821449685838168132883310261456544412507973538519137145221259232953489e-181 
2.668595231271467039868116483847931180341568305864092447206876623839737350803179479752644875121856221849891897281878586038e-185 
2.649330679876165112894034883601197440202186318639064628643412168950082666415085146637418288923775766873815271785035403467e-189 
2.548957714397725754455561735886501326182423596492060992096692628920291246172576964997996422220012397069134532004453670124e-193 
2.378186539103244200439938769191118338597899551205503742221034345168349382571319527989223697654041477730804441670470087849e-197 
2.153057427006922365761884660663872024711764331880885788318995731644101651087208050267900717315342354996008956495028318742e-201 
1.892554205314230350395160533224116110521986992057288773565092094657416663815358502921336298754849856142812181917257180122e-205 
1.616102015412761068067151240940742053435062970372175616251244263025385354060760732662414883498519325037699744351690962249e-209 
1.341376607510580237092514501185924187052084201620647127463627176775638307473877711260880894350194320079969960985406866030e-213 
1.082724304677471388095348068918575043438996090408593100643573304911181396898037365510848236251426619206490818426265562572e-217 
8.503242983644483817212204688908117461826071993306239959135311441453470935307551907248040859078991415983281226033500319955e-222 
6.500645836490258836950878927172317326158506620911200238880016788078225737365833774924159130347196032097893417616506786400e-226 
4.839842389488020429009959997081130640419434000968644789174339399332497345909723032871392810263703358321516346858852866956e-230 
3.510740799354158117219722898979401135279677831857522598211503719948251500413798204010236105707535665992408926633520041456e-234 
2.482230583302177474219484601485704610341689390161711357456952541153132498921162562302726268049615970828734070884348023383e-238 
1.711345259771476300151623812915640918353829271314002278583241142685956779534140049657594516510066615888978976607971871528e-242 
1.150947283645268124719373886175222093789155540469423574189820362389753202499921729753569979634991882552542013855518583358e-246 
7.553700686127954223803534757758708689083196541840145981775956379919455753743364155470402817190632711887859808518190827303e-251 
4.839599106571998237434653602210612052748578007867863198493427378444522930277840161807448288594375125168276818518369784666e-255 
3.028013371812051893453047446809882677868395250989936244919138729406077598726839471965362371325157742361971363788953889443e-259 
1.850774642731363816804713950363762421616534626787475960805975979484598007993667819952964170153154768271735270358160805400e-263 
1.105453621337177636558019367258498079644340198123165180475965014425000645055996307379326233167578820783232068205556404457e-267 
6.454434329664743766371318026811972628254510067902258396764924203934598213566996019250340638703824983342472839481832509349e-272 
3.685036026437536764347246104565439599068322856923188790679755455628376498065228797949307531801509087252377199053298766532e-276 
2.057891080250330079073532519400732884989966006596274586775240648659582254463620888870459509248943172534295499206462173529e-280 
1.124417268226791542661604484833137572978663779018027012440566464941422832207270872213335734898503410731224230016898901965e-284 
6.012856503653271649429635996200713307470440514856766714049881943188755525983472945568427218867322190804159460719442885214e-289 
3.147767462961772493833543133931346894255467064417426492234658689200758394441080883158477568926352860059817904788182732624e-293 
1.613651890404730792061922307936045807439219451296472648394903291089609657122101275949530921895147829176651494399802348720e-297 
8.102447565221525062949525203134433123908653414099147775985685951178781341515450146391851191359099246772553696972286237329e-302 
3.985956002138120295434420008999404668325768554257523653151232610180343994410808287125911467710874724743196921114955861585e-306 
1.921615443309779871072562538375173468798094057786387759481696115523900436013100208956535344026224489552252252902690811638e-310 
9.080780867219273953830153335280437355207508857671109962039028226371980423171969209635286507313621385165824480233117328302e-315 
4.207314716993346387747837892348570563452650528508378585368164339323528466934132201354820490619191033157428532912185699584e-319 
1.911664513495994123697519300940614677090710505582856291184701438710915450814250204462356098608093232939112338365464726919e-323 
8.520018810956977871687557923368367299851279701916735846029868580481415405411276051554761781318791004910475108962906078217e-328 
3.725517239051019675657818265835188056563059142313312693699526164342135847422869054407716633447390109174206934140728696554e-332 
1.598609623005042403083880990819078713611237704952372730630815656423169194978624338322055029757767127048292795255605555473e-336 
6.732844293871409421065077556598174954485316100902608389508214659014720375850440198343851638652325934361771807856778194884e-341 
2.783834357004698896949732818181987617810673467773723849786584921313322399746689873320886945751859086424766702630025113645e-345 
1.130220593067287999173675875111644086863621014186261484128690957203630921181026181917341004452297403803053859032951018729e-349 
4.506531605964922468774977594176333370529585690691446352267729055269462585152946940421657961788237926976923504691129792723e-354 
1.765076317669609439738949514765888315054237358926040935493333378592997786875033674198263655019285963244459340363179414463e-358 
6.792146936733333880115314605357417571749340238039709626593822027707494288131124304180347943569475801000223532489017004603e-363 
2.568337358452465182607654869530525239117837298330397089353967573468531176696942205260025578430068876528367270365287808054e-367 
9.544994193551611640972976394017245967314363220589167738582892358282790386653138482513871437229654019374674107380289418359e-372 
3.487011801972455536130892815174836649123228133188036193434492657347054245450005430816693437687173871196711049319383780191e-376 
1.252446750341654325964110600806163683457989322010952956543099050607609646960633895350290208986025700028958095700168857729e-380 
4.423496048744567595394004973980619704116584443044146591503273828509802840902652389509484188302707085956911807792342881095e-385 
1.536538563723265107923274082433705570102245827608906733792157970179481696531461579990890288715101435438287655820174785784e-389 
5.250035235498394770769237571494878585215803670253973834542214281930220806209108515442029769592108880869038600390901776864e-394 
1.764777643654912734969063318089176442228941199298565205071414432321686537287470246092773917009168539528968344569056364274e-398 
5.837051518177384958121086302078499766650128920768910148522503027119369559890529281600685637165021299103402513258660223167e-403 
1.899932806426748943792850265101210729730954505995000981398737683359886902394120954027269601016102104380542376959462137211e-407 
6.086789641861429671096845555530369238684180282975456511659399645691992394490349922721331540044473709878727430526245964228e-412 
1.919581693295405348576214853801658534803169673558066075160682623534988654084603110280040748741592837495707698532013610627e-416 
5.960118367058906045135430862965489057463360254414027870111157560640542864386986642747382987726017381715193889559216607667e-421 
1.822190216615238817395577307397184904275890286500062243791073507194994370093586288229400151164706405029093319420391842064e-425 
5.486337374205306566028827942709840918429448151064730969901807185040918241811691126118909105171973586614119569966227420927e-430 
1.626970290537849447448143728096020752685283634989435623855754936126321852068440674156851245324757586269090872453222437700e-434 
4.752721002989921014093344015773710352126519390974618592597253297977197145916020004918776101402813834248880755928113265609e-439 
1.367813370377857546162423163220598609193313615510801619745883627234408350284571678792525790712471595417708914663384185180e-443 
3.878719982400383542609207413048080289331771084055426897188721031489768776019136727057405030222275694232527238499141297517e-448 
1.083880305767300795818137720828501253249355567652912380476949434295271715859854546714347919859528758019876411473324897441e-452 
2.985099705147297407161185093986689635856084877802196149799519106676549211985312720592599394435575039921280790553464218460e-457 
8.103513407847122223303865444768396949777854921108476775742483120030293562039834384817225710894872752593990233457993774120e-462 
2.168584467638569001003493556088249874149454841274591784272309962085714787730908411441432748805304006541728097117884496455e-466 
5.721612017277558549888683574824460520927898509845036646473531164656048904569187179868087619029585125247455453091077943516e-471 
1.488501535427987575798992825611269300849433133729774887366667468026479119976950331305845763058501189057369865068939541081e-475 
3.818720761380162035562407923691063949126179465441241440816384492198873568535004837428260834649714878653359577950958244936e-480 
9.662118370340354905939655485588643444699971800902902161231714265134382896274839475487984343047520135544216350531521673393e-485 
2.411348345205426467879746034701141675049463678765470063921404683013542315585606032720891771729345463311034920264729420504e-489 
5.936455867478526442081170496320277592546406606555229397968130932024908790040285980814501811479797728628124897859457603730e-494 
1.441849778452474231971158837741972112277424493801233112642817962174956643070323848477694152232532034747181880006402868167e-498 
3.455280636390421712276357806031023269841472252232889071345395340650309008190941552356336267452228280028005035416578559059e-503 
8.170742450331214839832961600215584967543786512818506785074667512013527945537683351840233901720488910372168829545174781028e-508 
1.906769720054188647856974958642675067411997223070512090686743117726625187145394841254209727372465161857633108690065143903e-512 
4.391738455679754646280915189153074927390575041306176759458208060626636070256407706022872521204684258738892583604523827416e-517 
9.984319925119972432070658724687021347008670424862649147349925071210128684543958965501629617689935161329583422465380140078e-522 
2.240711590516158472698727934456574928698994669217685737585037414280251428047381938559383456545368679910732898127493123025e-526 
4.964550180201524993754332541770208578436178533663676981948459502848942006253125573721727725369430064456229829850361696856e-531 
1.086027250193845764722385200247335745446510866827993584453805444717767157359943948664573506232256408564901234762296469391e-535 
2.345893064098431388884013109922628927134920143253879772851923487681604887593971006801136236613491871145197088754021967243e-540 
5.004049275081781402057574809054949955983308803293290731729998863979054738432940156692673248900547933735447444090334474902e-545 
1.054191356932701694275414724460450743144153652541041972852666661365094722151734866753151405359647024051684092580990823204e-549 
2.193511409430910743721264682527541794484904897464263502772942682236309391644980912837634387416900164429358189802090291718e-554 
4.508379133088985722883492428836109256110056956914131167599978860828816525927969958629125111081285389055060851998001902522e-559 
9.153728470701084264275493204208884942395191660648690493761145564561777574908360720670839220745474739126356124890135982635e-564 
1.836154109214705845104458083947161922648550980363768407602598518552031923241844715789479889927016546540640244227569108141e-568 
3.639063817157525186477693460823935189211344607865847193612092606645347849833723728876731638758183999182485086165640856721e-573 
7.126480159511183247936748231912853981568318744522961322233298063960634359229875656564180518160341421916983507996670653701e-578 
1.379114380354257970661244551151079121897757877746230741301317711950422576388271118851709784196453112275676214558496684893e-582 
2.637544163011485468791447748404565639104752475356290219391702812660168067731459200171203483417653854032347835656946836453e-587 
4.985485015672902777470010632179432043398020552146897796859112832014568306004358914756710521987491589378158892821067861985e-592 
9.314441601185722763056524630278491421364209298883635729960534277841292737093436134078877562187287575326321193030608383444e-597 
1.720208244929830503182749951246080268582343279265550142742023313048594975361285695189165315006175603601810611300966254001e-601 
3.140600035352213986324604020866135695226692777057761526011125741773714313261246920050936662259177113932541783537920629187e-606 
5.668704539544569792683225390288783582392670436435198776067460812863076026456738655701964910829074465436065870130113962984e-611 
1.011640826798856913255462035469302357926917522614581879080654824490424040308864911597156995604033969650382737109160952026e-615 
1.785136969712980472241002551607218622576166754467870171365805862431670087385680018877100543500082219857784139399195353914e-620 
3.114944659258527469391293374905092971498219263045630250068515454848390215805930492930816418870860823127302025958340667159e-625 
5.375182875532139238521265369012001259220442738217109417699797453838669638092732828699919582325719336614110625622487877609e-630 
9.173401493891852043927122376957164914664636731656549471684829129782492459237713529718947702686231091130260865606592418487e-635 
1.548429909103968245108021138726923134346822307131082412925594283461498166057478281290832696898953976534680950093524833662e-639 
2.585270911842752518618453224951379234425035899887472095595431887871951828124543046216428036596482448761908462643579257306e-644 
4.269754668209972719256002526621613060822203823277446914279829928615590691045759645777384267788477265898707280845987083252e-649 
6.976069038977421651560833014336529997657377284067603721065778961660247741490838993630700313277425913220678903620071956865e-654 
1.127607299236887352577701542569469563381563596759929382328231817465741251492629965834629391945232096964250515698691487435e-658 
1.803317397473539242838965465983270823680648470519174423808345771410632940453673271569547609444173472797059167572683266847e-663 
2.853522055977478675558424323199806098713103671796993009445815404771936181187313560843591072621754275080091107926318978477e-668 
4.467991174485882588491182137131177866217899605519926658959731973480067580181694991768876962600358307034546155197736727968e-673 
6.922967694914235749768858716781633173238212613697464537378925901821559074870813605258854293283182933602312919105321008152e-678 
1.061567999310935302555230751895769325524719162256849834337817716417527764487347110837318781718838985779922751231422954973e-682 
1.611035525127983243100965116735084187982577839879663340493321663986700783118738479067046213850256939853594960170040622011e-687 
2.419859546430839263208027758036162416132944135803357444131897789269226214962467039818272396966689612599855949343508316105e-692 
3.597730231392589169407879092897632771335145630526405947513492123793385004685573309806729166590896740626700328409309398106e-697 
5.294753847953730735387005206306154515053701983130731072194680288773585245084396156239097478597642666464111038997381363778e-702 
7.713771137490007613175376685360902495204978170737041603983337253490723822326332484578192815474167951492740777931147889373e-707 
1.112541658335095260412492889121835095159458532717451539947962382430822481927582733162889301299239432921300834725141615445e-711 
1.588615689831955275462529007410035740170914910088761532194830218787293162255769004683217951662141337267428538535415417425e-716 
2.245942542849461160606674081468419169760475551241560369419974926934020764516335395595821580620706207430144703944867684145e-721 
3.143978615441555752364973660947632234392927761062212596599087984844618097214712212924538347763196712328280405649972534329e-726 
4.357980882216841057926807317772226717236936874730303554104266070930433108267909293697772246615251358250594315957792233528e-731 
5.981901191409969637237721851660402517054599330134453235939572097591773171855259338735300220971967870279175463897403924389e-736 
8.131383536823470521751872345730084834669774843791875975696169832990794314834801478818558807759390127831609534933320237027e-741 
1.094671511549818886433475046258435739184987701504312232793260018444183836831349214605707802908659390819839531817401865456e-745 
1.459553280343926084513485360263539091346255561553364263325268632105589664449234371500134237740516368676525899708358488287e-750 
1.927503692434078704402914002680635022975926012854683807246052526546539846924682508101164798867556028245199936231685352026e-755 
2.521341820447221333752132850174538335267229703073758161248942632706889746690640903357997815880481620720520920687699826749e-760 
3.267016697474983437422114699168247271705466401854289573857675960883981552762699517611838243955635703648527011706132059938e-765 
4.193491211811333107435612338385195182991839123426986896365031218726697465468979858712987125163684832701619255874768483590e-770 
5.332443738610153605397464779666852776859796265463782115678490743963333498491436895500575415483644369236295706216053594094e-775 
6.717755063188037708953846293738545213439720503898095457549332021165349953756613659445692242584141643795571404408378926823e-780 
8.384754228285575680067534001210391159717676538444346203368489247079259382241889594425514591159239332436810798230283475588e-785 
1.036920661871974945160255032287694152894406957184772150302057151712186008176260210767212737227733000772332229819804533651e-789 
1.270604093163888779778453949108741739144342631152327149574659511933352393852935535494426651047659237472325197097644091828e-794 
1.542782838125692519527985278708957776086568971218648430089563905227709283234209456813155429672063741394558572979224957262e-799 
1.856304688050743904669020201089051561569040099480818255568818407904236465948266028196946216729820914285162420220310248848e-804 
2.213418395625150860325095293498573173649166347358594897447176176673912797084372238953370802167174947478910065956918621608e-809 
2.615575334588514056021277936254918747378237659888253625051675727525462385042652727790529729219540495191979473140764855038e-814 
3.063231985145845766780378625476362103558191310880219192951475066414993207492086094917820774731571546310463565938746246988e-819 
3.555664317839354007005341995725224502769057154496906296993871813553796247152704255055317457455950163321173076814350342811e-824 
4.090806223364919419523696033618181806326607983436812871676943782558054958294082753069333286112122706665170147993683837374e-829 
4.665124495647037402270203407313292715445795571308909590256443629566817370679427585789739292399022905879871725147094969465e-834 
5.273542383873267243269999728222406095109216900660713106785798890254620890859849597787812555149436218732453464423306710300e-839 
5.909422306773337507902134353491679811829974116735190333864557694317377418669581466713801162946425247630104965269792946811e-844 
6.564615962449118316544652286422313569838006681219910152594137069335505240855800972614201187896771089559346414343156675190e-849 
7.229586845056653235465554654143171188895243795793730729429286761621932061060082742299306186866525058036179461064768102238e-854 
7.893606255567479095893377907608517682216624428765223842067840156907894558025711394519474279138767559848629155894389874683e-859 
8.545019505552170497024674323419447304663072072337290063182962400045495415977255998692403337887691301034393526377442372944e-864 
9.171574460907938132413081092639028870150808604107144007427751350313439590572926444975951306544751765655471228900546403637e-869 
9.760800196652020276768709275468530493675209494178508390541706606544558336085255245083817574559206363712006016773017724661e-874 