3.798791799395870479804730314276795980760283185527294794842836177207470944063799693764056488885334046553790641364408093611e-1 
7.794597606569505205118955403408826131114006756348443555038224198403125282386983413690477078113141471542788969762007911789e-3 
7.350515442972794288562349784668886520939484296738846705924885154630678734108062616520377289190532573154821496812465828724e-5 
4.300026549246438873888730179308334458972003595915888669372478843118973685180990048980129763754285968351666471930436283948e-7 
1.770987016391381761340657098793123643448177736300105247100355847523611616860041273742906700092436376605306982749113340818e-9 
5.513944389260164923671107140070313388824879064869051683655304656372151123748126556642499148526004680981523567308961017925e-12 
1.358973693956927044138738804414605782582829967651536219802269828669033608713908107198246107455526597313685227283847620363e-14 
2.738654410729689272421672630683641350519042109758110109315609309362962131665882470340748729349698428014757392524941808721e-17 
4.623004696680760397905835178209647921952000536099897182975651660661714177463921406667685023155722651647099117886398458601e-20 
6.660461333177027170493346175304647178893188016802694717472178438692229647792688045125747734475271258666644929338566937658e-23 
8.313458686245963339775008271514670717510072913828069352877374676784733038796440620774584122147619650121458965203267781488e-26 
9.100933185296534630492340526661358906938545431540154619578727525001593042710834743015956116527269812424653879026926376791e-29 
8.828121708070474296534541369167960837168457564341454586137456588666486568235807517505558640202363551245917887091329436694e-32 
7.654318532273170817563419661682054812253515744698768717219958555439726858761321798639384610925956848236823033790966057716e-35 
5.976531211821692025715864362570809099790858969846967265345251173184913024278905785794297373756484479401217377153482839518e-38 
4.229817176251050743531335963379550845650859354153480059139664883335590738471685172472611186358823597176368939239327019791e-41 
2.729007954015578561111167332248361299435720945751188973985093978685438640947502701269021366924950813655474927907574411303e-44 
1.613228800921542492808116260421762891694804196883841158278319173470094189604636135758511062652379383054660688052902856892e-47 
8.777184978032574488029659228485380189425962835943657134070456642540697984106194683524429701248783415979537151613415787267e-51 
4.413090411850202474765929453400551796461200447023216616388986039643605665335709277799181108411512776047421186156423672636e-54 
2.058014779893606560175277820813231521109584104977236777375962970756691606116944458191681225900584770459179393545358626798e-57 
8.931320369970562795462013725165821383259180069301826965394310560313638472214235472191468396921154096474496357531086886682e-61 
3.617937469840579587978628048248444439354205899328000873792670504073545866341408757489967789589455724760091201132595463974e-64 
1.371800240369948973815448149915384049983186151238347168564644850864150060119028203085510720589204096684358373320731169170e-67 
4.881063166142998799046544895305985423289209134575152646081424904230836510580057427041021690087166152402997705998209897565e-71 
1.633636838757177322818789026613168647069481808941773978488504348382104150292276251579726821269509156591593266908723541467e-74 
5.154210063646008037869108949513113290493130773064214623044095302215322055053342280937750924827745555380584672656897314845e-78 
1.536082727363011346238620237617304976092714387656429551624482786378949486081049423629764786531227828931168021738720540190e-81 
4.332443296604019271272724054473394230768334661949359347079228700560318646007768013490593544663724956795777424819834713281e-85 
1.158463841113397226785138192056865786059036605368426113148625214308394046953073038789932096512979345695707734773943121558e-88 
2.941574541709833284557508045969747821903244336935735188717924201152792473332733219808611476457433467368757360991530179718e-92 
7.103903622239328267323507252515779863296646275092313086191897165056867299314127682115978463590842557116095936520016809323e-96 
1.634051670792514086340707636937162684437136940893847681973787142415918945424857574634202467637045030390839533519445546184e-99 
3.584932270632929125917048712311310576746124014979522169464759592802596239154716752720500641403670019089942331888005641090e-103 
7.511105932014468005285776677126304872655542244438588701332771923647943806382356581041794082167770124056310772752803003263e-107 
1.504752598837087477619500194507776734220399128665486372496467355668320885352394258855779707920520171271616751424396650104e-110 
2.885803970329495915707843442383925877774124763120944750251501620722530713154945166433279489297720897842752454190151696499e-114 
5.303776674718649947049500205648894125501468707948673628383804041083138249380498272741056271211262284271114953537393171264e-118 
9.351309354070864113936589354111253110684118842957946168273034355682754251837182893567397666749644751433376978335247951776e-122 
1.583282007424311022376471047309608416921372608630577825438000997872845400109872310807457807420930913349228472219942681810e-125 
2.576629791649952957850861226802622516305354112743940904788318342620226966319516740534582381503088163791825238296419095168e-129 
4.034072966241105765993639420041351532510826044173335175258235163295179510825259544343464912666644975660114471517685325783e-133 
6.081429985161447792455909035908570023946702559419655739741728911192618466844319739341301551587333200488113788247047371862e-137 
8.834735561095586898590178974076623589736959335568679989153003385953160646441092793075294884505077811484966521863457840405e-141 
1.237791268438093851530402553513158980878977875474700824437687179395372113860210875856881044933481998425664050621878137427e-144 
1.673758981914785590100267570719857566388794517179129051437484868936968542340266247380050410883965975370417972487593702670e-148 
2.185959531279231301598741591742570749391340469834852717478898907957457257098149999804493454784858998677231174899524860359e-152 
2.759270706731204186942250162885201898962490099160917618674908885187609098156503690118707121345507224279270198426462864060e-156 
3.368502215613090836218521995879967285679640795958425550686214853567446194159800868237815694006725246157430914049254937135e-160 
3.979658290153326351830972926077575477715693319051447668619133061080736120525331939208760368556520180361358003753682788562e-164 
4.552884534994395369358222931409430003730099427660654090622807500967962164948540718131436844834045020261313396668935842425e-168 
5.046786046435520451904088797495251153614127143555378614500904909904925321687452430805410223564309677289444967155241081474e-172 
5.423462257536271698139690615903268554673851745798859601796763815696544911353193408749932273538109346057727923803701893079e-176 
5.653390411118898500874091982776855441988994911574075163572310347119279703576687266209231807779564411736248075246177677067e-180 
5.719271150490381572233280911716564708951963206584431118634725875218425455891537551815819383877126895521967515553579023489e-184 
5.618139160234464012570933637653261084948626090465281344871443213463628736451081072147940658094201478452765917047473521586e-188 
5.361392106326194091955805072559097027659850522560151243650146548114287798410977951579041750751664553694687424884907603381e-192 
4.972810593014631976074259799944212257727738094314370965991585326403871922682416083540170034380042514190504394250716007918e-196 
4.485023386400576097212474527238058812336178743150996181780779732226969212639844655845465226756415590344692786415533988906e-200 
3.935126052009670789917434769687811971201820591086523692078552538052025470760920359420182958418792188797871494747261778355e-204 
3.360239684509355609478386917794374882345779867714234570445762162749943098048517915745709979335786527504308860914165749630e-208 
2.793702737091445640939948784757180937566699977250075605884330612359380727129003857201184554767427469576895180593850841179e-212 
2.262369410675296372323677951092311121460144739714933993177246425806000256845336895423956223056007008275510461144883420101e-216 
1.785212674633312780416577977624546834925351733129096781366622460886400028946751499854829185030442095184874186115069578429e-220 
1.373169500703216318270335620206170914980399108062785494045803773746140797965594340794529915959186755392762585950614481248e-224 
1.029973018030653317123902459679719597903618857755258637562596853731728256541038283499286940068436383908917690801786194122e-228 
7.536161108521534284342917494171863113081527182261282951528942707141593539247475027214889373809019078410838377165124674067e-233 
5.380811727017362950942822390445974360851251953003325738115628976254215981661353034954774428094507292774993577003152124495e-237 
3.750292363092082550404320554230895749960239156741550865907553546457560533873517285483359097802979666036409906493980329172e-241 
2.552375077966947751976145844800712933926898536586200706607114068254593045498977175709581366409345609883104284865728894532e-245 
1.696775297643059529671891060364676322091865712246647174077991680778314702873731061500486882906962308160868232404860661155e-249 
1.102146480207616913205715960941664656387967851408974288260845097985322786981307621585833580525027598723757604606773664365e-253 
6.997139553766158597596180721672296900646953622097692728156809134774556117091916048376927954703305621772331875574329855160e-258 
4.343057903508709656584050354625416458603315723690540868963034592829410946918886547258013129026483685439037050763511441887e-262 
2.636263931305985247159702411534035576978821478724948534681672568858567250665922696664264530784136578462567777753361476722e-266 
1.565386095737533150183227955569093428119543553651996703382701007767517728654251405792819291138943296728551275342688798028e-270 
9.095182955827436883708282957846840723045881701296119782354585684708560240675231610968621666490686423767870636731254390171e-275 
5.172183328452626037850921235426946100377351104568948114590125986902862110280512737570155280074615861986388026542864747000e-279 
2.879527064298811631845119915575124447939646551997140166538777344050708121379611909946787400417887315630300253189357078534e-283 
1.569866608201920208837722877159697649058890481347787799491466040866627196219505955911834323996374388239998952662417132697e-287 
8.383118134911798558929555629320023457164405378592857037150249237096441493724251196294531191781627786139900925697297171993e-292 
4.385852722728250261653477547025448260828231871224615363342171380151388246841448007394418612118499053914596730822723555554e-296 
2.248588848886357495392788246987598583608101341017621056031459488206249067322401642639278497818835633414453181427132429842e-300 
1.129986298662060459194168173438458196794879366474751158817873926290775452079804325080185384718185744462348543593635824574e-304 
5.567249744297603665570693744888859944267256989613570062249855902139094917883925269075827294974704367579956662984859369969e-309 
2.689723979356608848824802872632940652123606940050659913272657177225777379278035383045308748203252351797142819920111670475e-313 
1.274580194171088765511505999796224724433683898405563559597178696036577874838599275993724171568912408736286933897256935944e-317 
5.925294712405018071031736583221980286562362577538977498548849704744148879572953886682104967668177454273873654299711670406e-322 
2.702869005237359446254654139933005291651328277149567195933961857202546030890388881344427618252230230473595736588720992217e-326 
1.210038756089565905115072956282342363867035927892989398520863156987837856877993686836705581193234889681537818780126678901e-330 
5.317627747846727304694524895405100251843093876596601415225387467843756440339479420202934987946594876486104255764910474163e-335 
2.294374358800875567354247417511508454386578489095679294441259060598177275850521751481900395146171497515663044257195641341e-339 
9.721200718519243874736112147479529389314220368830934337469684852492111487697853881004103274052365168134878718877271893296e-344 
4.045430242940373455979890294324462509456044095978939985700532445020700667064778516974277739520344782841125615352864427332e-348 
1.653777042940438266921213348886214809880789200128520534746257597875596735675096276098594675127472083001112726890334817553e-352 
6.642526706924729185195692882045963215591031584949559230826060306215860866683691768186391657021640480414603161326846755596e-357 
2.621856404449821170805650862615124990562316165573242077452495550327020056012217332925348615367624740354169793405546243424e-361 
1.017132147883385980684446895156322926717430689730068448218753236987744348654684765159862686505144761021940107258722855452e-365 
3.878921056318229925711701887690868506276010478284585469486739790099339339998750545479263897007801051682075685589863180681e-370 
1.454388302610385712146761514117656259414325659155853099945344072022377081473097776316857957808559241927088489071034280741e-374 
5.362349349018167742602836532876892109540023540249554870925512205381410667231956991056912214794368966162692251576460939544e-379 
1.944478912534216481424836599457895625176497246422073112654097433992191079531506570993427310494378146234383583782342071842e-383 
6.935720605054188300521331719171996536470101264575930792034375456804698346195101708949309709037785018742308202043009404350e-388 
2.433804712116996050931754350172949431591843634325496028791425374002917912685473797233783395710862192843105203442412280784e-392 
8.403302598506616005757944615768432272993954198518120491393290991804770197094402456800788025397598799684360049420645292718e-397 
2.855272650822586671696423055210439457546384355760617981759094273506967569563134412583750959519980024998420559500079375707e-401 
9.548617543049493417711168358873520318339197320797369376480069428054742498900503006649861531762005547088468135226134955628e-406 
3.143327607952197705809049497283452396476865727666929815579198386897325330195902051458733098367449364478631736640221191368e-410 
1.018720037656882975773446429206449983341950950227604237921142425469013939572478012938004078450648970926509037759220117644e-414 
3.250834525389551394514928602397321274601173557800648619980994333581653617721411508796041442380684801638982583849641894919e-419 
1.021568333209544701893608237328965737127611779512851423084543669463516540281169932037013183263230476952194577351315013339e-423 
3.161762556261316351156393741586596556033096554777480472785994553111688505640388221557701043979211526145432942939279773445e-428 
9.639091525052263482538200503595952733248846276880252311570946789297402343176357941183990825643906346800129850604275699410e-433 
2.894961403408880100703735291734339226270231593286271122332288909226495308715191605904736574561009364396058619386652673386e-437 
8.566494619296834607886667215772848821057796400609524427232010498398784778913102846846785671155691111709780697465756510575e-442 
2.497871993786427591699940654369283195277586423923365135602471124561005249119091989497963250962486698106807596184025600948e-446 
7.177876194953905411000247724838370040887060163075474708229523155384855397157663789390088418927826490650538151288257988744e-451 
2.032973557984806699554050034664042543051849750253582115410384765395808873736831937625348385417470557224193720361535587028e-455 
5.675810291791777189876887258117396575204854118347967154933129095756397880745279393098523178808288247377349140264666492048e-460 
1.562190391496323256319757257404658106123842037234738254656988793226801361653464406603025012855068205509948407203002174602e-464 
4.239345201278500754768742889551447767562662845228279374217881150012666083830406863634541020270958680399697030908435041838e-469 
1.134410741623235842837661738000968076939989810679604182773089153693965224525413585891962888744637627541889664887516052043e-473 
2.993614329685841577168793060049223655581202710479087895743160078872033570025603761941433812473714174435857554931142691145e-478 
7.791513700696525073421947395176875334673536107982640824312844700598680660040370336160139132486654815266236068702422060951e-483 
2.000295121567852290634188726585134967280871349555857865703627754944205117966637343805943211039726116509065159647230720766e-487 
5.065911869615049560523613075575935861326670041825537681667061928806784048489890712143853161656858927602655343719561703370e-492 
1.265776071767013860873326437379402189429170015412321024872337828285105080952734715784371950886246199771796209819538745777e-496 
3.120581537410352769998878320731393653395948942458072372890912522865973392227125967378356944442399304982000138885701149765e-501 
7.591658010395933157515440033195804396189276574134567104950253537445361328936579631403636079655862748446058866556600879333e-506 
1.822647089133598048064603869657594640108627309368266949306527472518513371381573915312836966697906705226839466594371590597e-510 
4.318919989658845736266281037053088054334834440400113707007629077075643945672436272114465277000501545759845706780659593998e-515 
1.010172424159873522528408496987185057967728701457885292743083274275889652652726982524802151546139244869133993444070501715e-519 
2.332406224182264882313502532093546291703041313400829969608423852457012583298114862658726404580937958817252688291544300050e-524 
5.316687966668031789199151493681163999498784335431152254518898977361685797364896388533288260868230930465504769095137005180e-529 
1.196591300768143636850626130136651648876123667251500807658475182282944008546806185277383920576009487276286321974728643859e-533 
2.659236870913855313831351640979741787580926543581994590567518725177372734523819394395589463862896319277957862578144621006e-538 
5.835969251329152002703304485777057181134955168573479925386465446534534593372410548700373103786089206604694524253202637255e-543 
1.264886304226288503646005001207674028613743112459900428267387690204715150286575493801323315826008723909882118563299643841e-547 
2.707757181436952859483985573298434129882372879395140821075180921329627008345412265314633717455521837330296013193004727551e-552 
5.725644285801653926563190823344444627464204876672417848510483426640687745282998143462116583157108284515483160787454941571e-557 
1.196001198506885051150987453566152193788446162984456547201844491622394315137677449886422085681814116527046588994889992644e-561 
2.468125043770378522925860436864699919659229104462955428302259571498042091533066036832355133993730189450421154729828662449e-566 
5.032296219946389629444952535853981093051508537036022145572031811377987802808404163601307223400949016289684152157435764494e-571 
1.013826076243702360324404871572478602799224231700993111101582730598955770105612967068901099808925298284133468557897630759e-575 
2.018334757943689606715864331335539332886930305872699340828581280870911205586164008074317957694145931912020803681907346875e-580 
3.970902532725695806348698020260743977219415245167213408318955221947352720280514846424363831967619639918470811393210525334e-585 
7.721201704551589235376097319042828456567152257099491107112549981420176040657477495420303734951844566677509165409748961181e-590 
1.483929023724874327315708019770511084634658212150662291962649026284120863971482412547346494226337341098706115094400794907e-594 
2.819073565642944866326424702878006676129923107657689507691228843673541504322225646742455337595748991259365770601308397898e-599 
5.294156859874310770813937062674341138584037731550875226543265849097009182168367316240528643083141799421015083626555709221e-604 
9.829150148712491848865955025591248389179010725623900781876928480020699458110554750636054036617340465019617973342686438524e-609 
1.804243506879526387147926786170335525939340572312658205622629254404458914845881188682176143428891881253854366138383066719e-613 
3.274652352223887498887142153686751802864664196569206886104361701383429702472828064636841196484269452854440975259641654890e-618 
5.877012022449364921259422289619019217955862204357453813015408531107506014759525033655288402422727349659051732293401969745e-623 
1.043036160362987548225028697408898317548845165898408392840998554660603922561948717174629590283201987318935791098022038993e-627 
1.830725628891739058588033514639229420330922730707679123345481149436725978300208288766269757318549057621321796756371293861e-632 
3.178027153163784236309254274504796707108491415127326871984612665180910310644651920131369167665380707949727267860463257454e-637 
5.456716175113405823447050187504107256843691757587420732370047810188337470918158814605288455573319749662245178295819104905e-642 
9.267725566085976582577200613277182867835484403975462901778218541144351290173737243631893538876569317626733511054259947031e-647 
1.557081248334409105617175516063263717170194329238263696087917207760458827647485130400661905223674023886164633914704100491e-651 
2.588055723136306826816530752006746757275709529354772979178084333029715428078833086716776969673562713981363228366499567171e-656 
4.255864610028931002006670294410282979717701974116178036567329323640883671546199323380889109430182561672842287843462943654e-661 
6.924382988064483491938007585897124458413926588626604452926203677991594213166788215759675477069426563085526328551711349189e-666 
1.114757480112932122676155697697366080674360972632006578921939455316413735386785917982634961302821884470838852680337468861e-670 
1.775874902763370581517315471299965987816262977372469231603450594756896101261717184163295821922205556713173201965585669055e-675 
2.799647252325952078208446053189046075037969773575173472164723209389714589132350546245176754037305992232316511386345911187e-680 
4.367965855647823457224323378507353796184062731740183333559049359149984974717027430195640878511589050057582345806871522341e-685 
6.744749617569791425730704553064738525148357257140781431543388738163267251072628431855489070005510218392921456681753573061e-690 
1.030833475828762233886512137630231658257639936647975361130315771525317009420957495403548142382813379020563700854529341429e-694 
1.559453375963311028787077527790103763667468402566378869285466803228415186792730678783866930011111321032875270262744430175e-699 
2.335297991731600285685993617417261845299478500156924618086773952639582408709062794847853585332012500586014650494997414495e-704 
3.461965975794765392716257409954974719880976364343086467449555779513493765969878503425322906787572030726321558965808002968e-709 
5.080870617245733329859159098226070526696560093485962480663458537148875474752357751982789560998311268778519105081445932175e-714 
7.382650831160340847504975745777794455621110716624462708827242966819133123759270074028109989911762162191663821109721711203e-719 
1.062109045234632285094421420661782698874393278810714115327255311441666044236108790065613577749055718614497436982573666731e-723 
1.512975669045851055692554329781990870525402052098052938232691969175606580614315650282586496412368836387932300516231540135e-728 
2.134145629885887179818034458586838266698309763267247232550574935925575098503732193390319688637070559985887604741256697160e-733 
2.981044022320670525816105784033202317485527740062702720067227875561051153843597637569632494113691723500263462375830719498e-738 
4.123705743700531502698439288488970952021438213098563191408152492544554445558306640807484654498985306666170407621479487597e-743 
5.649426335128640875542498739723160929518916933511438238841020591333730214263624702289347216619414169350261193690446433774e-748 
7.665503023044190266510750754998487228283743119876055684389236682846447231788386946647339244127716487375013761335310328207e-753 
1.030192964996565490703955280084677266594748085243660565089197151023943470703338314769362305219931752284554898088752791349e-757 
1.371386477009995755146061494977426886705218389566583767742893187401824987966429356724630393187575020880498059688050285252e-762 
1.808364731201630168652991534952426804383498709322818286475320830072972280137104808807131870202170142231109546049129723995e-767 
2.362209278385529883607618310001464462911493786215519794689150576683158135469458939717001202089607858847972198195426681608e-772 
3.056876983057835656451958296573948255269272046647867015647415445660446436768015114155992576973715402563491808649006491918e-777 
3.919093752441627291362396530316557430495846179511727216526732679905968754416438093951977962679960231231015639920769157504e-782 
4.978082382340202120871085365190085110246801464875802326952681338268481211599617068506484584425236895059588967771242814929e-787 
6.265095063991936615887498844227989433629277253258419686015064523861360267831685287447805564715874786788616920288187741054e-792 
7.812726546089569791862546544706612755213221300676255967931007560273839998587993535918900389422456291584854997902967071492e-797 
9.653992633537967666096881312553820901094132273872648857933551033786175454588059962137712733366812213664781833199101183696e-802 
1.182117067985439702581105609667663393616333778647828337726394220743555146870266417709034949346285990676694172404519345902e-806 
1.434441374386053239237722647630312890369462848827402112371529735660198739790262059743895002098079319990870868371100311036e-811 
1.725016754126756298978829289147786807092065277163828904494056855102937986908841853930889700863521540134014879045255530930e-816 
2.055943827938907896961755685596282411621365220841482188972642405199331455843340593107487764735254918327340456598502686808e-821 
2.428597863698956691799488920982659389224155765242823291551274647970411233196622038184149979149160836691819808930174097571e-826 
2.843447699145974520026077388148687507998476883912585117610419857512686910481333036644119794985352221212956946960169749587e-831 
3.299884979069937406533269918514563683077346207384833912624818393080265867214106299877262503865641392086442522848240282382e-836 
3.796074698727413272164669590323076285796246941993957144368606847913993095136603186180798770915686787291941883988816243733e-841 
4.328838411796189868733450329183283725773732409445482532477826607846729994600276831249621054854124938860215150155851098809e-846 
4.893581067272587496380654741417450712886916827974482714405994562045909445974764436193319380470191578987412681132816015091e-851 
5.484271210338622738777391215456494138033470421408508781729868128186028714458667304244221839571995609675827443362691187657e-856