0.38046033809539842085002229357577918295323466381273415645423026766335733216814609645981813916058942279720680124574029040087767892149751572481636459995313493114366676370609690742133713816902339208181390702637583705529125438536924975543655686230738847193878888590878072759111995855509187891363254965676870766182368532161146129937578081710453618663916637143188488117858688
0
0.0026434718641305176257563716800262684684097476178267674264449366459830168059848536935467247686995139769487680023609659067082719879498797475007952877050995575252443999458648443757637241297100470096975504511214546241550652456166233565490895409532927230629458493678534023248714616075636903058242647093991588286309844386034353215509782606066955183481547217632359586144859909
0
0.000052606681736155246511528117490319031472264715982092654905063946479421307886219642965803202140599150031232117463474768176740940354165635318256634790657455726469567781960692523857856301278083634614259596944473871604043468203259099940613589846079856325882892866568242389357165321418699463255610074973031673624765537746018858492033908210085725245081785799692588298172390678
0
1.6724687813327933334436734063541706212506514263898687834215829268379601112187788787252209271347957033178530610647602259147267765005082398259512478527885725919928199149563421033265350229693813719535034666843492046047421106574840741472207753101747754739675620152385738440687100754237045705145116347626821317268163036277681771523816653539907771922079714894487626546208315e-6
0
7.1579962620816764089750836930297073855575982378024445175396396404529671401644251117198354951375715647514938058781571340995401830094241918081884152350576172636925262873058514880070225747075411025299411383752009212221780296073254788036650212365819344530868959109018448376526715695502974126837443787588040793423052288633304525894071778657383226757041812936920941950773522e-8
0
3.7975702119799711923382297601582672438588586340699894343874050497508387661091972921529394998220269447029303698411029115919594595667660157987760089758743273106527614963464068203667749788200140766097737721071537030180298795400485284446408992029235401682118058993507509628150968651957245422431169544410583668496454625325466141038749313452292065405762776981295316327392997e-9
0
2.3794632018852615722317538577896111996734024298605127146916896947465371352608826075696215105110771838337557361286567688304777163936056321421841755136037867815532668424144366730260522239850906999852098246386299425658993768766018764557218012073793801045435963719608878132326648446506638353602048514636554421883624694021767132153480038028079064670006034908199915932091012e-10
0
1.7058828590964901496702438893210155394458035241939898359305973790928948341782396692727783198024158970210288092193939600489053023751698274752269886734034914396605845718746693277775336582211423039244242553363271681207989093110382475752437999131930135617371972736167585383457386439621007411123942928788132886369280770182194447495325525158518655147727779475788795866011536e-11
0
1.3685025566294465047831340597206241297387037073965200388612172667440400192627209619827581824019299924168734216890003617089044644506307446227592333347879213039763934083534831852383896227300163910852834610142640991654950058131652334837893760226878892087148285107595441545173960458972485784626336830734323345492749651957191138514451811356682654533824786193957528822674216e-12
0
1.2084392239682673338855785412411132370062844222340074294906965733184144449008536416291447153024276099376207945416110262869113404261605060068298183168312064844792977356574338891613914807476405640930252772500623689710844059140282493940441600609616002929503574821238649054361667340550801144674585993899810203666624212061545161055896883220895602048564792422784180444294125e-13
0
1.1598743257316799062254515962894134001798153589095769459911532742125309252867890039409831938397184978150988179392910208393052251762018864830967491342129656414257645118971279841231867852033518876765559252826022472111250053038770595140407623439244887848862292565853726021977137247476761760923435173073214292001901313153145708211642028880179220529292988027391781982549297e-14
0
1.1980751238996355944635676417096761922683576979242561629949683795321672371611134033385118236308450451753049400014897472105108790521145081948781588528903044492307128880043367501235586190738985865725597746188506731348504997478353498677446212117834456790598573271226975605821306456005522489088556037249655908842301453521664549919592713165271904525858956835450179877635262e-15
0
1.3211650652382739753641247656743268216470428483519463510673323836673527437275375456816584170166006858289411202770765088133020397622038379564738753868411353152040726990138368546242509739162607338329011710612509903394385588750022404483739529043787725606098557491841781122254545380849748182580335043611653446410916857340337879247435567907184049414416578545943682205607965e-16
0
1.5451189703317998719021985690935758365701252473152694618822070398418055445974524985382356646483484143243949585093049830254092664511423990889349305972547950630643596472844924003338701048106713565703229764328621745316574669589439913561093397971567477935022210470723813491269743269922432568276557941217477584984418780984734174438364185237354145409729836892138948422347517e-17
0
1.9059100081222427144525339223019747836840057680474344666500530025801170448956136414925240207568701051362142924565701171415525047043283389950042604633020240321171402533559432989827554615242986531393671997404844815877773123086071119035914623101877682697627559186228255482869932301772350603285428145151675103477753814560799946861168938629949370680192634090328899316652166e-18
0
2.4680266569187676657415876776386822540876301175916640132890747493459295186033333649696660482089217914803743303303573407547708691061078950354036592739979210331545804878162845632973261666406559165130295108765177797790015963735299421469165138358974308186273554543629182046872592694959744311715938927330468564631641438212152181850859680643589952224780355272798334195903982e-19
0
3.3416978662793698788377338921811462217784463524397275286566533435218245760232777468195418382560381209299526186279166892573887106676228381932353705065934943691423324475545415102148822145614351644610591464231052156175938682283894443398277442616140415192316819578709882630647807287433932473824351727214068602259028182714763005906947623233825106453108993390912217102280100e-20
0
4.7146791846663447823429129190010490495561854675434421721203220164291042534082566204540824884711162379095596569372708212993069876476069031900706921903786137297957965945012561405660625825609933810512049990925990285285856296639647073152088557572631174964342124447422642982403838777549289208241402420348310403880382237768550116007102922170265839306142387543864710802605196e-21
0
6.9102584643810870209392867236646890186298585281261480864487589208694191384210440452584576911771131713183883461119041939519282001387344537247696409801745195495589891795881522121731708746238106321755038158050763043737790047796140344599589416584293227454944582718274429079021908034069069690516530263328494967002580167665256998137166431565684399056395206489880667273735793e-22
0
1.0494015216427574558081136520714463533600493859004265730283221992212568539590449873767753954176458901167930549331735541733128637904594508065972810641587492403984855539111661401162779037041630110480649521226021855258647214750803169886939543739333399368424248561330229200290671413850886241560777945611633919602633635578379463168313521597909422287265985893454183622682197e-22
0
1.6473080455167519868300445944752090189469533350228534826186111820649643969091582076507329018751366287754661099421365839821215920213128154519734739348439598997689331087375615228510530338182352861688355687692438625764352810038194500440900859881308486702589707290709617313047901342214294206878232081650184418603428798471602503530650675855217163681712180310043929159461753e-23
0
2.6673856294217515398078786153052244800427874838031311447570372558352241848413753954710519962809227661635589041868913670660569014155491841006356610972702890583760855914971172691675000857018354251320465121575206737310107423190239641376823961550393847502069736027396802852457500372888563965032323894023491253554689025862602450829615796803972047536837932190062225850024971e-24
0
4.4469446012894205345002939935631920466300695778463449551175639080564128993703392441890669692075926441118482605175701489363795202753295702929573008254946678745550372985295951656304396103262660036235653249150757155911234172708263564798004959117322473873636065541123428252613872176050953670123393751612427068883056552812144324549493020293696622499312473954541463756090001e-25
0
7.6202808760671072860343341985363540552093034872882112690290046287995413993354691560722882943767276225246115821272103694455950975883341570753954747719660437490353791981107593038941331077976033007337940197832969503753159526887146804697791677060857147923965873606042362612947526765801813027701801924724988831651626875881392806336591497223120587030785487661903609716771614e-26
0
1.3401463026057602012914195780075134869882813965950099796071521239666106892888920192714532748824617053604748869662048881807295085703761761937613559251848878976560398080016801136777603485872346292966774591659129453594501959931350942855128812204019350408553706525184095192817638583057326559535168617286192736469286449141405921875980493659742981119921512277506952803992536e-26
0
2.4154886716410635528471492189073611898850346737220223238314832565125206209854383691099786797686138575929310609401720805384160557187188380992480186798643709276063809547897525974533433542947580135996483855807575618855822062951368108014964257484545092701522239144490203723177469548093331913993824748651609751121868553951056941319689273226465396947519374285820573922152254e-27
0
4.4563797122934656144440076368707232884812607195558086995021909358382220055110899064619837484938096705641202144577184130200298212006349859130149880192354168659716356009753457231399541857688165142487261259693711237595356329434117420645200036892173114652860356663977519687958144932976696065784326306878819853940118280418516216917399080155098164663371282439520451581795664e-28
0
8.4058831566782600892970368836728225329078414750776832523402421104460301612189436800359159257314371763271696165960181557530069711681498526947213640101264426412363836758167006338120158285924784791537555483371340640393164426712413299270035018882698275738766489432185050232112162856681280703842673417958202471761393505724540163908558174378558148169679173442186148326589914e-29
0
1.6193820861525368204446089876479568412573671542472360415783748410191041365989896532741082849450701717193928155317261199643770809419159810052000124276933812236833706597065571598530634494352036898753997354495327093387188252026230891254624262768343209577470306577910607107598567915623149505758767512500379017904101692453175939197462410424942875472676973754066804830032742e-29
0
3.1831532779677212183152374302262039842186549480887671327370082312905384307536545463719645338141147857629495093101033840659117138620127210066034732152686525524312761292377307052620760721159542468300203243816655508130358331132952773598451195021620880080049506575081840816678576856862601398257169653447701860225364193370555259315931725164671048142257271125505958717289509e-30
0
6.3784916024983322513369012016123231120509047128880542555196365416316605567939454811118074351287935080696273315724038427522591124383587742926161422877233112951102709942673607498920528467571638562169909819747745308892605425625556154260326059507521129431778757456010515158650342942017677522101510953908313580395866326086891299713062867896942185836837446626333981876480046e-31
0
1.3018762826252821644181138807359164756261291687841814034807525225440241186838032594587522746146832319359522629145526004355719253579555563747422167201857039773384917547755287498723917442201396659939695098976889742193047229058542093989123686067141845546093066094404124442360011329058503226737810708287966426844938751241628556913553190548092542971271192025292766075917126e-31
0
2.7044434830761327183762293515562470721601474773628372796145448810791958782338028024945362246490378312484029540069749422687220023831523148309691692510319926980266832500503572850908146114967478879553892064701503147260490055956608879896610120621761652389408703604352538489697067669451993082333268228045450745713604657124996128722945129686924377735962472785855693389439187e-32
0
5.7138817048717440873103161380442531471152369881579761138963786578559416123845261706873055353909765784290936745438374787385650809315687443486678313942397830849312938433153330942387141498046899509332237156899567005350722234398383277812119283939462618659729771072397983334096779137328308922906626597064327761962188901201591325818209817295386235917190485389975029908140541e-33
0
1.2269860014599797771554494868173724440872359591892441598865745127743508081272441739253363620559919417616180179479271007321792176024611067160400013858181507660541931869254362825669151327295325974590521806048624580205005687464844375685506562809566393140666021702821379607892384740229224914884946466348838675053514721835237630932629617269444802587891641368812949970487777e-33
0
2.6762834243662164220841117117784656522540355996015897621689075539179768587966884371190418872473310270843170776695043467275909471240043670328318076692132475306762507091698440676902490676031277042808089026418061917671806066272051133151426703873824748679511103881409516318681351912315844291454914036454263116348648576670902822892409958606754489283062157595866706888399462e-34
0
5.9259133164187843037397304709087844619607478829319944762284526841249064130490755722752379007505808006650417405938052415568015649263088924590781386331065494667710046922223217343681647938843749477361739257381892433908815950922737888932563348987893090438555789562914222355797504656817862747005890175428397983244359052749628520464039712399115256851227720938252816022892693e-35
0
1.3312868335947431468564652281956499144394546634982584697950356499739703585972703876089117963478076745461442745407140919500654450826560281041026372720683594645052140283294930756869407364534709527290202277966013921126747268640739941184856215862443422985787907498528804029113441003977732169232549042077506448700226267464739930034015993015219442993317360037572573594360178e-35
0
3.0329001114247805569123101079609504702499427110931704889925871825422044010942739782285343125075658012690431765998981945560690127693527423182221295958816105833767754820759557190147892814858932102493032209347990057251179531917654701781289675107964111106451839473584704365558306786523677724478252146781490256822222284518804228249514065546748689208106415301772196727847612e-36
0
7.0033360712224426469069005726460240334511144659357158916917740604041851095175283446376967533505524991094849861006850846508072356673038130627256882310063281486562386745468465523248009601729625273014013795932541710185343883863285846849926922976368685294120950350691927508797206841778937204010768894833039667339425637593829985735130031630985008248885313389729739798942181e-37
0
1.6383801219706350752484261275661404702044711940933536606843247343035844840612942751695415556476259676358120327694091246959502501490994945458853690105523873628666489105240553191967987413026597916313466416140663666220022231858111934919527084832094369945544148332609513098099638261259307873570195986883246406038688747644098930528239387872446986138261137905723104671429322e-37
0
3.8815114705492782935544349172160190798035154190512866393025224301995465067025885687369289847706225095418308505754464775221351053439479144204417144131361240883760629009119775153402523095437143388466103534591965956205849543269342983733416703782781269040684808666862144638251722998657094378418700400965852956504279905448243209558744661588007284563526561110230627167247978e-38
0
9.3086684477090559731926911151337479813545868204636694775829893505651917257436748731290832724063445838187826273888057763681652091812266244902848422808590290109405395297190409816446216534587989999410495221093606677121756855849519721721332931039985837959351265321697368750821154841957729813693124101895211963648479984073803070737997941373973839098507209901480289844167540e-39
0
2.2589584772726263823402555827948232527383552216289069548745009805934356584105629213098219536455117695665123287223268940887650881407339186296230841933027005129120161660858810042287613558902940676033709482856259718711485626535504679798049857252868853312244808468246294792838520238622517967838382492123604263905507726364912183481081168815810280425807912352320219120584213e-39
0
5.5450473492552380896161252094489407198149135532556918571605896510757817628455062131302214859214062727092112000727792774055499439530252304355549545563791777937998462558624460215742452144723499158617038966126109154740219669680371711275487218805931979697854486844225367867422558637332392116946282891554351825435044392081856491942603344777961651225705337580134846625331512e-40
0
1.3763506327689052671737591745512660012583692723842188014796932481727408209344359383727283173422278472434245898948905300358765804931603658533805830822932424089916337979936779879028455430605780701297090472827582893890777170826250493201501198569009673217864739806065351160101333689894363758547333046162706573423873696981121526930100473832288129603923514291476242117803994e-40
0
3.4533277727590447593208733394799807113181234986156840328526132952174938858249646301139565907887736667403720964509136251726191520592229907273070482563758480258787682594090434509449537258743255460894985980335170076009335771425116623181627499496858084858675507373251442204360247743170864653771306985144935148913618476954071569994073736979677825292529005191643961946185116e-41
0
8.7558137619093779314047630679782823881230394822698828788419574438647714015229025765553417028476050496154709062758327138824305543090434485525517064619800539784855209821917182220367286838878997919058855320854646285664303436728115644377349284778984128660702627463949204146382516200277082762833705488107982048934129902769843607142444552433067685839625554484162985748456534e-42
0
2.2427295181800221797684938443513837659741635057866095286187932208585015884941409375747432977250131271232967460365815423083448427606927424955952606177104936481087615463974110672552282851390585125992098545267648345456188110587947863038991493807132301059518507286397220182111849233825922235801636778692833522021936960278834463935721376899900828416872909923645456022185089e-42
0
5.8017196112791880333844569653125992568844733290092744023036190412023647817434471395992851198251758872596791587320581979577081223878106143827594877374858424822376479287218868478000863036483363770719511479726665538783333833844085823827499128599915112918927293145020059415445829182588870219216916626826582062636180193934882672741752007101619603176235269697485566079614693e-43
0
1.5153729067969486734047281031164440874621881455195822899806487870327606008661826684693457440954232739743353460278668081085785075580053480156272858291424570926988830695627038576770665108610413380452843012541289773686592374333814147024001521441203663082961523006086258454217742782158783852943747312534932550529534674363125243506472879209215042200626080251838986053911512e-43
0
3.9953430449643903130062149185102484724955293457042756990969487168532644071123525166462808384429511265685126455896093452668988733123151835940018882665593823755721434024484434042930623212954991327563959717035787458233155290825473472954871411229410971276497229425167706735511857771502279882567277136061170535436777081687239922331314847389477031934672379772754462150248883e-44
0
1.0630513158962256998272740941752880315062448835174615223073204571993911611429228826981152317544984276229906749472851219681302167326197828386959455805091095651665263741590880316559719076848612941504420708013350274571533587221306979737603119486476730407912037340721438010356310018209229861448512906610406060315394861695715542903001757455009718709295232779779806212756029e-44
0
2.8537668733404018303414168084075260340757738057990557564119503367171921397944912019869921322938710497168756458502087624138295509109405126980735883381757342947515863403907628874013819125620179693116969659461365054097243079295347346566683938533683472513092530278923030887803638818779765296664725262777616641159605423502729427309929996378798433016712406462324108130423130e-45
0
7.7276913454080920906993451074795982435325228111901892945926370087683046411195648596684384316418241595433821206696509412146276937609965134168156904281937383542337169056510597120195897000702078023755130242402811295186128182959060096159219034935240128784363022599519439131254801568746196446318433264061848756593942918284040655299101827149844609970331060679110701374644591e-46
0
2.1103529182837589763787641977260225864270436666091702607067202435115378829369296479939797472691615897868330379999268389239040461304072701050292497345855192278402460251045666601962722224256247165896487106084615046669292385455915992244606078800891820407919896706827294853501037413250794771867197015852688146476485932416273147558147317983882070147005495667523207178470776e-46
0
5.8109264370831211083582344608899229970806846663453508418555858231755441299782547075426290871411770191640797882005976930180306065908772925796861925662434403494675802071950643247191093581701719080468162640695098164280378171290267701948110682667370169900802777889303184933306494610024492207273348397019738476413814205574094788008815595905713006936417265684776408764155548e-47
0
1.6130031327161486893021366771708556615416527337912501372106896816301775892398259643276357067375707697143060183828651293595786098393779609469958628870162708387162769805008891153015885072981740494980301718344787917009613562830939837921759024653212729454633398780395986332302309291331048563041303517973141791067113908427045714616844456854212459273196247320123932023022765e-47
0
4.5127639431267610956338683567372303207590499096588186274289394109175322817804282496678266926527566334944242869410030799002963258395501220990631640653075739608263883468441100026074330589464053826813036656270730512129455711945022846055786452883230229978071794188738045490428818375752434096443567949933200906211541968964731896122612415863712797269330866196427682525251277e-48
0
1.2722980965968476021792238144479420182041737395019980061532495845819777856913191786575219477454821723597174148894467110294362550506164458448317528821785346992932843586016988536377249930712129392615730495156104512713019266582301650941185144510136093532855896315977165316122768159898622559780729713506631160109898059558277039843201109084432541166198967335481437910527802e-48
0
3.6140848928203558374115732453095158613781639771893829972068339909327685420475115342482654261222324584409721536848015244602164034975547524701419210826527286656940016505547986566474422299937538210463431615219222991031359729591583665162344212678692530970065209005216972574086763231436941836525880652168182178354381591066921867902830237024128618969455395402404557272984186e-49
0
1.0341851483381762087390526935238841707466855343868385090758269260352237480287544016643390646594675991099669252104069983625112183951296232049706135121738213844009559935314650250782677947397863098516434529107298118723418204981280894971781224387465525028177559759754904226748062551926591028221894345166684677343910096513871268949076830364282555449495015548096924173863199e-49
0
2.9807031909683935486811194088449393162640213550184059186405372275485354780588649123846750292291512365188100851544781094295349359748493561196687653483285849224211193625610706235391488387103240568520312765771780488031461097260625004240906852463690231937549774108935413262541185116861869015943181778365613174889061379681903943724664815469671547985885759595654930541433839e-50
0
8.6515172198017561156569754808494346187839829776257020906908078916627242415316195102813598561502001407232574843582766935968109201636430116990135813243126056398444897002756789894319022443752135656815902053265154667503812074628969223561017788041424901073692354798087722586906850465078244493725866677830708742849573822865538914986278263612446758529322514799982828997549580e-51
0
2.5284479513920985360047648522837290016857903228435261910708294110777829224513943129819653601149246043988043228577884395269734813600929228115418405221735398951121563251999936636949082310473140861564420790710934261603560894772955810611912372993542019511877899097580966810498154087288637784385817366128714060820146776305667564973786688786232361987337538378406447818901502e-51
0
7.4394595988407752117237930860342557058233954755149182738600360595275377368268404904830585133169927076968209320183025345672146448009686548231023587758623334788403770642575357046392573134143592655917330353861617365015774334943125035361720779185231230211029963574577134678352814295741733790787281773292747319883735892530989113974284161632473425934134293175802527750464528e-52
0
2.2034035713610094672537496595819075664905157481633060029755190270061336748534104083873746783103546847320276032760252212096340919879816751459089405755381693439007392356172376035126415683710597480349823843461290629569638198371692802607008048490123783341357143104521731593027851193085828036594736449337882159774630826642417320199909600724888585089481923286911984829363349e-52
0
6.5683119169322757019226773380543415216056945651047418430753929065064506661284714867443695732385275983212954518214932008527318932022850412686430455340585967313717614526092605159009749418417716235710098169932497373170566302946116773521132065555925660287948731738024219914494045018461246548035315229080222217298760684910988926509659403833507279290757991265837580528888022e-53
0
1.9704450625664811322650770501045250361753080892985961566077225476642376876491154642979645062084294564106744263757764667563001525697801271242161193260857223687361848130772267738399291508972636691120246383471126571921458222785444849793598087326852739979183097688527306050854403939379391251566628280819403663139970951230526658547795150304000314221343825763008988732872244e-53
0
5.9480064837552767790146719908300901530078648348254490966836675491158319809377373670022784201877590733726155470615632714599029742802257139672469424515742742058678809310503607155008296120743430130927526393667881791782234757694005789809246348745341566127525428177255655026898526265098404701186425902165053259594152527817109903170268986975509710163743626009942321755890810e-54
0
1.8064360633028122576064206227055362379702964140879358520711534725051864570674104808280741942729172326082281259343833683727953422102000206935419141253999680423950484976700451184401887419288987761935609175107962382061013418875459116252676921523843564745253340268669783334242907835072209449551914213225900141457783153625176488820117971523645775456706231706701869462708213e-54
0
5.5190848638172197958264079774286849991003562803020697943729668512719662290224064392421519717156427429180731751905655138225942287060264859822087486456384732982559857021583339744091707755019801118514651561373283257567864862386060615574158768831074168277631518142944776512668784621890248345439746195893402116419765111975832968653048552095518502697537058094532995316817818e-55
0
1.6961168855551026803342529739358742569175118025754437967549373404799132437555051377065251512282070054439023193427533343996559886601493380462780468200341246211394112727215692557098831926303594742685672888084233384432394230677930675138976498688773201703553909743649007644125843445027662612088523421025193132168766881353373973377262913290087890819029841357699962100464684e-55
0
5.2425333979476133974399777427081446304919649896108200624128858344275999135079659397037888045204336083180197122700294182017805095282934363255389542177361043656253750466553086829816280386466715442269737453317912285730795372033839585706720248098850416878145151504014894515980877374975491007885599241578421732801628039269890948229830591995228826754381725530703518677443216e-56
0
1.6295862804958943071659381009202017709241926297665645714830041425760970311845879486936889880789595140598649142187480196314818936085441129898167199210618590537875743988526764036616293244891255640287901176697952213252245759595912188555497118315201679212674291091797978346190413698257804853867549352825064406777802546773859107424098018574628829185106428376133230066934707e-56
0
5.0935395774890403869831536331297639811125359322740399692822487868614740193924693560502692099740343026211187099141119526841518071509884668585263305567306346232355140652128233566642176783189327692751111669575602968044842547841914926234808140524019683182404869055374288840260236400110136285257239559982818003575396672901141170627550734379881514642102093967422019630644323e-57
0
1.6007555151527718263819401614773420860962028435539098495634057083758001581735087147887208194997911743068449318592394010111473927339974131218251991705271115478739601399985195349375971666834267568245184076822887496112406717179555480309592962368301814372358198243521417781693210934814357574428823166868963270402699504283872533939290906271244698485295292066412633559015817e-57
0
5.0576814102342940185467537112057917622516979205367935056305380282480093588045508869705831966849084921241510280883172771669797992882676795894986401030133006339481790387491722732945950738122908426791785618238636933917875812511422407160836098250844211727506423706124002120208280261163595722304009872611192814692227702247493977161992181934724830717738032529806275929634429e-58
0
1.6064176936192757838553851175202183205164085081894611230510415875715431051533215338505431516370179432116460311349164843963490050058434016429085433881070839000998066710506157641557631051059110185503502096668532701279479646081174667572757731426809623842258386831125662153490010284399792651109796434340205780595596840343562839627579613616575602558694801898810112049602641e-58
0
5.1286924030527665835815646330434557518813580711960160164933668557184282932868468148018515255640334041119815577611259343570790717140356018050630153720867208490293794737799134129574261882391807067571653263075106341522282069441809926704510494864106135590809034806734967682456527881885437542372750609815459369296628339027933179471072662608768543478796669880866251121625021e-59
0
1.6457268919229481674145843384903656870952088580030951508880832257956328502649500141684695157873103089409041525393217630038561738925361331105124131404969064703125469033916446172008698154144601681648486985502081329485815606724539701666170098915929046771614840475111276652602537761173697931143603609443234712355380114168038829081294473396804270064840374594654799008920824e-59
0
5.3073130432487816891981956430420990908211609638785045629192409761329940848115857154891654165934205706180409031126700118984688067494369140519940572404010708760618418441509607442872073156112715201601402919727718739355991708523609441450581622105232633292709712925168582798842803138732600858984470549470671087135379302837790869252974405937492950954035110278749563348238040e-60
0
1.7199721760352044646946334892121019464870721992849671876926907725004009208239226614787788617668198194244145460462840748742907666681368238062033103693614734705645568185906927122284434561089950266481579583451796459787343032409605301888928963118795011363825145248911824195256476817039657471854262560587665505863978290236922460815565111940558492846499077470987684534011863e-60
0
5.6009654229129687019935781139769426820099755769997616647269415387147441065172552864097715915169256440749782249218488621897250414772361100772889465727689648914170336271539341055118661353308429038672145788626960530014573326293933138662114302713268957472183627825951780577569871755288304425341248912970634990270351455059977204379734507727160818876414136213166177312913503e-61
0
1.8325889885337975640407012254818525594647459724171022374494506564405212912212815328837964998841140286602803294539597520230611354242964932016421748864713773404384608642705022991715196994412787327222578222560341093469753923084228421766030397162481354100513977890376548143183818529602515804745779723044590046528392819929662648489044880597127437936108546967773452885794032e-61
0
6.0241373587624906857896850638743754271865416174297136672485438038905487311352548016515183871578488115241262840810446866177472534768377315645486969209864418380796245591373847227024422444427427357355012950846761635890371991025869190502634220912464779055820643798688515709563584916741482251396890069723004991318220707254949878134266491195897669085785771574285233068550447e-62
0
1.9893906803107469371153085127581496335893987015849641126739589221002357601793776303678695736589101911341257811714362919753547411420617758545400894568066625833448926996425252719009634864061759030900331739037635773629414164465313426592066494947848624175914493190009438435294198623744926925096276389212163388433626672764470559984488361633222383460773282866009548996790402e-62
0
6.5994750693474237094710739911253956972534429944734835171186688981129972881255493845506560946718565679566781198060911121809121317721191940532737539848657722540516705141006027277875063417868782557547743008091531210277520095883781670267940113952448844621200343055576797140817920766051646696238895168020891793615354285070587831830275187437778970059364835092095126276540076e-63
0
2.1990359303864202724733505367452124501419625459813932826811963260285931882041833569031727310430570517050848502643854458820225722406749471991801053383563461452567926274822039405500434448904875381029374367048311784820752329658891439634495891910627725008163486354987010313696332076043645230287344874048448711896175663508226595863960955544096552694096247526199147203066960e-63
0
7.3596846182260870423249177590072477117037554470056302648493073393186329026485899016289458231621364937423183273722204289189626209021046549147141778276773877705691591654025252007771586612332205033544707587628887703442705623255147904741846352226634899553712930474048235936939951537938399961203028664855473411878515355239207184315074002287545554132749630487202302898593400e-64
0
2.4737803326052737999945614458397126007278166565900809067683973924772306200142448050923865429499371307569113618180342496288054492190641325005344912317482111837844037624778699383316427835734420639309352834771159305286673633368764831492346110360626647501895315809580252058694166646997005258197937610829009933084806273913964486606000422661001693936041913142499408222320641e-64
0
8.3504515984674148530553034777500730539022683806867068528433937217512009206249994800807511067652910379189197621267776809407206677598332300313301559456461051646415748306835883466369838074407990689690143409035846203859751336362696092317247348955957425229032696957326829395662981418295677698419123130937520959074392025377551025732854527829775471695029590868056923608428743e-65
0
2.8305984877814278836959778780480518562771054845830569186196457847003536005028809199970308104039331391839425043469159293822749739630413518344557670592880041429447635926364163652251505392313932906633633049517982047674969453903722563849457177915746431217172983519621267215893875367392061321876279821650109023475259735689009076228985425470431436732313209511776761078107758e-65
0
9.6347250149063487604574575855324238722860428058914312446849523913277904266971160558994108639044755894479595754704635926724865893967702216921022647058999472155274708757351501688739036529833400947646233728888720910429086081671128146773890685642151284428245224229766562948186545813406147136124919756495995047513366951474540052407255422652659546401697671858179794107758421e-66
0
3.2928129769840154033356915451879268204612392828337573061536941395811038575121819659998220044530913580240457968054471733902312987979796984758867589926561419111119446447318853857558027541636859776333294495148125404250387489218725042494286334406044377956051686899054843315613189812068556155931653184409062548620343652151152787021168901951346041606704823175667951239881948e-66
0
1.1298897795378789793204448655701378428840445715089719972644153590498222059463423659216110073021021188205111357558109188024448672999922542278280093174235272275183431475996049163392401556410493690010976188170714684985564246658500330091200822263037339534944891023998559765581262882621653453122281032521026141679751284471547150281113304340197923460727035937048133775372844e-66
0
3.8924369197767466509081550033731068253667128042254336648453993968661931410544515073141265279890076023149918035993999971989113536809267875136598027663512693064878882945435507239102671535716660083961380187296069427810426410485596791772094073481940881844840119077742520333111868261742624025884767293503822794311110634915055329963064125507119544022732278420536434561205232e-67
0
1.3461683917193443680116846880549392234737473314325397786043554559155182361746224736738315417608814262109492422865240186838316123150336070653484501460029655777183726271401862127465894474164550078038504843317180912227880467039743600358642104011481034453175324191023173637816430906496038449080314822571464228038131732008503507581887682295836190814683936274474407903862379e-67
0
4.6735392641124840693654721710762183240400456263736110398463362989532534986573687864854944601595178196128262943417413165710150418520577983122658889128582967726521879811859811056029554234798569554203985423274552773280781088695591541277987753754388645456603423532943446015035317316903926290638186148895463608771337957871502155083783983634892057280274002541251090401933336e-68
0
1.6286886277200490892138468688491977189887402284022633608275653977332060148764839565593382706514501131868018896209971323819260537925300559304951893418888711960198712242449423878607507624374157112578134784674501699979358251478727561253339786204913183922612027135336517611908244941282783396983089719954098055550143223477948150876338875415219296509995307350806268736422766e-68
0
5.6970941715792114614741907413187185976779327569693354933303246783389051368649436449040027421539375999971873853925331018089975613256988425639919253137374679819521762516413087164377540219590918241261592582605923018819978294144963263673503349361914329230804488544458153052675436753455343680512541859205340776586224822402909686565577174345704692605976497832649182944644250e-69
0
2.0001839093444027868906334998762513870332165696128326751451316371670260596967707786869763794585248617744280735371920061904199085596852492841897337491948649694589195618811089423146663684092438172934268577689076369177730872494319858220664388066582650501970978671357378942706077257499230747579511645831808038130315302414510359540266721262323491138824433043267117180068159e-69
0
7.0480048743012500026485747047037433768663549314205710268848809074572637269177502816937069327685840636853888577799494261062697334765671387595813897933848807249268059439196974650035607614998370390875943324845597163994943093665411629818949836551990346554302964953780960065741845009394598329210720255322353689345045414246115246613641226320825679609529643288900685123688864e-70
0
2.4924200079309628634697746970151073061036133935006840258444984372669646163929381501384683042928716137785224534505707442869710747475589929242174212514972145152891040355223116815496658871706420134509382188190903687938902311578245824163426950025743721587166316861626637546664486944483426019437224963574502166008023082917250809444998860348235083906616632290833875120193521e-70
0
8.8453400970094881149444236586273440779059070505970963338908968985051798206377669716226046213860785767070321336958036748143287585117210189424245650687995416905270314405252474767043747513464475725583489687516291217475149150446502192977099627153794729614323380875068940840221966050495586628338536040250181265139049573864296447573003721762551546535839461569532115843524716e-71
0
3.1501126511936550796167999981379937620690023263244853815361405019197512505905056352776227098220091917640267595113824101799749436450201150230994493076122068506588951075046535288644394501671640086849594077138760055304775445433488376529743384299211696897859901300844217740844870252945578849728183171837417392938833547603461164739566136383791842699235532683687149216087124e-71
0
1.1257353152017659415991954141724645454731495913558599013933535804654831027961700936965828507886346403707307751921874695318012435650556125426595241290202624297241837807927915648461972858488384827725493325695963188509143974587044289516104732343898644932165432058682517028026240363130204740727212017631105121945546812397370020173871303108351814511094033122295230020397164e-71
0
4.0366955846853654063201566971862765192127944275161411330701620709426973296466578294793983509363486354638765258422642739664121759800273829695898825059920298407222256108863729221791570024447760597569227468662782136135699450322177043703231700664271715092129508784361139364063356898377378480238961147990257848611033317949064874518998204240028267271801706192190455007596264e-72
0
1.4523673538791978198940472709994391994071658032146347106778654737668865428420149665386520247716792303427996045787815239854885428864761465344163837771421934720727373971725104097991954351232778601881264403203256920942439571509393631403675945872291850585743706809707985127658785212565764872982192120839820472808202032605509727068184801378552401983992435710116179230947592e-72
0
5.2428737350190157849727651537296131324657653424474977278550577663452587486267431286749829181870969261513913528927931926883398535497313087695942074770335306054032531294069903034253067526806175614403894184611397175032727546524977525853026181669226659781403195984264815223136572665329177421019867633080688975791680957121044160643836354723463014363926954101667553809456460e-73
0
1.8988332431023339239264538406839122119156913002337444386069169662916664498660944323950257097611900896321628304186996293325090516666078842151534010363794552130486302446965805097781780029892963124231609401879253813350145012530462673774606645040298014719425289719353202527020882775524341653466428617236961828691873014304366078745021908686869370198773045815601016713663034e-73
0
6.8993981680660139503939994166654837176635532907133822489673771576372389392919832755443600598086317032485912528775857872111258242681122794060010975878348367192294580765892893632822557497122440080503670003647284369752295636039893604697992086409465082210703899651825227078272020919044956911967135231717666179675605227666488216476477634268258804653938629444174591184391379e-74
0
2.5149268913866180348298693947600718842255051536331392726918880048260982944142118243294967104164803283185495265617447086888427920994135152827272395663080830539024140003829343960596254563538685239415671845055130432035427001470512692828769818258894448894656094888355437662676548390476774601935700356833544686778154700010829376286163169936792530593996332398521732058806047e-74
0
9.1962860319512227598431037445939676279777671762306625229486295801718230059650767487243623526813341704723198489420133751363597472261195410749937995325258402974103971285554936098199519239928616092536739027696818227105565510358279284987857978678870369960027990216741284446320033939701035225020932553298718173156767289746756401830047278147677632117842206378259111617319935e-75
0
3.3733084417537376742464461586392730392301699835886922484170329732256066989803002132323379528142702350630017308174029405455975542939536620257521765456232816224661709927755340483469435420058695228037475852946875781483076481060149210169579410710931125483592857103658191525318524079499872781272350432679853519543150379751129471819166182989377610260972072571109803080797959e-75
0
1.2411948843661069946895116969663369981712832569246822495117544816697879529311672290512574818872928539786219544006303117325330902510553548776563402278937190231025686514311693044570272048480080119423672951128866285919725357420883477246047638375384701058786993331174169106662573940878495850945014611499066588766485401416728065758558374652353741644471729031592528033885997e-75
0
4.5808749426169531229554540601362939347676235670792057301400470644933061630297615153588303139497506412962726554747047631249489466378667080578427786932196460679880592948521632902132119242206217648324177409307735117410652244838527300837983982591983356045150856135989720353978578204911286516282391960273866126135821320604204672458056720828115113836406486853405794260466557e-76
0
1.6957660747721003796765607777663329873857402836792021830627311458379686259763913022252212764520700513020353898324725736160870790427288594870399335566914316865534431748964893865592084117921384296769537567896671553759473907987180219424724745679271417888958892037921051701166831060520010589339476452633265219498604017948978117115753338976551412865033639005130824676922683e-76
0
6.2961826878887785619345872155012664995284110264543865772701037843436072822971909384716187715690439414360097171741351274894406392530774140967792208666473677535953193337152760389860038549781811139594649093684707470208045963851888551868220135851181842456493327239697915773733041364148102066818365953895838094815123767426940611379323948103043013657849728277023355399333909e-77
0
2.3445942500061712138883349577684611772756242934706311936407814352267527802436088578616468710042215775962058913266000707368979155430653759341673128185492529025397298872053336174854133140964355211419208801101590615338369935390451980882656864373105317886598601202204344805475744766536809001285272807503817389584335252578964924531061060774626953534040381121504855270176450e-77
0
8.7563373450792788595611025259748775569458265721411982932293722099718343476301225709035508460234273547897221020174184844934831569598386954922500506037342271753637104185306334642594909712947223047361232259370052245872896760681492747344197201131940622951481163677689827341277485279164661971740850662581318747134668210163063514591662536584133035802873346022446289166709046e-78
0
3.2796491900745612822409829729754181017361913822054685265619933484716573507760176039566518912322603414099208222503979041667724632843474822676657266221149642777125199350498326684295691046429158350091576305055848297228861951987517600044724530583444616167258483688359315873841042389922826511979634840280343748963763933831641687855970181045496020956116431163189090879883131e-78
0
1.2318799771319552760919799531257496541349225722455023320738241956547382040460496521576621238054201120284784570468778018923296338018537730743772018157094702853446438151978185366528555322285474640919205872474024077247238463776307017435282738796462380707319930224641009348583439555311308175679356854570245615020620724604238009738499560465637301535805573155945578749885010e-78
0
4.6401471017304938011860087274854308304531388432242265760660678701325775724307765649417399616092445878452972675440357780032934365858618511835090882956250777259352489181218762349575901856111783940499060690524157065483964568174487051559016331411083329384459711310691138609545296469384841531396845273812948572960686188274323919143922205632920048748387006064477394023478443e-79
0
1.7526853683849136619646215845919376174902297103113945502731253017235400324999470277499671291502643132665933409777017831838472846333518758301064464523112249531824910873874449993859509228836113606173228745219023612600529219144427983363995182523247892717909075310615264904371581629571067940183953663950720847835061053268374588388990494146854128665893976633618184621836950e-79
0
6.6385281450623812383133531285389288606393347241058515502849865595830172413144542877751776606710143727116436720078535288359140592876013020138332770338208714320185897809296689457894426032337453876737406939557132222694268682376461552171418441351870295636926284335460359576100214483552276918368045404260454356879490175869262496798007114153994995971486287083562141396777670e-80
0
2.5212869954211061349522895716038917406026236252987809552531369702143013184668765332174991253786677973537552215061568496475562453463005411079967286762362867981922906956386114517225877131823933138136355538855560784285429498830980870735608126180037422604259400557353846588206067287156339937124317520612184871032930431298391231811442188816810104768856907151767613291566418e-80
0
9.6015791783834446095224707321171735472885154245666861180309954113716131739631208961140485277759478138514818354768499446704210858446723809957439846050508262843791457066146755607516358706549197199592897003649964011597946586687004770647448483542853314516311014463453548061434192862314649784613230017587437824797732552588898604616791433989808556555435604028459096235573316e-81
0
3.6662362374101429574879832931668690122887358756309387720437030350051292784710685115582765455702465950531802502040981753036145556507359777967899656805370227659489228617931896913815996047920718200750313219283959973996230060899355234625784778827616157861259758840063206317837754479795507839511371315957560284556329875575411471655641959624474233172650529328227058674743668e-81
0
1.4035999390093898896115500335651755772632697250703700460798269991112240252968921955770176430325995218813862441918211813686448758869903747794165088808834679936917210752216234135978237591290206820950879862553544275717369405096452543134559565459044346028998921075181947318087016791942426189106611238147844986128946107306006597990941092802629806357763942560824144996438707e-81
0
5.3876490565531722409583085911876261227375141454054215900461072409646302966354740340696920464308664488914192357316954610449794012877002724453804770540333300801371661871078414144743544997688695647238399341273364455175144144706430723093912660221682802528425783877562163091697737788989133324183743633760411052960337587853680803790129925076574307522513225845057333237387074e-82
0
2.0733684400591287904266601436661177070585594448235293226165330186681053817544413444932100785344106462629905376345328762958072317922343738189617666843301953732021868097585812683021272238008485064220755123399135642005994886745730873230150800226854376136596620070065280930132757945687806934548090740377231613046978273484566133864015526057875026184450949644466477360846130e-82
0
7.9995078982733360712164279584512761592214124882708324062673932512046086027115096191292905540499430149624824070735328479592958634490999338468616050417484490876753564419744617320118454225776128032742693100237320294523960248093636485100389662110582935616971022694818604101096130567319033183794870069659354421166208444711098578231394307893044274831476328620583755710405727e-83
0
3.0941990283041735476073993985894902396186582934775082482105293400326861709735357051086256998864050122640658111680641796973277640585512588061070271510592075079533311736843416378144658278549847158208273795143084914163080195026302488689409661592013669705810933021598984059488558902734319603082458712929495378411749951538764491084210926732028602873435254824150714339348643e-83
0
1.1998313071670168057346349017430081964627084427717861981626472883477019427907020961035439532591370049513302501601251808149353091791829695583975546798294122209271766163738131843800342107997891472171723185128749883519963950670141368647597075216852996962558636550217998549316666623687194573818068939318060621575340241432830009523737012826860410608002400880486488115606504e-83
0
4.6641024980102796870254221625400378135770283813966438537444487502507988803226976071715131014757498456000208474341250137197069455503068639223463904868958615745492289644413076478308656271910716342851400052805234060323249564400871120758064867516027936163952694341076928312145688294517144816576180964751629071448612612727931773188483970635213467590838201383809991469133076e-84
0
1.8175279856197303857889648236166832528959597219689524327247538763833296055638943190488398499581291475199204382275356795636190366283747709362318321343321557031311492578486321471290593390450586937443469691227223527100913392800002617883288554738517827600290520290314794429356400606368532946270341674520515481031552243817463192094333832493143183050134895421539768664386554e-84
0
7.0998408265901416528068588736293822175641498749236696386297560610010965027533957185837339195749514388801575901122426181773007598361872800324524379002840025531600595384180711498666890460551063290809187047576988702722329483284412633606838695642820488742253903885442547727786327468584907167393623428660236403360249599146919172524444065691954717582137226728318444499434510e-85
0
2.7800982550334114145462852225753058874984666664906594101249481011247286895098976479267009020739530815562087820167217640216576729694538162011337769169670381834835007032435959857669869258724336339452727510630543378520866722174829573067384274957597234077375274299659973646768898505280470807961511657903857919096406105950337974867034548735212747442139046454749175048736236e-85
0
1.0912026852921083931397966911883180378507756043068104391904116559946029726294843947334824820299549470589589903371394483309128954594272693363883417690597246106951974343005919113606365299924704117208075177306865853496710733600866073576395808444164336142207366536962828269726884265479047352367462980211930593824109365491082600146058066830487531825018891727311114738579898e-85
0
4.2931330637171590828789490536998958233617956818935843557140489278613435654927943857576465373306372128335933625663710000599346076017702354976464715964048345990127518739451160161773029539789764205627841921327461611964856220166618912070682914276791068176241018116148725229926548893144098515438855021990229843613278352513927654545300203654085197743732541357381693774774215e-86
0
1.6930000834917009071061315964617725789329857638551767670634969766683337946862086616740421021880411289630091759158334979893942692912397410703932986205458434781792945040606735437309669720728820121834672978198815621210519245479267624003598647963427204606586878891446886457269960786544727991619080678210656420558572925081010853580026482289214842852361172527350576323733825e-86
0
6.6918091455463172766981465518829508865127518236675245767086335635717187747929820320437238456513060246749244546785289434531264793879149808781277904111781482722227182761075302005132613431699566386866326680221145143133088077503746667725182173517084748224601384752615538580355676742221676954981347576872108810184719447129334420396054650181653057462924457902781434789319276e-87
0
2.6510898126855428260891472866619639893268522922866421332877208404634286690919343497738457760204141268024236475730733892817717178360737620903587849471100075339875233263707421362832025830681002299574474365907892573727797941936323766582138103971285901791249365463920492778442631346766025977034452505694022716498629930556010589850311999615333584571900424615597449522711180e-87
0
1.0526650726863982850091524757701720612862801143048029780751329895469018559874708754189836900655408732879371792851041680906209190247265879955767630249205434657565669625388583468536723931337234190615689386955931440890292930585338825827135352614029759655225709167178814807435662403903086463828759777721492323446776540780174916145132466960594910591285921107022189668528313e-87
0
4.1892045588542468996093891353189379843244784033047416624509118313110631549093660496446415797838182443445325108574494776025603901103769732648333942619726998764028604914827610767799464288530679950106646023624469034351896879620775467042560158659048889199751361762078948484613471639588432787169442024021136154528251239484250260550919670435944417960639744278514266523190594e-88
0
1.6708572906444928926577476111219134113583337974177271693902761271843902225888396473945665413365531025261674324629998734542421144068566609819264465188481556580436110668921907924614054315258776244960832486775178164307134596251937435810233887742548933818539398877929649693388269488965226605509234783707207236221486703893751167520604138490732648701019847904814025446601384e-88
0
6.6788945550675404354594859042050789975552846334897664771900311872533294450373334075775768269968604567893418603102629298847237042278881015190727834084780668052040202084690838891855620590872980558320549245054093636510666405157798937428530094842935453866920278411530396110068259110421098649487084341702313219435146931957460123180934944802456015230219255313159353158009184e-89
0
2.6755828304839123171245730359666032902947092631790520779798471229899846180924734548532989110548044338509937164272473902009778142877605718398432299795104640042854353904310883596701571558684164384018456853421877994980808235614259232664002946537461629515437917603358196286761633756926546711303140541463953001078401654097303060207195101932662960542234429758326081527932358e-89
0
1.0741676897879914055184784982173678881565342676326365670829038184013769417321024443376948746431328410460131036813381215190401369708175730161053784287942625183951686393148494137310435674452185799596034593634594662757320618598897848232665177863214739379048807062588493674877346498251665129242414422513426695436579756359164300552233045168573813869194034617606134241889497e-89
0
4.3217243696951616345160209469046151158274508824371029792677587770621635046149545042124286322895130308596015224585581873225317560802265365625612189994118769096609073644627938540238609358774408311533555747284316767911222618532254319553234428963808474898542424246235544041879067948097232954877355733600967798761308931919668087239031542818886592360019035602249623657172187e-90
0
1.7424683545526573599575462076109244996792095162631919566663980830207638210326715690048185414556024663594179975392869530035400561000372271900917129861359983183991417892892666883382599494197929320810011726479860206635914798281331956537622119953646656018783964943719094397907826292534406130044328524945991624794580841126326238183679277423376638867386037934704458933171124e-90
0
7.0402369890616716011054525228493281584375216704443923335709726607934897048170432974716105252489072286968570794138877829037867452432254781301439176879283955129747238921490236926707897253399336892963701096981240240459552250441167422059759422907366886842138413056279302204073934586931670700453190333720999401757899980480878918693909737051814814373223637931065104195983758e-91
0
2.8504670261688766001410832395607940375955468505439739328954896384920080355174999556606458031172356448679584685378915419091338714275083914653510341307539264919256696151704519970109255818075303360132419170455012500010495421332209328222101632527608810686926502885813456356006880017437136829092474724313108554525112320938272845766016764214021493339174507232334533942506574e-91
0
1.1564931717552096828702811781522025376422178574259472059831296646022621030381438484201420377647534139384105705126184375790299647057028108159456340087322735779742423713803474963597255726118375261482333241650153184654543500829521918771058206974881683138763489552549309886904088957227079854907324797280356457494477485190668932812072764023275186707170118422734759501222006e-91
0
4.7017604754973972426751698836739985375210325058023025014438038660652168337272392220507587150425230643869836752769165669938321271557146230351086714504982952625641598279896762721162535171478092616089999359280412853160773708468454234634098061951636852997952710382155676242718746374857821742126228230236976427580521375540366469931352526194011466163263961564855507681148121e-92
0
1.9154044569280615294832244735245797644142415180537389145095920345232918136711909199785098259069388712701156769953000845744641084151985099340483803832032337555188513898373625557551787079928680047370682962417167715194638618957255624383842636226290092121446234660818105400884903187527316043647703795903039928513027888497745961138568783096630609915626828277379709737524280e-92
0
7.8187145433409553481533798427613267981384378984883066802488642061779405079781683819676350079027324622262753913019661364705728001186343834911779885309751522294763993418558806625372153610601777981229613431854717956961204592908985846689167832617451463639383276897667815553601442939548270697217584331769221802693136699742207514630947315483641611909827912712606604812835059e-93
0
3.1979930404171403478408626761827015799676339093066306189598072661463474709527382278943341653888168092045036194820836940800789995807245557004822361899919516321197736056178346110570501576559913454471992752111476500462730610506528926826015035803855943112142692465947188289132282579143847322543691872060325748702045644798375671110266914311561433034650786564496425976528864e-93
0
1.3106281701100131844993850301608805178300659414289061202926339997013622676918173548914768669493932682683862761134673925458695625678483007070294154212137690586606071768090640078630003002522925132634747201877684520377771012090072043627747006570011484482615278549543785183821449895082250687556439898142403257520755805371178465647258876827516550873249288717321422393495148e-93
0
5.3818793129151914472204418989244521266762807477074671752342647645082769684384314753756069253455696951798684214605992914223857971456440699317119222581722241494547219291424174571643495266758565032694630876906929471477036318858251442551727830256324751170627023632743171245942760856267489921678129775286525010950093754770730912012002197148507949390374719929720868570439445e-94
0
2.2142856043950459884332863420462467002319601103084377645817417776340609833101241663326179866175330184991276447867564492935317575997665818001361660837531230734089667650144384618976784025790306013869525808451988272578970361920070393178802797481987700329553414093033776002832846666343052603657141324083804495442084214583372869820431736555919696937185492890981342900851767e-94
0
9.1279111389719533856372915121413140733523712038376351269739849689487231084214667289431387638680958513440135885007810767998555598011989701298802031460582646965255562711434610238153764091887446173154998624394450526962856008573775035888132440121770942428840778126440904667380782096174006875405649081382690416355801993004636754853113188915314496988842431689790614256195247e-95
0
3.7699901758342111372069295823703472257122134899211921175371036294048277256808628567268934180831519749812560927531569262419770879051099891517376714063003576596896299594260440845416535041955633237803010528518660063196006381010658791153124586716425118576801145091492251001585376584260969063927867729389217628433021313633755027687738801883726138600719758465992144826503433e-95
0
1.5600307044329117549710558060639339025127349392623916117524037423871766991155032508322713004896293424730570225122124895264326251573523727053940445713405465260422001736957842695306589152486570401021422480098622413077424402112069828955307739848474882170822031546985940461341790317057079573036091639292673068600918817833588337939921135453721880700875093566403506481854589e-95
0
6.4676029582160338819690086876856989729597960775773069663871639645952140019391335057115395316257901079178344754256300380474698685480199371108211910635511494476364386802853588167201933344639846664858709222826840878719191750552945799194934498180005869422960943476873592257547717717263625232436815437984534541503066746056356056356079484627271966469878331649277995166697427e-96
0
2.6863592740850200559326965299767821090434652367125054173796181399821609832035672802444769504427881931826050583043115115850580849736725331450671732459158156350686593620943419018323654061305939282570493431881936901395788249091064034000668179193643108598380391937055649955273067171310890087672870640617191215589497163242319260147781345179872651698718002884163062174523425e-96
0
1.1178633949278271426418617241088409096695722513985524188107528358207161053235731438112909276445938861233754039908582055213010093868882767869688957418109449414519323361413741633718355910316864337388217262551313977362720733251068505490745989342060331474239838226683600526923712385153262042215918825891247476127418617643031042714982090742879885531064095653739687313504288e-96
0
4.6602661830063086904250404273152582808004880124211098227783191948731121548421325177441095129085973387731519309108538454572618457896235007083172642856558380567193406628191554011223447537298959201568763246049210718821463386773483119181972009386127325854383163297414602773228537123773402802019904542314044242841847097438054419809747195927840487887689595657467077106831494e-97
0
1.9463619330364861116646593834453670097609217846562942866471853375026447251652777328637612136061855510361215525196570324237630908196803595379288149095113416890300832540221152773885102439624293719246328243476566021801646126423853651945483750605005280134487329885929138453840586880851936474001528588577898175053542521850564655360607345781440690624371737378873748016053811e-97
0
8.1436857129283243840815096687440417592296547252062639436673922401381851743456475710269669138015823645516860394739820046652919222495883095623144218903228591216593620930024078574837098192975697995389444012506965716791983635974422389165249973684399526028134102282699259016064242435140684150169318663459396564465424792041577580878517145213036953519299441546697889374305281e-98
0
3.4134744180176358773183429760742133748531743248341204700733551247285749191173863527756048712620894271249687104735714879626808099812725638839021995552919228914960268080419756890734004805087267803198763861001472210653554274530417046978412691343255719623811448423442055628246081783165983725323481513523062958155154560257839005202197241345592334014056444793172759552508625e-98
0
1.4333239343378765665253007716187580004428827436216566604501049428558487629965670165752148382537378663016366969544999012660190200162276877423845825922756276952524489684067379486341639171961637611082027291410908607840141332168488620942834770638890551564642790073173885545169881369002339338395752721765057649110955041982441017432571850235818862131517986811906226205736293e-98
0
6.0291765181828172753427609718032795505867702882595292896742735379374756748119469035922558419272753419066762256809109192824796216385074609268930462782090971040379684011446031226764815137726767459142543525882712403608994609685113491580537057796955328287807479266161758347693623901503502301885911091274014449208540150943933425156149296443807001085737737836720710945066790e-99
0
2.5405723450321952128805229283890646257134985114058064043775047364378343201725853938954014338709489722861169088281731087785692742038776149512309643971416165917456133399727814242484977275621318849044544479383262765680249927136741476865865529809499001182643312209371864439442760640660501218439500874258618350929722498827079299525991331214223101393435456323642654990924982e-99
0
1.0724056966130411768193792366554399066136705458776850796080468819216328338357067309742434959341120525854813235519147565641693175229960743361824453798473238088312049066653895224863470019001763975907637938638037616146261766063579111122074961072036627304848984039944698182274347027808828353549330230774406838352862232143821954409972384049984803150931751331287876491775115e-99
0
4.5345560484683830184229949983376182519047689875984620624980341087602122827556473828043142279350918513882375261707689299469861222345597104152355496010322999479247722589204702308793874120370633081303169777465776937221043758922580434642782566781531066216892746504814055679771789792795003270940011028272229821508495484676903616056183347684061286413837317150492504064762137e-100
0
1.9206700675108157561806195525010855379185258850543555543617557224041142073634739803242458931741046410814557338967181526391607998378480129224930287778361243247247054741505240191133175528368874089356751906930695689004356891557801395173502216392187381017993902319762570480667907422213835226856029103537894080998355765755441323160543744258053614193419348462887368962394946e-100
0
8.1490575900831814113273544914183597650775173712937761481431617880803362562488433876126148970016932173006873601226049844166063124793156728484135174297271447077295495636556878761345274791349337388436832670081774470894437307487022790736389836521360012628464798393548394362271588334024862417292342296152132122865965553667363758060604225619583315232139639358105871382670346e-101
0
3.4633230167899112304562861450493590332692754235426582479392502351371438683706675626207397794004940545378761550026575807841185733110699744292947543609940992458914809770703050615072927595427994768135670926646156310749945355282217342795471774977440318931798425083835013071594193673303854447920605562220441121412975613793581857463660091591021591118167851001953227097956667e-101
0
1.4743617229839877424460673960384797654756347187908797626349330408170978611453943420434478939080112878501331187278027445373352908400650689530412721915713659234995694705466613793174815474888469117440038555892157001096616823919882787170830867005354113191325007877236387911622981892792673865091414671337465390049788178753156940363446703817524654861389692264900393609949007e-101
0
6.2868782046889527037836268997159339929207431841145945948317246592389340801015399935872172800699289320029176058689347924018384081579146408629758688174508200871241557943358185809367373678061919164156441289055597085335782324577840236405351866429603241057535039750479328096511305350317989522217804574502554031460272550081972127532932446751844550415523759665446066082793931e-102
0
2.6852243989324328679119854118718113262062589709970036393929374852868349698874242122534063454099028684399451459982184089420530235733837377588816707764682461794498174957882389317724512429164869057261062242624419484682480460504702976390680452248521032785486750265644360071436178812235799829231962678781582574163214220202824384342133921667141714017929172696997631504657337e-102
0
1.1487759045847917980044087702915215478724874077899202551367471512811854092909662825485736578668271302643588337297701013823685224450667421063156661124694518197726010361480950117864540901078281046474845189717407332203520689208995654954813243531425819800290829577957683261901047231847330269235362847712395225892843549052627415698469313655027333682933849024960732029682653e-102
0
4.9225934759152595664791017987590196063720576924562054342344015458940875141703901307743335473558174447978268939421928806353708278834022910417600262646565629642374712294680950320429718980730190371159920095216338217039373137322273219074082481929624086270086922432184797790433019669956001389541141008381493429289883486627474796702190963505424696396539571911680580038598146e-103
0
2.1127657124828395668254549053497918418748600944277206701340752037990869881832729454402759308248909395882080522102897428400226912633664723960691149099621681529681776229893191868835432484564931598730830719944031860370231758767136329994415689262798394377325571782207158113267037257375026719672211315727792849347593736176405381230429354863752216620230204207963252660112672e-103
0
9.0824346716243764675586381088447808073902051632536449186308286301250852928535836602240568082828178183603044878694546685561731697680147185182664276336052633517661630631793644402867376461337791166110210015802466379437155611738543820244891167653504270354136824562376881101098367836850405728447277253097840983759875184874509801698164340432911708914653826462263848059427732e-104
0
3.9105849474953299481151117242671213898843735662513865169084883658017944371931240747485040618398198475082133512331457321378355357637882184873885125152149877484015561513813178195607810274238929999828570365986428782901328990227553051377980972126500435387140133439010407026411086296624081824508629927455337182723871101381337316290386202141326723597417363425844810198284824e-104
0
1.6864157658813943978899491093437382895946054675551036240564371957735144137608866730608434253337539382732443389378486266995172996160109205518796603002715248153832106599024473455343752857060340213985832587092283417392211157761462911500225223700284714710883601076158315961882165666794251273519129961929936523725351305810160719091289152354619248702767824388071133502846600e-104
0
7.2839360239186018105026359341946195123968593945815927324935665031926498264101339407308051490589131955593868313756833562186003126320918911036092610851589111783710286514413192738159513980048139788008443473607050304715807198873210500483873002841260234538690178799300317459841194512738451770691834705981270859815257907501862307611376187629912549319528750270785584531176601e-105
0
3.1509480626140734769416009159597734779717025666498733383604107848071566612563633814143747283837437446440714200022566951039426563346882162481679939269704507329248386996465187173133957979882805347175198996837120956248926205900564647965366942047407213776186968822507503933423633337539141766742158524979419404943332149189596005480719394747883728112475856187557775798775097e-105
0
1.3651651528261428716675150809748967201041960367145505862440011617652888729348104203805920280351573848067379492807067981265695113571663341500235271024522294972787156630376796737312710087883435052600007053281786025654559035756201568844687930246974902314476057808896068905098145177582180132171888474526299820269150265210980163935350184538049042254504379456014223147397413e-105
0
5.9237020200688779937330286169940772457783957127926446685446821544260200746354660078049359869471780351155811208985643777328844018304205566073739416062523547622566596710242525735778649495842583646334465808431451561503095247902112783688999872339856899710919677705112400907175093720547608471353967781978492830613290773319071867499139799851576128502799625452279728234881060e-106
0
2.5743083617731990577722494768554244078829991634027592751543675792340954742659558743575195098277489023721035558484774506668642980123251705275232914411348834873307964025398267102189225418679362121282530886967829049546612968647727974718171327410223710128064463344645700268491134746081778395254389182943011062377543118901095697736243690128271921183171424168497829646614517e-106
0
1.1204245946436481871972403289906867273595874833386260683906724180488090151379130514177826240247323568022416707313060755995385862418383955285656257145256220045744213682786078113359177629596116100414258979976592001845910190431871369725185239326921805763427743466161686327180966464270832710996127067288710214645567542623884380314905058854598001332770957951727843733875035e-106
0
4.8837655714222312718892351822976281498610033884644044987781544658941559344303337234993687891576413522470819570464812949883726189421177099795459188496050242849436015254120274411319632269407298811690196901570147583195000968539040163590745112009656703216538055598468830485731544201831896293470617541439156898448247429309765568642423496385788818641217151114464079340545132e-107
0
2.1319281077758473871297773839889650300924189136887753210260395339167783261920222260063384293175672506833209519515202132167062736838875384091705546647574507562568415364847566893798886152796957332245844285053974630229534687241171277500673409186849743475648508922553423379481259145372387994838289413146294534406485369020773039337689554399198136838199221047025930118977138e-107
0
9.3203321483978242879786522037027150059939693052416485215227522012485581228001283986820192545963827952708410407649762672241756164695663829812629818458446104027382732584880924787251837570424722885657516916541279535670916869188985124616215164173214029388186451080730848764479495334205983888269318829505526271669319785945890547132276532593867068034857441199317601889052819e-108
0
4.0806268369903899735969007840988131007752197131327432706970562977726514542292885256138442007771961178648966250345204952841275106494247192764765191375895528091372315060656673001994084021813831575286961029045391070923327534832768386014783223968802129217334697452250920118115740046117785062822945613777737684906261481795464631399085531709047693549878594564169438683297320e-108
0
1.7891825510237178413406963997944824848745602229908807166296651105555491683925837587701078967110004116677918351538342710924017805819669001523929140733027606410943946433594518919351130773512017524410923055964308060819790883346457580947574649997591025169526007353573296883983145963566624345455248175864489652781149023619621839548597772037115703872067150943342703958835216e-108
0
7.8561611298936936095699234492289864114419032263431532079957008555219091934983470816231608954162634885323485541164157249479794136777673860901758048895499924124422362024427429464458907513575129702192233466735012411836250232694523452957706041872992047332383136046058351222650900287175458174822477930188775754271572791129313711431171035452464324809027885200973329421722344e-109
0
3.4545365488077855572912196113021268749319812638380151785648061908652267348924329893562872028780354465591865402163790789616072584564738920932073578323760203569052723344123116164182177876443379205701221904116225538555603415130618306724266323306736210460671638393992786772084291288691591995913929368730051918935175105897828898756820444159213017541368627068420826659066705e-109
0
1.5212082039164385078876071095031945861223436246779410766468434324492147732815666258157573736404198234909428560958148867571691563440975798827957269046559368248694792587439362879580116251651865561879118004306542165227429990504757512050567781851758725793379600506153485241320088257053323162829149134306845369615488379404885135750927263450780153020472958701100327476724580e-109
0
6.7081506722626815124675777515492503542422112095538279747315806762334683090143486879013114814175343350935426040350832055025431293769263811439298688708994114427634298873534216484292015014425363588507667064345632655982753433515312923722127646484056227750981925458281488085420071234931228606414468840021881459440824775115191372092409276642547952680340574355051664116453070e-110
0
2.9622937024406379811366886818899129386079469589919304918150273813645222602759790085914054392525918956745737777485931070394407075483565234104504371286332575654431477617078358933958636993155426861589991118518806452970857164037647696978492014741322007694624495318734518955760741077218875667725744959350229711196813332645474585789857691236691164905896034854260675071160158e-110
0
1.3099674368935706671339326020089823240379586192257948454716599098187189235791615326169125831270657960509891015963057681329900759966116361445748715485962256617873675307033282249553002993151147053661010038568562313672604859912835743687799278533354927209109592098075098054321416798626236034133489344380881746381864157407997277500220283009321347463036426876005405044367272e-110
0
5.8009073851124753059149945177011205263251469428772864857279631166691616508784124939561369368604546446292090007605252439992603599940624527837857780427766987557705427571421119292907460497572603674104257295834334957256302504403187973728450862843883122020957156072222170154638839396088890599360004123417909997077934230118088782823131300744280306670576842239827123960191725e-111
0
2.5723521650540263053758280991230078689850503242190082653821340406377031326749034916727856993702312441451564664941219823793084684640692541283555047251216295680670994019826580828658559925112056173101659549514565151085408898514002299098858922886488207931681713664048576518212408701909497824810155650786331133232030131324256382283751223131883931303703711892395120299385460e-111
0
1.1422470360207232410553116282582351543062867952063746506542943247820997880892057195333467093601902397341999131744085334202223871641704247220985823340164150603194341427172119112359084063063542292958383655736812398893691761011992084927732415338143766389887094756257577928943820583826944313302164788626899703244281578273504707806872237511731300538152263995695114481198098e-111
0
5.0790312060252948923107579433206672554597024613247020052298325452247850698060224145652315706343651191574843351382287389132072036282319508890011444452333285660225390631442359916040005169800393987715268453330641514053590288385837151069157983149411673448615089742893414484227564168646445492780018816088229604332668568270915877758119307330923570100627775292809768925219931e-112
0
2.2614609760243261822155605064911058184987927789105758908973500291102130910432687234266708496085038136102907821468037541947174094708543155633357954849243195306074563157840165472241325879039813634885483547771375029412684748935510449189773301247426002427321621995947851838310230818895200791301787590697924982532006240514493133102662004188399509168657898899493279655233869e-112
0
1.0082793717653189320574312450933479465028090457605983920321586390117714641461443493405980148092492495810903728982856546599097823682175127308789778939014482729891839381773213694030944813293358385433258538389402952550336297445312467642556291344641042592892770211766110429271128330406027234425790902560782217510572312684355539714786317994909748352741308579580185229883792e-112
0
4.5014503926769068236821161812929708147518414442631276220486499689360812125522832448385216636666507503174739758717316707476658177661627581742473534262665185460488817031811812951355222248500645058206558497245082806599812179151063254344323170749899428197242611199461298246995788814631901326023684060520751728040536030506385070381103014308726446712206837456586366106685205e-113
0
2.0123343175338166713611227136596990198689244786737298291060932847922667949896140759563349509581093948763116758775575773452467647383208478844830731584290909210736508569753722459703451257092128700751001082216093097743511558547648263423922484133091813471613378209432194133370721288612439246199449235562785883617220614179239197789875447010360080089091958519238123615898681e-113
0
9.0078302876039431107851807079639688704581558435867476309498563355707483889453450127699244881196718602161821239058098703334291014235374471562770603067508010654099446358770643816631581754533884316369177521442684423659860846872914768631828379244750398031986237997279200028053350324767760146194193840158785251132875100381337046922798044159698402908690315904232167452591716e-114
0
4.0374672450047458487136465265288348286911954961579201049414458457387774334034986266431115884322537320549115066689871090278475395443342289714882285432769351812280564518377347753413848962662372561886848106564236885289196073431608415919736111014153567122441510275666007590705376129644496656685876331196565820289967506545175114718831695664791067721427824749652686702884973e-114
0
1.8120199812008260309499640037338722878329367749623495500433221057379327478584034375186686806935103840252579839410866963465928286093829776897204816781260735747530663873110753799145359910121389987333277480321266794512775180753377825790154662624455927003778770767975954930812391017636051597516812243759819912316372920093069171619086712488519020608537322002468298962680460e-114
0
8.1428895486722562295672674993745601846477132402763894940282391914852117408757474356462685311249422388474059805528346810830183802901886562842278791243135339891195136885466482413007314660748088486286755898645883723906102190051336810481633234089281146712393650601913760935251291908502930400636631105134671362793293772857808531680047421261221096351682653248353181805863851e-115
0
3.6639722311564443906024598382771041849256013326453635687291989506856506112727531713293509520177840618246436178065956537075109906042472181823806423531803808719673342359035707514544116295271618839854645551374001152239828512434279859390448801265800162718489099174909856581810113569763146434180176267259884131142751620966322789108428471595465152788100196564316364682038418e-115
0
1.6507465020081946357146486964146135586101792337204977477202408722466796496972931012096589868490863040415491758606699978694662516946360372017747115603476218285964516976448636487485910174203236849085854206690682433274571696481641417415477352239185471524754430398540633893626677733698227983512016067175613333778031794910671077622693215678498073398220563428864793559041024e-115
0
7.4466292627229312187020930171419811360412425296342436328286897587050993841115794817872845342883224073289424270987994860188810570312352837556545625337846596540442513864280014606725180703801334282612949315732035098118320320267356951210331175920575203829489135331118443349299701429717179113190701336433276842595986194615104735299164811396410347986353538031526730684858996e-116
0
3.3634641551336240073680076634386582900155444063339196041457605584783534838475411277901995616254344667494361684622305782909304856992341588392913320219131541684785713701782514601862686924272061683060852854770827622098689187683345453049359285856620497033867967498597668256745738163155927012740496955185533295282240894887278370073154501888040151728111244666965609536379098e-116
0
1.5211016050228952534035067929452453913339324841609488852412121206916854486878873775065768575735610632849780380791180681282553744032473958224019801369716699809767165851113890278037922834612465366190322694966225709118642101878657242050359077172544681225706048437332297906125139069408318109258871968277847231420201358601087752938072657164484353342232310593181447858785074e-116
0
6.8876434463001821925328459546638396260181580105891556873746993956629378424979870614673910868768414823940825604000794807986947325982077047420541835314973865721482399090437270675165055579777929628378171726955326307076572369935348265850734636485754956436715336217964953129615564334246882278925616526136240339147331649222648892704073604625583964689803971056684691746311885e-117
0
3.1226319383349065958250357774566220490190215681586020983986580622957815551391845791336098879275527329094393588415391188721202341314796127153312319053585677091147613432010691650118985859788283854973375979531485014724066842009083543911413123079620610460899579588771753051538253730189585126937519245079577329889109935735540154762430512503329638393455764175736359283485393e-117
0
1.4174422636380343138182069727646828069807215650078152184058488972077598264305299422049006764392441071929889310086822966184932488616057128224725229674123797709890941981067053133418635430665635030523220416779444167151115545956073109808947905215201012398711713188429899491966167883818816946364683643442626340784455873042898494950962791822294534180030483430032920324032804e-117
0
6.4420065856634246102275453979175315036194084290713287915449868420546820479505228031557067032627567118094549808070610329879415756200952503473397172156982358360553201094481630958375025383575622304814002657002668986543197936534858617858803027077443058245130825410843109052569871130785776843094739322194355274133386310417843336976721740344817847504383287908663794136419636e-118
0
2.9313316478198264334730155942720649898804559332942786228863801037567104671331281696588876771360326102961513147106386524792749560111688446931195774055006639349627670146688422826464368950509081873989607619341777214654911188076266238112607567068009273565953231043413762406886914984844376301833219886776173265137371005883643523679879873540172910952466445118798939348679609e-118
0
1.3354683138347223596166574589749529099436919156041014849245317242461334138234813768853737344837999027446480720110447772303925345637175352118760965169440472618459624336450896035832336134009738761679211725216582382829319732970597283212654017138323838075291947989146187453477543287133329455180700573659914703878148515479932973979820143490358125239662224574301326260445831e-118
0
6.0914954507920178395667593225681854763418672463607330681444459263238122008677649859452235991381814085845497046040487651863902511564834810503790209787628924219085034059084484058239209081686497042746899241587255294419378291610264497900230838105866386979394843686534297382497438163418505873716180920161609718809836430427116549385200731086589768000375165333380621997504200e-119
0
2.7818445844952568742992662694984822138507272975940264068395688873157603384379001404549538490100910003037289878278622521166285831464966291080285927970103631591637994114494038086771178120602506613818132895560059586895787716200495808377974260661106694954125690950726650087566025046206553892805369011646046342881268828678635931566590471087366129383055251529823167488167757e-119
0
1.2719127924524561563789984051362218731170792155480292674262938647172552083754536404517023732829665812200059152778383019454219778093267045946834537531547171246567299558639878644432675894942512168662742751308865987037674145711221974724342311836208263097084592472078231660441602503712579812491999852011108713256706920773855788389109713799164183265153286491118560210899352e-119
0
5.8222962819643040534938913323518817160389529435858918433737128158832178051022422826664372296680309381754220609805242540561824474967647821722690294687874083109006886222339612501757096347952885722437596259431333876836946966309563775923853807877505144839771436909631593419135000260212345009183644534040612602011246405265572067335764553415625525017828456657036861611682795e-120
0
2.6683374715712218297026196622285651162189325993881985628062317249725161846211539862230994385931493817243154797951416926629358589849780899323087914749354799472203072283648943625900860058025256558665750238612468551796144722091846707839942097405571746239057995116516645957117469227524465135545624346319462889767509455695127733520280514285474781804388330105022943418257769e-120
0
1.2243165434940057775595643340837139437460234820947106744912071301314543128409825136062668962552840675368601565895048744758023257477389407465108967759678889904816539419376864815044449882412185513639754302916181542577441604309727081032482903343230565750589515434228041679132091807177123054233023168056498802336711352567021740200561214908731543095575233010406379085460161e-120
0
5.6240638578438579449859599934572488279437231981584067910075071078051329694893059490220615003812082460392672408087951847575608307239230768909385442472597260580975169143356866830977989753636249731715572411543347399623708180909046642568064152841721690954415915083724661008967810396841963426977073231101332058116855737057779985465042634416811681816567208813672190181285123e-121
0
2.5864698089794581191965049264911959647286570857461464765481224103037408810817415466069017180157606204291000869030776215680084567194201410714807629939008039926528289226164658258922191252060259695899821526562143923098569507843711175075806328406480017396567327634654887314770968834969922428731439858426677485125773634165206847307914746863596190428512771639878556665967005e-121
0
1.1908644758099429571409817572993751539191966120107619696295592053102960890016515543932557365787192201678968143015667150728792107608030414046261644877905803374365229453196661484388804295968013115799156097170973031174028846793345133270390611895603459327931863496534611793221014214846146289919706039347220608959740393138408686200441736954279566048753656971036229698011057e-121
0
5.4892393004045326637819868109648550121192968958203594140767601792396162020422089917582077695169096680084788112000368321117445321148357615574160601628657988219355349976589035077986812337590995094401070897545203300913801325858184444835287185534900877770066730466705341893140209404245625008090257951398797441781176998450588531904908511288074242736272238910521571629655344e-122
0
2.5331100252722266069400644333294133119939026183600918654795036589188493502525662697566668404267462565630413520939358710585234044712137333539069063746435906077831973455340669607241592516261822734869745795603389020968226149963191875985280456074197280486076964367645500275724442002675285879598230085289012844034572301430755789751953699893452144499213108801770888590742925e-122
0
1.1702676666513186168687551408566750271517601765389498774359571329006391439963702051799693315542953003471679985326475342608544903505974162350973164653232101393846777770512562153615578875501456435022073671922234576306466887068590541156005035414097094665428195774214723903111397974548973650625506091146102506173027060706267485454501977533173974165348128556826412190344284e-122
0
5.4125615175117457159252610184340268799338643773896020545462060991479531596355456525819307811680490988186958031693259850760333528573324284159833321593249504884462279630587269337522714044207886833521989599882792948987075686534258161439589000898116660264783742689291954241791047102533957909488331680474456449168584915879870879177423738775081621397389593063601246789185295e-123
0
2.5061336246358727485863174274525426528114011672087459694479631697675350546750283769163732810470447226955223121111093360802063633504370307704160178757281798654718864264444083088640129568481869396716260987334442395297218096071386127562455298587790285967726612347847833538553310734464525062961524880425071160501302681164300594629518326644152641591814413560190173833991022e-123
0
1.1616802836160699449923609633404523368883980330919992426515372918296881446068487361295963081751792820091413346800579512213578120355660495390330872576298070226863001329528142943787523298379785440532279807067796070744896649343836913022212596264935045510666442396981414125153032695203500804605621517251093005713003818790539213017422928849149199800475900678781668880896682e-123
0
5.3907269589599346538675767534437364491803614132862830982135013367433238192366366789916838484496670129291850628588094889947052840388543562813708503740529790905206724463077302843965099629544251764965744583382498546698747752175918928754206981972959014209912821459692137841512298822123564714931926808561154205562052101410374500618002793035521785526246298533468204634719534e-124
0
2.5042847276818276690363394241379954283154109163866988939428121392983317853889469761293977995462094852821292509871626934662236228342937125085846543464343998043136785488388195799977209928035549625951268417025857925452575635225001653055697908703077120441868794998508241680852156631802383084540530452647920627390523035934091911037615820803804334870234154230401331351072518e-124
0
1.1646437063243947038140701607294286677549657584182076238621095894951953963898667810562099989306948493590636336967568683239427358512970923934026870749698388588184607022838579171251276207324615663579767721359736555659105031148788510582322152126596321072129835871241294821737722781076458297069961184758006506417195613119588097006143256481478503951022373971036174364699345e-124
0
5.4221665665291112855879728055992232200586982171740848851353189624537695170261099544615665905148202309133427846968683358448561234768323149411000219496659001273738534365727461622494642341390363916258960211387311209016314747703929224189843763427834472162691988799078318971828428738440717366280788751620715724865503624048368776596776739965181646646325876592419815101257994e-125
0
2.5270883407158713062274336185943428881504988924689101446911436149140772369002327113670777632240364667147225812887293833082526403586041407616361649701540315182868522381970571381003614799376753338029070537343460882871117815671024269153077692241094851035290928945649307140307647740789987815850075745293473220538998967771117331463389297196071663026828580049069927810110121e-125
0
1.1790527177157182411336213382665012666258578299532738039340235279937984512273945388435516761935272405062153968275800827237237753530699265420267804526428313051707313710656001132843437033923942474718836336906696145357371040045762472314197002332538896453122707930661777472935442670463387946711830092347101363057538277078605110248277215592194336954249562122455223865063607e-125
0
