0.35620634666497083129550145913863021177176965274814144550482525195854370849816802696320361154480302333866694045663409065484861354752448384373612907933458796237238571273196599691744554948725627020210273670877921708585223523027983423077688065768571511596621213720826811112026128558507563083340084104565560703095513174797755726471492443502645074339646506546891886343249410
0
0.0021848174971431555918177248770228993719552044151254668937442827549885467416498729000260188844972020520637713217588425926375603281661711321417172259104680073237337996589998774182217136758806856349002671928104745894664589106787075019116800113843273980060867571861758211890806243438420958016317368376320392393796537133015752352112341954921833156985494125928415461708599500
0
0.000038693327112122154767230708419398195217444897808026295560257712489912963786145776817533949076546493111061045224544206173350960310514084436000925190304153124659619191163274981265005485086218678907680011249771669955315109811755735705725217362004571608271094459028485107175448062560832688783275788407438152136477159873830133062562624515680042800296501210158594727214666074
0
1.1022677855831124216764763931722627226585359510401821926208309350085456744658633097805469887924613665095067298044743375827794419551136696362469764904660056280515047330580891364039310256912222833426775713617219910460184946182910845984083506853611392634403930796962891681987454163220684892181097669731081299716069910100195733486092504812289797535466071049222724784622872e-6
0
4.2524016106739099609704563077913813336267706101471300286582012857933229384607584499221442336591240412014521550275098431595169121230685083111078145601757009304465334090962217182109058272341036319102771361409486745691843365982677193204847972227010141163516497602155903637683055232938909223824412437477755343666879769946969456112801368553465634758834916038573591293950512e-8
0
2.0442247485815616854985435344857987745078656190991022569106407425681337541609879136243921840664139718930432154302430251413160542436621990199913290430337947125751489900919682496834510097458671413468932165802860183923110953548905718996884587849315323363886558006286183154825671343674886173692015932792006835261739653771999001678438433097834992481049490985946084876884193e-9
0
1.1659917344734313943661826373850363620109730810645332012178475611471537087113465855496780902890235774390661715336806440936304480773792361324908759262125262392688128753245793395604626196233919972428492466888656357452032338031156722923638256598572739458924324061995448238176907625904160443137139978161133238951087948099639385524076581670025410013713527513952429121608956e-10
0
7.6412595753261133363329461253441598950936747224961395741873020937144317700545290667426579451221665258594842806799259283799868793389371297883750145761981524401055482154631641076317572151047588376653252214306332232121460281701193960220007243027967346031836553938975925419458170867436315150737579137953339436836207730524141072382146850006887557351026011292282530520416992e-12
0
5.6246061302734294641798618820623354627686725336493652636103230476322746596964490098829102120473761275760498767463924649977752235365812792584953490249707019358949501239225545718383330180974315899436725881871738336018368352097055882589093637109277758850654030348027941220878308950713199653173775063907374983559445981309444483950900177613502487352330863559006236867218854e-13
0
4.5728374009533788025286217763855693627799934955964279046313738666833323550064464393920015497728840095538625469414711421036526089572434563337206346088658857742054656546524643218754781871672572862981105300314026781404126527122468544074188733259685553400829267167055935282469608944199927918009967701759047637400689170129650861709742914352841478150514727367338753375559088e-14
0
4.0536207446975094280064432012268223299988607218528365925856980230133455809511596244811531517827624525923502957546955882955863701549922562041972430017337310809566708498641747365250661623078930092735966559632961779382283042562617131002332973334440931018378933067747765134165867025132606753623477777267443132276987262306048460357657225506705115999694994440899798702283441e-15
0
3.8782359527890837412217514686049709521784501257530290719994799965681768893222917675208439651248487195801081735030581407695045741954029438054250089101619850633209599642457033494668918566288877794620280120774414359943502061613499650516585981779486024050271973123002562197926750415736130128950928377440109348395127634302637424403835020541418152807778268189085937725713030e-16
0
3.9716944006724816555857177696674780690950873657597476169429983767127894454898504831411791510582564694750295212883362611304027470665210794632749158241324531324865064778877863734969122674669121920010543686963448344692345260939125552510593501965564575967536459401193322249031182451837596913263594455421884916312550035630260831033959809441093168311194020027468476327495580e-17
0
4.3242925780837204813504560819937426231296417527506186033942757032594001237606604367859826115262233439083637146654733464617697072731485375582433550069140930764740732909827243267679252799130279185476170309892524772725030845460912313021988739403138050603973567759046790617215042845925843312040888073184880927783178152897402344523107550396193678509558636539959296920330650e-18
0
4.9771492151997125058698231204774873754261068928545030303454299498567901618218085246290822183827504119915660818347584837350940438703319499541138655404390290953625991235953236538370836242599771846391528294596043353057761811669067331519954309822909209306313967608978869797594604705607741998571135248737839055435918170208117491241762024426868858993189659572263511441203428e-19
0
6.0266641655363677249971483669119487281789894696914931745700383501312379422359085063452403683380622812128637947028220136434663992345017860361864733873507375531310811271460182940461935040126994817273775098988918315779433942505216858449983539841926675019368590399597149706345675405480879171042039136001260270035246545445330647470941489915015259976566515170711509951242093e-20
0
7.6455182192661755870720234853209998391967541737128342234462610084073944950993205144788377147948534464795451226081982610815952713569470223117933236487767216807561382305361521594024508055892754671327214445532539997658791178343316772165766344604371101758729300200347674469852376252688207092422292229004783723602333008874620795796225061706437007093964660343245447217421835e-21
0
1.0125446302295954884703181858648226241341480662041230503488325519495065890421797139363573749225405889380715153156198515748275900440985267550245090897071305430625534877373584599360995395661835577710741881606858335319500354116682707100881591752677320231207764135211923186836841983637043762203775467411542442339847076621321849664738393241919860505842992129839680425260581e-21
0
1.3955307647575385953708390164106941261603746019766843120509818758759898043170576962632664235373570431081272148670753202638805126157881749855971192628719794130559952312755224149463029772981072222625573234251349316546174485095115330755314423325449420489194129275699486306062179181533159722060486760297107070827233560293400510819134986687611095119645023879730184166803604e-22
0
1.9961186835142999058379570771212355383477024292078152916215010900731957992041105535701315562960765039818660798834640069093748335835744416343768747774944397288224145392402377497291896986221978836681407655394034772461587920255021893233904480664847975891922257981012969949413369297088716275449043859920497934425129924750088018579367486635445902699698101586287147334518206e-23
0
2.9559363481157146196126910066158453172398215219324739055190031433604050202256223486279180139468341985154547917992984947705363558222992549281591114437322345922767469765233974212409230709296288983478929689413414510868507675390955290173809980797382105889427690702802765582816075947817533507037822436671757410119432073676486931273905705946461397537593401023223381236315970e-24
0
4.5218980124962066874102339826086121643451928836472203041597760669501065923926942329260242794718431385591392617224889195510670444472023093760611989750736564017671433780818109793122666021062920154912394803289871928210045515994814049813827289221223033422386253294413608197119256766852538623203580801446035000040086782379015673666248609204059801917592252461182388234193811e-25
0
7.1320868869157000315402142850864801764311348244063930788450292399187015090210074168390111174360053021539557557055762666998497862607377636462865390628353515694127633069720670672211839484215308176564564581014282586066315617146255821791417344455491406283839687753064268156258597772575679372136949979964158331716537903365390652278431746462809687091090119620354915565836437e-26
0
1.1577637950289731133040658445607291018481784129455280050474644955221061045672071395685718110955709616315817836136068046728475457850654035874433900061622409947172188802602890445147152541843629210364366072352531621103185905500631124242423713771750375790061520925572742980521063213805529994425867279538669128422744841528678454891981425243492134323048016267324351272796920e-26
0
1.9312598778234098117697636523174311659951011238147520213561092502207229520280227000738985667708164963562873204939394450191473262888381216362763304507715834609109676648837367173978303134142405588135231958696352560109572235505999683988053343103211389709477674031283652862722706045775069848830317780248386445375661265893995374161304280706392846205704391302316010412477098e-27
0
3.3056126866052090866431587899483387098099784746841755000408938617534308563178677933974790224257548015250189895536762251086653511624603128076808862511189629548725311523481605252890948658152976133218339448442051491810173192858770292307990687300086353032558195986278311035635399557335884674047332132630548822685427557609172054921148222778520181772389107026027206838120943e-28
0
5.7980505159993208731186875787742387040267866459630220367120445090478265519538336551208458515540040698914412702424908824137919043007700113225695008930127809105775262251216104825419326736833648184858463150430417318401166270129162666882121963836240229962303808569752988292324172567235794850274611710982462927529927125471056767965742823062436075242272616340945791439404222e-29
0
1.0408966422669668387101619087175749155967279269271572422760504549846667320440613030779590096495657847815910523600056900285385519175040749538497549951148141285637109336687539436738002563451150094855291690936314475034963022709967195144443915180331847174406852942531471033997232255987355148730141168622227306543555802826383265276248748219919721039873166100707297289854236e-29
0
1.9105062508428059374204755803124558999640929908751075642396231423520934982461263772665020786521850341074173989830341601058810316457950681325153054123710388243360578664037819428533505552852929091132142446686787577191297055188700585644683113116977582067497599783790034469172559305027746717271776423516508310716507690011990267040024335854597437055390938978748502753115799e-30
0
3.5814775958654931185442623469324676577955127810663478278230684950195922048388568102649404695274556351196134115876751112120104868705599947628601174344584375757219765883452550062185353915015374932121279441980577882743904963659884231656079160250446571353390523608681682598107940862420371083520464812236797838407126214577185160385406042350345220144453473054785782344547902e-31
0
6.8507873207889437881313635767119540052682124771336820327519817424268705988178602368164354953895424551811527577321497799685467721112565687736275427083414163100779035701871088449976396602147347159076680257929826432215800856608763301573294097806106423405685091957346048303621041431196444341150900040542277693246260331826807199096892522624113166259820917536557324349036535e-32
0
1.3359956637752286484028833809585344421273166680250767459629006172162939969777998789428948882695706824662807620299103582584601829898040679918957512421043837370526930646218023108359708265959923746594304056366892856828045036178341282468602369710047400030487472672197079142867103634009677089209644563553849872263434089962051214225479017823932570438706898824455987558297321e-32
0
2.6540247577838687696740980969890094673634363816437714007136542704502143260313487286360846206836137732195787907562360881337817425093907502832700633334029135394218707127214842157822935411229774741303236730644625841239941948140962719988486575910052334101922960978560581959300916097154726178291726069533228729495201830483643438368597825561598213561567943601893959784298262e-33
0
5.3667799115506599068413594733973957384237988898627875765719773489605355495435218580994782230680580958628899478079025235510924936673271700847028787184321917177484053283275150880628465303214888940135376414779983688645776199595599492736676222762302945893033533080256423815015861372886552825085434517506781341107225806290172613633432384757986870344600538264171940813200996e-34
0
1.1038934736975618718272029828930343779694642641628629501757448682956528956236581812935470340795378164824194621655189520315640440410102241211402408121659594411391432763932834535599045212715898351601087955902362535235193982098020275960391560280101955518831959559920934006061711763747059190950069096500096219501843494660111643917111414992116666908399528539618397009632515e-34
0
2.3081330557034940318478440574867652492489343473392247947201017831718406867677481302497484037911414898406096598201947712851008982699476580284402519407184273764004323607133684096003222432416846649343966048732464158159573884085549362835582649116844953529168738347011171705822322315217406750226413695808109787254590595185951969483083479749342476446850039272842676774242295e-35
0
4.9028518722212907754550290407619897814859796360635179375781183619355204096399951963031372830401311545063303121976745661352683829850399691803037976260112374496520631221834111724124280775708300701082909871690216557427501964314610756460266835927027769331815370931011130944083494863285203425704306943196990914459580103782893252890122373396331467674333411970394091634064222e-36
0
1.0574054308039339805815868171884787979117013992105664709339252519265096645004363960376758336254663939368886312813943939540321046650130215395322883842448633609481669027271721736094584566555366735371879392307564657080781949041140647687428315665410909234377096592801730440355986010249765559751234335822591810725262166107388843747129063167203586437825177709748574457893669e-36
0
2.3142213098803549543913956918687039633011848485570718985944096566998674850091035497047734592161353641433503833851710158823886059167372710873568957747360309094027251624598745812699969136971834157247331311391604959317391025983703531317241559128727015794772840195659519476498780639782672439533168820407838499968462312195757936512381075983718576225472862064382785513798644e-37
0
5.1371054656618651795146788241932987527966037728390558137579742748354750170188848055510948593189226052975559166097740100999942547811979318866223987483122456797674560445139582288638893376287448460399145314928976601294140196256063201575391027553155879427461272677300201383946331324487230110909503294413671428194876489260583307971094963529574124935381763431271385603331478e-38
0
1.1560449722273988379128250163979236678665630496356699883702739500732592792086491133004046450016751760982603543131756416992934531828056728727635797725725671349467616868791688152023144968946224101826395166228397979433908304427643250919620387538672725131711862235264652821865681538950266208137024320490956471934577855866919015944495589074590186128506439209370368641129508e-38
0
2.6361964819955468960985149566327519584825733913765148253057043009123721485242007769504577240075065500335945150224220880003993399965984793612336959776960554190176541343373882878866498991915678995836445919127339437698120365364672511090552213171091216567765536900307772284978121933125591665449120593807062871794565758179831191702605309712870224078052897925393660518511406e-39
0
6.0889524596903429644421150631114313619737373521169322735915808626216903665589287979226242603090247672897745038197933040153934349300478370260727060771938606387837007589910303248754319597207323879800320825572907800996752707870313230972063093818292546651145123917386456208982588319400640942215718688278692327092311687315457766079298915091560088523937178311008214843452833e-40
0
1.4239478954702931820725571670438102336523840523580942023099768483731180106479115827329227382233594812844786443187023925286892374538344826935469942223259505853994115962068048376610280638478064150345673337193865619271173834918103241930744879257869227779280103566804282790223903172264149076971329799583603193687535017309057736648386201962626198700470408138293260279240173e-40
0
3.3702840663965543145489934162177173805971249323048623027983103094460263133670681637288372662488745609683825107190375600999049882813217317603489809699771441597188040157831652111845575431649496674748462838835095702787336129460782900361727631354854485316399387915574641020703895563441371125548392866309024356904057598683210528874469101155659894312805385975083965322124518e-41
0
8.0705393594817254412507330205671857631701697952808050953093677553637515919677800059698254097312056983888246669391833415594603020784142434708664682213223473283964068287462014450696413888967215167467319123105137616290746545530336309280424064698405128622658710897095353198427798696994268259329603932032722073393436659810527930243887821549591693653019714182885896087110793e-42
0
1.9545777666547177574926281497673041150051965950017934693274563408160012266705047513610011025579907901302113355018367745093559409613681753782036302089679909214589314827804022470428815349113029418537181559870134593121533297297413407503621658250666511372217970731859541682841590615764610705196574228492423109333573497027616701646582569154561853829418329971806329531816864e-42
0
4.7860340044533214089453136780988339378950244826947493604343494556235071438810705823659122128762282722882034667377007047600410884005133319679734587980013043640832908545078492394203719112438257942476698423427390733486189445866192874080104031381113042423351260525255282877087954471402344511916008033316825204393952007315335238450793166427095902689369939343255164716143882e-43
0
1.1845025741165125206816170549229245034083223000770161228302284419930407878573477560461752698657260795679415216264138567417215394179634470788427141505050978025399568822612410087731142380926196048260754400481916641020634109309534010051545731076706246587538138398648080221999538055041396072145628870118146948015796324302464833915180735379044640609501284239800198374919573e-43
0
2.9621362614522184000615395635329131865621909907151457535421705459965168693670762376746401496499265904660557846565222193740310488948077280767069271931529941741455495200709606034222479725009591597464956005592702517751563255239072045416226021728369436297768959472325268677424912974813848994281841126149088361189679842079259643918519881447262288758659306660295890686211860e-44
0
7.4827328121075827303512346554688839174624073486576203735825924710132199454035576408564664559483347593027245936841492565358493872159328787054795805577491020462875395128568787958821170289926952067215804209508891028502233148288802254126405091282883942940692038850894428294962386489069288573894801095406839507900880985167846643457257154629793301351065457321146074969716288e-45
0
1.9089063314493562551376023898855720617962133462305398810101839171085717060577312769842218127180613557932593405040794441380925536086477589964240702484923429570184024109280307700701051047567444082454222803067090797546762307427388462431727455774742072554743772116538289383240627092163967145065156107880133752316486061729933636567241842582742776349091808537813930704106179e-45
0
4.9166174428566624378806874530734577163452966326578049832494571064978381628607362256824374561314072245579237321960557937204153938893479074834993127587597989575386824853826471337601810314165294894186367678131208563409626611877006914256783271666458969869084410750553524182472768251010683692801744090956395678409248516948947376448509291769579992268593259141577842329088300e-46
0
1.2781999668258673650065283803394414913200704278467816252997529893562724684534264445491207995525087194352685332937729323641470389761060948758855030451829736282027582474736231469198938195431850203818555613556444088675199367263645488119684402840545821182548281483875831724959385833622592515891593622420752128110303382052899650912845292372625064411307500238575095270697256e-46
0
3.3533552080149048338820106064550006649596005168244647145293836016154455669414112391457188951287948150925611295993875627883715996059291245494738557053125902000987010278634424671253060281162368068257305320740129270163743764876111012062256458972174305284687899953727778722063869134022739905489656983129398941796505856557001023243377319391276728700854540639796901727322992e-47
0
8.8758676806610651092840827551070233530029684100471925132427504860864380260688210464266513831962852142563392261225837455136566146042853550865588904571702796902299922474872803868004475127679547053856161230728450420138786553398670062080512886925988540125108495701202478631263689939519199099525186050459083411538827712000484883612692908844619094876254641067579761919893261e-48
0
2.3697296326326667990115351870390702024499916420151129752187447538838726077148449554931156555220584037438807384678935274693645191212906187696622050985030034767500088511391432890860369075604256457405623621363688700169748318395014859794736303989021469242675018856239122465030549834142668734271692202988414891891932020423892116241294761767832329548199011287784189595100729e-48
0
6.3804831250300538836247717919706097543821360751633435361433328052939122070370606706403551902450765717625358757299437127360985754616541357924897932096650664091959649069548433000467453746724809911705246616739605731337353697450946834838873099478886361057134000694710854379732095307270908863261504322904313684520983898771204807261000256825316447697707495465365405245355747e-49
0
1.7321632037166411827395778971632272321124886110805431633752011819380344251360845733877548667020202683667517789911681616828348257093145697773742900071277320237419133863896798065204765165181737863814439163519055245324950566771834349686754877446540779963287100044006880083528461800117087700557276537673796701168070236612675546989972680356109935602476211797627295968664390e-49
0
4.7404727125943195959380878245700617484749460594185747692387100553759613604549851084270481334142728211935501280479573207986844769570278492846059705718435828792609476548001139595851481448580316214613883229418817270401332678518089491658703476106138422204527089669607842749830670385097334653231800192780654509296468554728256852559359039767442073304151372783772786290042548e-50
0
1.3075925752622029779340614915694089994489695111016700339956683785358945264105291253654223530813040813863661359004604489827601254466686709523134736058294067219568856526026707607162283592210457434750372587865881970675470491980198027307247050962598422677674456255752222519758821652403082368769342271778670607128474096174905377609923375246383058923713252727306810073430345e-50
0
3.6346668284646504309693148412735909529482711894906212125320222618179399836874952239305054407492830292237843914593945451125570413884562288942993116814648409664434372275771737930590536918965949962076794978854057497104111777691499656885792801185749651057802361559074983352756255398724455794469354005046359662574070772790891342782264227296553736284720331506179466364729389e-51
0
1.0179453091457119595933336712965076333771409439540848345027752631069512489549832556611915880144237182254834950147642504973377678350081575796296584503654463893009691067062547178519866362248118633076002351832614871114828629499634327940970913687496739969999868769388350835445490278389962504821175787643890511376058272797238119178013715577833105707618933304945668508405962e-51
0
2.8719773655026463726619779988569345771590766946686791898689131919716871242636883198866873489504751807543060184556984950262171493948094508090802353869682576777078368549026521728151771250224758354775402856785365724440717629051501506004734479790273738424779215867743881816107412891215121293552712420303786501929045425109584027394522981698808037146708703731476140784510086e-52
0
8.1614244276207810272860127261635588248394105222601247549427999488783579789315680798186390785362015674587626384315490895759229376844758296328573247399874438919265235977779405264972714089378827666652422389019441101792165445130993451860776233382870624350662671327373225016305113397614845918618490372602605221459368945177190992687387473226750669240246347962512605893733273e-53
0
2.3356804153218904928867023339597114135860983263907368178463676171429405840468650359104120734947207122996361086707279025550683841923093849166034699755801562669350784215576467391460783168584224574342968975201268325379623119093953116065122851799651505802425873634775022474689047817778155769561611284038941611350699800696214905084960481152586778747545539466336339333443026e-53
0
6.7306939776367428294266772477896567407284943994922682024734311097750925615122879193634066722464149611706637192882153600535545539680247554174979311790375334116416912459640884643093813854602898671134715403488381816780341275297635005328905676071222512726180577745616575474426947771665424842732647163589817344098831068443178339632198878657598179520850697513498353406895861e-54
0
1.9527378025690735981173305414290217706200916399946829005762656781827557684859274311702299706907630783391324242810357375149971940753318467673043023977374005033089427367636173012303546469614138699425650666282348710093883083933579523337195911387664974579677396341228329983196165618656629569036881256550219727443929888539509535892093550958602684815340425020902211010656132e-54
0
5.7030410304482366470416909440197314271292117685590848417753254826832625893396610606047780806602106345170249935831160671370836322813009193070261757680474328551611895679563062234831217062017107133704372275842034616877380222241543627535401702508229007252453776560973607052750908301810844156315796897542412816410732101693499398902476495223700687651283500111612224976341178e-55
0
1.6764490511457703779012548615072011241974662583707578193524025547896702396396427042435391047770060037081924656774606035468923880557407892392366940238751604396073648396391406376249889585926234509942763095561744479984669619470538316588099956762374454437620121397221275328445934884044002533446381403901916214651396387110711857966011747866360538967289973445312678439897668e-55
0
4.9595271369729563053204644906928911566019602087299146799461630911122219719096579335791189171749314677364379402424058346537268276561037668257103054980726380390922958405474068058514877548402027016892530415738094975587511040879000289872850548475551252615416099047925434461971541139576370040230658536951794319903498749108968957652008957495121507487854836069562641219756706e-56
0
1.4763958258885704426242079558119999722083009901918742786371931324414348730602117166902314574481343781880316431631364796411713859344963540325720794343964010805358895956838522878194920665911365858566924275586408890604314145041338583695555943437233695977869702873934277442903167508638567056774751542654729136735691742873734794008406501897613636290721811745899818645721775e-56
0
4.4220769548447399725249584867998609952149308025308634578507716329258086042517933453556324084221163035488963573077543879917038110036199643142202944696543496051992088564319532854560607322268720986831178003042143441541490607306321333203463282753088306721900970288114032989500389889796467198167751341379297136546198210587461564242094528559187735399726314804904073297891390e-57
0
1.3324800721067325954021407724907127496192084090599059264672872331507103880961778988257554723230987419503989103598472232554865901193044688298575383233486459784087780483287001298434920593439505014457839942491204897184952605231408941717085735474457065387023342329797296117807137667567464573624139110983041428390619565384575355860089341124607939801350987097255906505625032e-57
0
4.0388494868942479762416463525817874369613025510353514862279790299740788405005182236888642827708523972266828426669683807730316448609441512973359245719540127655952433459958420423120626542656973291481044289557097738180030008173543237544895235288975422418994113427570254541241505128852810199904218087809523429871484850542392523322465086529078168196422188184704651959016123e-58
0
1.2313180209549804946610886840676346031501881626135864485162643135839730365968706938276056923285719703233065807306328053650784536934514990389290817288532157043367594112672000496492886670416118869454463634750549700882296209215798182423407471696664982318556192592535665249247658895143790832164214081809383639579794703974640877088690219267198387853487125990586648583681659e-58
0
3.7753131193163361380149163703771412973093614970584652661506822446256854188364712501618185655761378380833093395481939864613170222705066692697659174838329643023971193576131900785026345013868962111558417877068674303788199876374196928005720530658304485519755779939091966192983184008409700835984495165271161991520776126730366850413611542783018680354494447188211791581604193e-59
0
1.1640237428981574854046602228060583082028187242054597115193891613781075243567129132347992306091175441203493366983355459364448688279843061476307536255356183349445750193284411008684936440850214186339400233702692651137094924684469321501280660522886094291545323433749750249924297217317822453801472841020819408773980710784584397083127952790557966122954489234621208839633437e-59
0
3.6087275621814272825831429654476901601721438729238674639971303497319088679458931667527539380910704130654412910577622985219744004784615841291022890414151159047375599360026528192114214662246018185988143479034954818204232571474171110108137635179147256752467391407196973852625013203414071873531734750607583753280242862051342002490927853527580485079055013443552004381463708e-60
0
1.1248336546310600614851329590488263849247776236079416143911173238047111546528256114167314525435249607770620172000227078635191491649855955224103875345391849434938160425544616388842748228410590066395344079105709320447073342200413386134465426835076068096383605843120760461719532900292600900571325377201781904587667057400070555184108798559533651071511689627670607925858360e-60
0
3.5247167911181466156877028585559707346068298468798058421589702972241533201933759008470127422245616302556200709002892407508887317943681501912790451664180590257716732079991547744127665231342959463773580524053375099073776427437862590054631087171852741905450191336820421226652280856870747521604303603688262519026868051222126561125907569010231548768783183772419690661393149e-61
0
1.1102552049965892969343033525212030710349569599122893218048663158860845834960697755524397888131861639835666280533761036143025880221885628436822089628019537722493550117345616855063775721940238499960555181074140245367848022024201560928629356737018025112502369841027701001584790620566204041388475040413550961486379150409435282677110639406594975753901870400840785827202671e-61
0
3.5151684470543788697037599828451606180287984431073531240652982931364323134285146544256782247190846997493564242947969728425793543951266391573785075379392479537392958255549414492721163398223673462430720504488678139497697963846988433107342162421799949446516897038402724379885432972946261677390680196011996135794526055830448449347010030010611713632090588292792207482582533e-62
0
1.1185550020336503084440134049914560499910999250102443939373430070614939665073773938150454855031286741584722496723740838024121823025355793434556763972000276404890633430433388357348744112564808539298926132707770312725999593997086401923630730292847534924215966457465130508484731085396614004529656257593802570959662425801431076133560538140398131455593628394641291413472802e-62
0
3.5770137460062431949586305065249008415379152775593382349430334909805581257566990375561124857469695334207818540726922987431867558048194121172505017455119281364520945312837255608137309271243734413171877908048486147616103709548648532231918510726380924893944302285915560030373120790227419281264771956587496217697220663963861429483179822704083356274838894206778706019528165e-63
0
1.1494791890331166548701020285176888092862404863391883585320291614107729713651598514012816763814830314562753695306363431645988619925264289927728369324341710054311270421748750900491717627540051342443334875589337031540375771602650631465986466236912030400970321941260316587206009396306332672733783547433301054363134825319899450755037427026330029556114833233017527353821586e-63
0
3.7116326729508068255918298049401827143528811948143795289585838608604583896268313165152511272250147617056830345450597603852365005316129464866311299856881770220990045181537592297587923488197697740448568994522403805840393351003129883527289949957726813581136567946426591764999348299256746137019744176621402980308691787933051957286753433846209880857143049687050576026679280e-64
0
1.2041463970055113291833037967874380989485788834066820179274982600184777253175265454302954790120495925793725749460701328770719945847106636591760051197563160757556314199396173168031273773463362869455454812880327842544676172226765984642942909932207906981009142346871713703214956628808053010397181912357060601371202968649745183441430340041380565231344554101983113898932030e-64
0
3.9247496069781072167679851233204754221190488904715772762397263431221373195626499946652080019308323500548305806453339050662664608204079172548392628947277369319152324520864963621404554638260617809636539660879859096064812287258767411523443105880884626516634813237703818324903711824624857781007651230979773652404427511060270315733303075958244196825587638928339473480682300e-65
0
1.2850847508556113319518999042414033341556320080197627366320327820416765770878671265548280295886453083762622559042188100439486984250149533308699289626182989723488408335893230730587813218230983567668876079432944346147266795109630616019377399184337847347278305764973241627968276834002120832172066328261740912180490490759888742364037124083622429459292267948596489469235552e-65
0
4.2267673646940624006496408275029910665410016738978579766323290425416726467400009110328729961042769042894747864879369731580241301915185393895265603921318927747145392812861645637534905365717624709835779320062948159438961393516723601339951249379903543285399024941955195465448361055437404035435068112372561844752542747056999722021342136767103235774234516547723130901785079e-66
0
1.3964071976546012589909602447611454582993712242440371032621875362450509926937027739708195922466486637275834634647731367499189455254892307955361051764040972008615758573457376784559253073064148634285824514353275436528930858752874058016265861071838376058444432420724465489577516942865921118274769453075048912566907856890958890732960863143768174192485854499939270282876052e-66
0
4.6335529295741671072331194451929193080405105515530136369228650678194834935108875240128319637524614523073146534486085411242165401903542671473081147402696453466342315917285623161268837079381408250748890111370104771208595822517412228564952627375000343365955908460566080235246463230310328784611232701722079353119583854681785705640271631545179888295227030371869502553621459e-67
0
1.5441389816214854273304206775822826734812232722316937847608535767596718979568667977154826575945822092637610816422826680661866775843660497166711882420505804804083989869285134585976551179914063263525224593394454641844585968186250917446109458434743087961900291605274100569220677141541388548890034476922844140110048544386816974001690463994460148741436880762263465644803201e-67
0
5.1677494987846793438623889168857403117457582857309385593842550115088013921024274475911579802043931706251884114958810098560786778686688101823725434859369615141731702338348768117546269483033359901366547865898068886183658804887735649526181106320931130760006866777818079466687488179101110769570942198366262404770455991482626253638793720491782883020840977481605595864277199e-68
0
1.7367312160552806124052561212048156724531012000719224536243058956343794157019166794688922018237260117047633565059092134359727030248739913410932294988671181875793543899353473690970506492062476285353445310769470011159518873917104812741675152021194529070421306567391747456680776195934801676273466842268614736761530785127738722917668827641684160818228978183693850336672141e-68
0
5.8607581185757433472795353910555514197070924704127289463120918046364196667232166941158231306160746132093450469985647587404782222437129307732521774741164660463268008759045992352564853654247576251550724494561438336536432290171021917801031361910902755298399360600124553065565594046011943258600086340445498263597769611967392327214851815616457940926319119816413327634559289e-69
0
1.9858186823763177662443269986497674964864194824233964662964171469413142496466061789346860525172887801614909063923701503298304797210625358572081119104969238616205171801909906920852601415116945829248290280275742095593812780929861179539846186719636178000751594456569372518980399467885191761646194606335714438129031295394021446330745704029640157804808361857554311600946674e-69
0
6.7556195495745817123380473606106436201961372950741463379127595942555085854133317615204912280892389657500593847337328323979197801916491332334626516997152973324666949138528427372729644657286744722526677767169551489975539065398987304462461416497491719300732561719279521393788540247913497584378758045555882281407594167903817278622054657121880430611168669713810398672208123e-70
0
2.3073121678791964283770268512911991752043270926429068842220187704950548286681301018284208515921636381263345514312929486491649223661152040873167866963828906003669649213431611882548284615808902484696186106474750918951854138250027907288680808203815164637053863716312695115656057009049961562030365766005008553466807716105739699081235117755939707951144203801714800833821370e-70
0
7.9111472306488231700642810876576438439649549619172488080933215760045024801699560536261014983445247305414367354756787886317960142375865427417634436171994295204002967518733687255954447591856268591032163124575045626449532546921356698208820734963766563147526275143085928995789184050131688504186639837183963521109840845572917973171923909376618883531464525652057731373536264e-71
0
2.7229610383912320475946256997305606725785184959797115428682145263125953368738522322303428730139315215526039386986518006458812460648930861210094062429985428960777841387292572673246125813710427797143884708426714542805360773590806523434199029576270851335423464746371094321829319136195029202923228838380724951595052033983012656383307964818579546272425071716089161066114055e-71
0
9.4078348445132081465989902436987463964795720731423562935386964098460688049392708274264238803401429274608043019126576764352330375550607325335106898750240871966223941087543197365597545878886220432965099451866259846625022842110396876056206889773139479743020629041988725277976358363404058838739007634546644470719130045741178503630152702034398990096869872585159540485810499e-72
0
3.2625877842363355692583781530584356580700216988734578374733077379826052544653227952955797014115908985064614747083242199111951401928737716486957746280170354084722530368595935683900222654545493059853818867162706890451243829321204291378372578448535095714188254668099473741264849834808345658803063767257008977091687377968936117106365778915989451194465163546586086442101597e-72
0
1.1356315741485578331516025143442166006025379005275605960035593108696037085972529482221817052494652494549630154119473841218217563974998395534904186900906598715596401969501903569830620864709008655426696556351605948769037403099150149694058631770663751174529902364190279296019912429774313845533361286045182698718627304640167206291098131182982020360112080191574548570415787e-72
0
3.9672941149749954332798908057324224648429323812589498380064503684866567932954663910970249176060883676878147055806669162962230183079981390255786359623460422446594526603253808058870689810761126664174398209689494811388556826901579733559994559787260431619036933981983483976605458860795837974863532879598441041864308432964390656937065570654366070081075095373833212146605740e-73
0
1.3909529772964503848002842966641651574754202652755209197842627767289190613220425293664177491251508688125205588700483786519561866507099403731786828539074183490930036403402829040785269191927147968681598223191865751697667577339046996427612455118001095742977085142169463944987960482817390238424554207860472203025084837621159389403974988849908302029852002482497348993177974e-73
0
4.8940848055946331029327466679477678543363162921887769729561377978173918199570630289222951499798955974983306566227698901792352187050486076932660413297607623174232217206901733694993538920100019674864455556181059072593485188109278647137103687287896101281207096045912696707076861643977151299921096647178431436802039760697058349816383654072583297750671119064012965849400601e-74
0
1.7280322639892838468043303750610574830756412783499044357498190760175309843565828120370811327051247307502169563864656670688232981355667729643346075469976227803136448557560238285373354261945749415797554455624131967677357238696611540821641593124370556499922639714367378990471828650351842726877804169463650125641544260001555047071964199289330001331427657394936250002454550e-74
0
6.1225771688118430830484486333382080020200491824273833155423920404534992662030865408085441900334967183405278031147988914285456891179616581480371141989116404356017739818508590737872050057968273176595422090273148642846570332687247678632256301961054848921938805135307307327594677519065929110115124360593240153109529635489608825551032967108412529118688986464928838313108478e-75
0
2.1767067210745543117980641547203721346397546115172803869717409491047912204714311992204356027824299804823683892275244247434920860646097181976368609777258464599516813936052730727431073687664824566838239433766769755550164853080699179173332274997189243224575445518172789423372053391344167109300493486385398891049627206878714251227388279005368049630481799379613682456381185e-75
0
7.7648016527972200846185057136009687326227409058448641539444997833175062121789333942759488917719288350102175984544958981603253576977318433136423316443015503979573228716370918658183860082821276419895516738140467875954782170863659359609803286858871689749797974133258840410733186785360089408179308623232447112578902820850223969712894571967927694212587596031064585529560523e-76
0
2.7791217320237815696209663474121819025872717238747317470874958557226270275613560247518816024354128483681417739438983607726224019658079678849810512307527558009418355539127739498347494031692448035673377351044370577550599034501549411206262755836428871464933693595909820067720077559502531741375811332927922184712336132083678256728537494025094376552802728135165678429357517e-76
0
9.9796168315264140412050493402844119026417795594659369213653689479241909120425187496772458658895367328229224004317826464073592567916690480949855554616291006775664925565194897201371420989311130275487698933962104477449513715490420722479615344691170796654859492159084576514760287643407973870670599607775423982632041150561457670788142176364710410544966375720007493657511407e-77
0
3.5952737218382937224235310388674009735498012219940482682387222784129004718160844010769037694331057380180053767525332089423250584397129220135910293279597628006253259145313946530295070215792617459380293105117764704202210441183676195058056253738489598725933850866925749800941738313025314589514682037875270686982692904170395990782028768207444341675190124683826839029022628e-77
0
1.2994061340728750908506434115246768410425224790492781468398978978238799340614591811087058776788638091749613267209428748837092842419976767862902823028425985038516424295054901422272690000422076036790987568297183008035407081930027138163408407716467464695738679207235475506317300058127142048309208870380906945704073220067910698236692705975257907634350736379031304828798643e-77
0
4.7112497901237129880934173057399661821054351154169391918917447905133550905635390168210337844891949511297250567260783772733056439084935110772448087442302503836582423692623136683438683667050435378734906612122401979191497091570242292924678724717181760538385489661199301766253785897962683815675741374304409523665829333771753246977774874917623395411607775326480835220493723e-78
0
1.7135207206366548417292869259828022652722571473179507078355055812127278762542218196914106044826720163862057562646372960249475857432522808669382405514116719051483777769312015457791731820824148784695401015077809114170952308906844985788912764515981243467298770144227414564236185308313435612571231222637376978924118978945987580211529657081240852537269259281320562480249104e-78
0
6.2515638639442610414422661913815731419375858211010563799290556326097095702976106790764962207507617197570476324758368843258562397916075405928268665691673419417040307624235973713256535034979844026679063677735906069490075885153535050579805579134380921959020174000471631191777062921541345554236106797345922495866550673000051687601222974315539654940510947668999345934955449e-79
0
2.2878021054792986273522005627116157769982142627976124798130212558405797624636836506020861070869640959156218626876500261241645121887431411494830938691406522444733957308795533365492956355306206334909606087108381894879350421860954766831970820975660082148440673805746010959715423964527625118283877005044258721908712013465599376145109846689064515618979792665119590569927319e-79
0
8.3977590209041409437720540796938190684984724982605465464219459566340615372083797377631550185455112177771878813004512655858643176487994205443097397327780335287073332359716421011669741501624810860472147310334268544981234533718881121461088259840488421651995812247631592990059417576868368835578057851419574799113392878451348186377168873535705308557287675293539814427145858e-80
0
3.0917796107261322232800517287246358648080728902625458761192230231021394974103717936332650333784443195669233250647055828235262619349915228807073359157185565558335208766494469511976480221543471973792841463838874655897739168265770313192898350509764989549481361564152131510854350316812559119082114031737888495610385538219442457336273110855222393190726034050314180584341533e-80
0
1.1416661058826423544578458265452526885314117840600788938865126518771379711853451559576639304596042120490884202909918892581973128180115240932466937839249078933121882524649346565284986381349358217586245603034097637160374814413109259097376200913566169195605007981626732874033218959296418226667492363524741310538914045749526445202502484668646504182417222957445459241895786e-80
0
4.2280558881028537771879797400824726741372833558578972792970918857279115039845847609973682421363752342834650598152390750612986476662851049101320467364245327484796781566578060100197117867434845060438430038550915653553611104159411783624505644761915970929006728849202834100813518683871851792296873084224200043157255063068474400129827364950181600724026582208156071485290607e-81
0
1.5703599628727444616751057610178718143763228122006293556180513591052395790191519141007241122501635466856566273741883064186309629555209632210090615026228662817056461699579325399069301333135964066731009732729046580307722582388503163416372545608235913098972332041751039924861027283814467883402776646914988061133891339197047912468215491143139027698179669367370827800818171e-81
0
5.8492571121487577317093356920778591492691531306794187444690464007035389053132415345628948420662555014043269396704073887748176833781256253901609896262940799004880537938236104661336660124636024343224302567953236567725219235193022183642217197358062039352778528773136629635169820847877622988235635350162726262300216100250802461463817691162257161591921416371046373572009589e-82
0
2.1849001447250511776581723753206221450184919458074650401779442575259242532568897168456017020040772716589062442300595547366211382256112250732093385917278175496095142439331829337784019271440917436323856292890719027602816256944971020523773377168250838587872934408518694856986771499718974696703474466150392221745563422243693322576666713695075442525043719228267786936441844e-82
0
8.1842426134659454474662668232944330137608802317785201288306027399388696901900420920321194696101201636006770559419499508102706312067975579021564352550770231343499341380054302770698435509405881215710388103798401257337326519046578308729859095217204890869929911362130064489696241095301436885567393558784984962552651411731528351205478506924139096963317341435003475677934984e-83
0
3.0741729784764866597635943035074407492034475508192872192733413550209116987667325841234240647208326044048034827515081850728706350216694261986876924943145858205825630708240915372737725390209757618659859966928598835590565823947745345192639428139669520540010161231697942547046292311772532752697714411955730795960864769624921438183483145127674114835913495155096073021710404e-83
0
1.1578922213118544480818758056378289735721314751815074526478655865617564584690878064135911994222930257355834023087623110507768122840224691016438254231584349765884651687058374610283125109926076416576646943056339119746129531407367981039359656828910609272008692456664105930237561443020106571611028923073795211507577508732047717048088394872698652882922967571531993109850586e-83
0
4.3730592603833152451585099254470267842219004407903543122979174950122246813941875438558453387469339536714849117121654975780635688796065956820907460124999244626993077015297854014281478501640302975237894753285741466561508280738114022601803581394764264008562878280402169872730986959863461127150481167864352001596814565057408181002230441975504978231357878953242247303410211e-84
0
1.6560275972936051236114495734041032109020944354631515723532770443673724011396543562105310294336922978489456375820109165591533732825913097860157675256443666229267429224642754103946485840669454840153335582989090286754380715974930543760627794127831236191174041841445141923933003376541970259067874512545794583471575773559231637866821013288846715690482736402726736699999850e-84
0
6.2878557797725425556519679004820563162316875697994709448754074353747259781795841750432567391813368559404214916766475416359709713463198328105832010422155976547146963430058183833157825296570529451904035071676152720984613860641324173095842740359263857071576680072905728134960398711347204179178668769559480166098942457104028490392515123594126883881237506800731705685320558e-85
0
2.3937478458817472119422957990354613972881236196474837113303938068147455484888587837133065433037263313620079869837038653704467838661188969397801341115000425414636188149684919688615848358529044606639360643560323302743364145055485132086526315493792386501043615036683819730425407760432416434020423532820223455873034854055083057362860463476173374233717029231888453065295152e-85
0
9.1365723825455145256320398823210138434723975649263812384766290213473305401554617592110432201274975052810883461905854972590481439691309415531307336729201754882547271772853400220066671837885174753362221993166313647955966298313392840289278839062621198739278983423378550160208061016863925770212624219488008251057225733260933935225877682926646516422828656793935148697381856e-86
0
3.4962760801596360024974894832082795752086058152856227442425347585180546863227431744208503945122235243496240336722204767500078523908532556432238704163727151612312699388846206088418186456387648581129097855154075627208838985631047209869760145189305051476831794213080996967129971684184076592797884929578866077903199347413729372859050374256378981332975605939166560124696275e-86
0
1.3413259065146783092151895533910408577398969648942833553970413618364320779127474071211431828605459228265976300287114190576936699972078506085862339563303544956145510219033670021154557141282529401483358210750714027039966153384809669348616024811758016212778198028192263711386323704664455388248241508874271787961353856556157203000303919644003249816032056158948556911305304e-86
0
5.1589097457460644412520636538544576227031061691153193386053816781896216597385440759494862047145807365973320373774042241526735060526403644521106690704493814223980735451101141244436661858033390046477287734813267603933207295564639081320820117624887386181233059415270530915288006997662977090132393483306314120862089700702789954245106342032803843145841662710016505511371722e-87
0
1.9891412004740631683411608145399830920923117641169965192002199607018200669546812767681000789907727620510129312752917163577051220175904807086916434232375697084159725328553467617722717497450682135626821964388101095901158016753385380338548817722686422998087306923298315118384107863141724003686820749585823505806654264714683807743259741640144727970001640014171255891218557e-87
0
7.6885880202904373468459888212738953497377311324936678805594110843930528767409263875003335337530904635029232326175460713174269789729729527398050837826625824395986846760342585917004070263504571187007939643129659336958033897267618542094347321975854317087188422768675975218273364020626372158974549061741676174649652511404938604999521048492435554041664990242910597483699114e-88
0
2.9791356289921520771070781364193332770436704292314997609742060115717590240585681716717481638671958816187847500677230498715023539114957476759944226341914034691416746522835575120466517343300408948192483684439585484141318674131729836452613002444183293924891258993850597590573495115444999376729864592141021331916920511297520435453054355499415337439349283782066883997638047e-88
0
1.1571409375677058122865871118855106366540534831213650118884773291493927885249615061039188143573879127810801525610125505485451381992292503759653794795606886826288382211071628484450447549148549035533660521960050060038575782133108950688207414094852190961894389239388049049835825833619442181792797181399790236594175462434890058253994458313303094008942380893353811469429759e-88
0
4.5053061152285940813846029513089315781120952469323979470324429410046653652487003930189072760538778693674164552021053989180796481512263055457189583576497548587632746874130983426069698395364396618127541670505529080307953687193260158111917945524589707142841810587099693942666036498917924017386126789379826297287738347965682191315393636308713855097196179811885560697851316e-89
0
1.7583055613919540361779220398846077907943099597060242943704858413164272357489619839674658485252378927991788971935492555361503152123621727756442950681218404775262846260061033474836874440454634876128593081720368699273638448478733706328860095723567678027888407167022647624574131186548818878741493605402081100576688528172090146770356200304282623533583452620490589046899980e-89
0
6.8783852332476304898614006435840997637824032462859970962214152911987728040621122895713865847783565581295648165447086667765350330564661461390089144072681804438729146990330979465393759474415441414080444823865901784521301983394474649070011777512018100670347434561894008092691594620175254134678086627250742533188159981125053726301417204979592300817484406981625431435833254e-90
0
2.6970624703091277692505022016618612088420434876838195272882866980701281165598314691015560043751526720318970258641859002524810839965660097496547994954301734877070958065510548589778014552283410556960152488344215559582064747631752709997204606990440399915522362864658476768046654753282923803929337137308386714118111359733100500263563618948755026710615425167291266070626398e-90
0
1.0599815447669592282376782109887768690102632734944977539374927579767569605315010397067919603741970185723369281121705567051791845680945957395048362093518617119534895501677028995922344934244739181200047179489419173637970514384420408311866492319682119398399952784142115978027914769366194747298307387367747095404668099668285633700055932869400830586921261388465170097957372e-90
0
4.1754084647308619688069731023711908727773536531441540293307882264751756597697604578325883503168352194030035868403602715139266430999581672302120125847130971845001731128838004512895012257135901584433441952658603071605229132779919995959974219423893882558960870130893855298013155670328774874439969307226109118256244557798585837643635388357535254506226038185043524663460718e-91
0
1.6484801632994820157194253635195129085031600926829363387249727984162471945530560676073165701654221112271623738315717321914873355423406478215834687049189554782657100278732835058127068827589669860704525971480847058782983086072548048763615244878986048820497127342131082265545369300208950819538643561230598830622306129140392171129138570370900381644119140985869410143945121e-91
0
6.5229410820086264091367161446857930659057765556533881480478208085043993982409800093026220911240830319754859283842381169812972383706885192058776264199912072921475533021637741457785250019444781162433440499549856947148966172778409525103219507573218154039656385720740934396123938503415210221968792775429576260444383847213915260150569903497510390590685002847682031917622661e-92
0
2.5868376922530600045505810812358857417419256273885723142684453897873071528231778086434038021187843338326562732242011246930379524475826998468589140377686681071267846962004688096049518157423535112230533687513860861196789844206925371352404802319170650504848001087653061610903372609430065553520790597902796361447514515030167437588750595984315353923548539120545717042123051e-92
0
1.0281395428252108189126666322669215043969793038101918386866062712047261299564273702415583059981832561146217051545389689175975402260024171760266899197830539009537372050635249389840151468921104312791122216649001339531124940380375965456225482847006376370250160537653086368193052888175233301822357486801785283361693213923719772287453918587661276262304437510163726688819753e-92
0
4.0952781553768318202131615233119754161075403976003991222416070002441682449711026262505689739013619554790468053074731342588190166042679338646566671193823938924190696206774815459118080092560835352959608622929769448672878068373572979914179557223714447090984549144518908866939911213512308840696241128595599908059304789900158498779437411905489329680704584632869938392351472e-93
0
1.6347624140734815230802800400274856021040313507571999267484230787632462660907074052559101621695356584362204152696864413586353870503244024309454439834526331079912931964968956161665052259154566696302217580641568276681235833247566325287844518811227469010486970980113051960335828782024971878800716740972594417007821087074774914305391389472174659644644934772481558070853113e-93
0
6.5396928284719661908833835349324972882202160254126603764181424739805849818152497806593265020584949467323191486974722099607894068933569672860835743766361302037242602666214730285349811226504668019518938389151986986095169402271065837605238356083093276223384931856689283149215581148012731739524407726500450853148555242620734779925903292394659210736810310961362072732759398e-94
0
2.6217013726385424380578885605579278311188167015727784758115921098097286552908592382772525930707684179970269528271349574532667161058012762028322767876900964775149596403298660484198482376092637189655006546963863377931359257941552319824652689643304170173495373621323037151047017969796003405047843921564168727793472589338717734980539313381952541552635989235529448958097988e-94
0
1.0532320943144052548474157343074936774564963235076365978512629624594147701112843748830422738449685410573394703973678801855121531754568447952107487617993428413847611796897177040243204695790055649114109616281597346382406705914906893215062240224714314312817189060747818532043651567288873127739944619713288504577333346410394436008221991052916376559463095781408949068880603e-94
0
4.2400588930639464306020666526783985305676225134408161707749646469252560963657710907873714344458146498536105541963137272054051669129522285197136547121861028725211140085881895664169420840055183723812524811212012934561124891860905317811226607021953596388218366089246458290392404846509270077214663595166781004598290850726361756160741657243282120841560715009182732222019226e-95
0
1.7104827759747079778945823965030744331826174538613039348465969625514793571591869494248762770907039519320598594161140440125242441284480133385350034702925006379640015268466071358613666677031857580184956695494249862945476386942037523468572147510625241893840323908977590207794818858404143991589680140518723375796099278626079040897582927157418757997019294373840517370522240e-95
0
6.9144354043046579126667914842874444299642307622365098274059954602899356819535096071732914225004247230250342899835599920970341478638825276535796575358862697103802641383318357496696459085051594444016945132931026135394830330932738513011173523473447486696579165041394204753514989831635380185752571418259270029697132490850288761958472256166402078437427616468945319186263246e-96
0
2.8007751856091032281822349410622980906661795456458581336575135525715968175268911322250665556619986749140531112304691983020693480450933215694262332499983557772977449847853951730000735357072173077651060041477525771817643176579058340818681380154554762687992775401494734088411355614715706936326345865281647897258823577268847337929650547839793501829923499324606109573891827e-96
0
1.1367781144717542684496032637405052485310015827536094883930780554530025014143387368932754236620381282466252362047448713782954763865891089171655876226968492060423876437660578786760920137724185317467058596381664555045191189610470352552605057712947821211666150230328611076881166622639229850633996363686379538346263936792505511723261816544343391658746402980809463385953560e-96
0
4.6231886628042614621117834388073601410469162851085508038756092856314369049273893688572506242537144510802025989880962432660252748283122061334856181929339163273631025154340872280967965657202272415210961672700356574762166258180170626490939528326930884684614243916044376774864994717734687398689792279608186909940371047086356158268320490873748942528752201781918734948106607e-97
0
1.8839467709932519720156833336794565035550968877107518021101046057380359625389277384510223521511179093671753486035425133245725110945169222691034247890684775604782423088888188919843480103575812855592956618705777750550216955502371957577474878643194845663257178654407365550911197709260436949205465889169036244740745460806755591107972089918008952481742998861063074214918813e-97
0
7.6921808412023246129837643986039306849282151982755961604185914157740738720736358956110523114858820487866139898051854812347533219873223466273265577345849809567857999995943440230177329638206109437366911608958633345211288033882668939776929807860385608281534752490201595152829947594810570386111802115495641736027661738681901558077654184847352427332045761525801253483030498e-98
0
3.1468572425282682474376249647592279856756582805352080969188619863514150027740857388760645041228369570152682519262472549678491380526277305282545333450154630116669276330773485454357549685303812315573497793593385283099440474618877123373945734119425248155022062055681729235909266086641334172528723017208305953703129778192039336776945828009373044548761738485587114356451262e-98
0
1.2898649735111119955066957811886674346955518565194444916435501822595553337187614307743682503389923814990797697755633542857613106885029949352419678890624922420662428115504642053232680613734427097997451643296674928070968153246756930919833219620475057194016076942867643668574702545555333597988506795076427159577144154834430441159091714897475676671161905028402825263922054e-98
0
5.2971730977008423251234103598702244303523652395355407452754032212349018559619031769700390715323695381915736595085608304814929920043350064445110002839671042026683838540873935485420397231933422529358646447210505348112419845463542657250778531330230957518431487835154362042585641929348999631522521158177910722830295113138975339298258733363105216970888581703307056261354484e-99
0
2.1795655778923068766887324848700771303480337145173089949215870158453596773509703220580674303647309046099725344542598033482364686411513407834978424385140655007546588072881822130121117613716267906447265447474305735958232086416680420447537820358102161117494325599482082485813022469524343178450531656987421555767419194679762398523205111314024132627107646202149707024266992e-99
0
8.9849326565517468227472600181786704948788971759016114933584679460399557454888569443979745148353740699006950049232996030604814058799555761942384127013352079782711797976864986454501922866158845633173292931645745539620678779543076411794593868356585621156001873765427645384469668440340856195416721675679966846226440486542794578238804425853412169538648192156725455560770288e-100
0
3.7108394669519085285267893227001679264417438212655862863548479549865066897747995959378360541639250988415548459986490509593550713404275679776438060802932274999982933427923352832841746072575585686976426256495945859712795307632635023312453875389176082460692029850820748312618060415652219425560902236277177976592409740310441944537712271532506276885809233673208536331207728e-100
0
1.5354490117651245158970152824940293651150058847836900223326051031194415326732875300292252053349446715869024711290470693365345590951208049041164254068957528713080709865076745025756747251446356550669146736417985168721633199180139708957383198157658578255125314192683131043700476656993781837162157511906876253014360265273496154751858145294331405582783077904492283392377850e-100
0
6.3649947719547481425410721623884629082078919809782658773208469735840169398856389970573588239653194434373081931860485411205149257452475716049908688610320906355748092777445359098143036465241184727746135779193479420661343583797899109517226919373188166664976726493662115333548161118556477716268931016646184712319315887191881877639561679753700468435986798155570217472585936e-101
0
2.6433443348927233393802436000808445765391765870403072700169846205663151029910209775657653101994893341531030178300640084992812065757159115539260182516152566747626875077370090865681802634622859155150711776830696175769639003328722548449089252392661539772752101452083610274261288640930159909710925147646426537694600140606743835587972520939118358825613597200505024144477042e-101
0
1.0997555701225638175726240521179605459693001312507095409140482303112902779317183863426307680741995763462442513771195044094242142252819712916005952650722404052232487014117072035993208629816474664128743417125152882148433579727266555748314955523377616673736459018121572121200990415845056124545503234226886839635241438537187022991089874333107222809883652363086039501066280e-101
0
4.5837310971126195559831393279830267168084473698143590999559172003416152466622471093251309885389184690506552225781235932382084554835509950654664175087236245482638015809342221417734126061173955203270721471760968859682813934970739441515699555154039361413394008699433700341616596264282118895584258039626545949396387498434176137740702321732991714990520818115742349120509661e-102
0
1.9138879118068407427076209923515198699981461483077585503492363266984666389643962912692798111947024986212940492178087238608169592703967506639610498729893680014681651955867649566136434344541918494983982902538907217587763719302831293688197258148333069089032986127862622834043856546668754846691660611288270382592090389560433550803442643849413532238125260100987109402444127e-102
0
8.0053851145363882273217583950165419224629436468906557705770606753013355645228805893054406150548803643530537178629863721396441835518630886834321126660520203797813534314355315102260101166719345515370108052829802928745994235799632364348669571777653636483434424047687013587871771161431962562153231702057386701624817593215366430488433968436609010777484789145322770310768096e-103
0
3.3543653197084633247041141765724431538962129708955714672321185060818218528124018144669735019039859578901965799304414197474962322588768325386197945175300610479839157428576841303072984452739135697026617999406680151817764029749451631884936804335953419874576558001422533071838369221924664194214494075515894254881441837671061629359537209960572701055482005089249108677487123e-103
0
1.4079752035205886737105462438943242096287111237175822557854704867879348686638246481428698365629803438037644943586403495142861246039522108164332362292522405566180121280728988018932526644130806518802209603411914427188351166888867401341262271458081097575701941592506909450710362172274862198422254082465924094527903895768912955293503277530950028687219223090148690120309601e-103
0
5.9201180274557672751768521831228815028575401190959151521725396137295970766724474926604063316229155236942066697201962187609497883880165045519346543194138106971353854467349235229211497916780299174161069978285479346649644547618806603320015736876446578053093315018488747518299106646132840512644602980294444377584019017713807921563781342825525168825755642200881218758940815e-104
0
2.4935076628884445348396649773440164646043257987628175913995514373403429175123800166106748073286368587985985430501108769319899147748568641254880668825745395802513617063531410377530506628648747864275377395911555818767998968721976114621232839794015958485163179115869160281220188713721992608430328102505778828594821758019776453868104576812029563667835811067130935808395772e-104
0
1.0520354604142031595102433384212080361443681116542348436642997506862018574392383173844632911115494535137068859020455936821640365157810602798432565612433392296592320680630718371167589000240775049647839246150954667690227630388874462546205928411259507312442514980925840873860147094015722192541873279505748899319929824628637536093130968605053615981806802800995410051059709e-104
0
4.4461468146399636381949916478217878942675459629865678946439795439320388993522751256482984281394877813825938977037501428254085284236618369002987713786899791210644869143192195454495928619581774420654318900170815508377583884856385432487511513613636720208206860037579655867981419897163505898516886642420720613409619807936513387074727556443171540884128092183999138984151147e-105
0
1.8821986665198440983177145576039210837623880947578433597330424594454429034045775206405293584164769264779454502764608636194112506436109451692894512060082384077705239776944400374926549182909478624646969140768232245220134771724471898372743699411086367991721966111237078680783348767925902260496324559579097490722222589795186992887182919807495920840102234727173556260353237e-105
0
7.9812318694481013769173798670804619953140087317587325174105629980533926542309782917442233339849349618108556022851482983891900446756522323065539464244029241461956835543244281884881797200321381190045363202274693902084315800798150803734424471566102013513986122764616999420227602443799738348849668528014092778156283252298217777931258844818447846224882172195809936176867366e-106
0
3.3899385987345951595495067962076119839745333493664509250256460279168775076325453108615722913886664442645089485951252148082070215565138535515443037823672405448055479818727143117713382459363963240975383228833323054574761401925255265833113858560934752745180117614169053511326864370656447965924615366416792835479603197489619717128741442472817102684255903408396596944442291e-106
0
1.4422012724062066466407110027442098556528564701113068473935468244414094295880471366918375246853034956926198304503065100143961332547304133535541844532061508312794924898562346630179396935104053543151670199241973369901685694325124014789671806461833968639455449629840994072272334258267904488724751787437459848608683014874143215028461329151739077623956095094502834472233383e-106
0
6.1456358547987224853452284401688372195839995903870288302837821043086007301738789186204756407384658086656645023827272258663533420205526406719929670561295048175325845384389457582659215611624662426154724194181794065660556460928906174871439665602746618682388350920495208251115146205480159109532784430881649107464044414369566207310011402614561410200558603400554118017163391e-107
0
2.6230677859696954651316797700606829453340079226724255811159199399466999422421040418645738792635606351685108466282171934840824130149451650222320300785377589802534147894347144140885907593160368121753345789549309749733250068151208144837788897320789748759782978466917520045659760575765524447592190017930484612886920305439671077470270388766896467066317909459698089624466367e-107
0
1.1213697705656502953764215397384751040228434720134588710052645689102464651092064540010644376338249854561593494115746691005705071073094908291526116435301849380316778772415659010744048722028428758139055362097045904666867263729926318509708855975900926019562718515282337276710800199056577292201238801993592186868745363289648999420868254352055212341799605813940199759567898e-107
0
4.8015314501833383934594423031813376205719059097927512487357664824796884791635459953340249156819081798893180427281444346819453942332573625183901912900951516829715690598174971079834083905224788126221026678047268350377621879804758292090680839948720586590563224086508493352679241158713966020729396282887247920598139017418871010022259135912996537366129053278656850840570438e-108
0
2.0591943576970831544925908952536760763972011847142168711931661335770093536321326162190465194479736654445301796034663834501374995525673173579918531259659863658292543740008431322040863244512770608726347411184437695997184954243366785482026981101015802057122386856329385540044277449489516223384551578158105852475496315372675571963274704427029541012132616852557517665241162e-108
0
8.8449751332140018526027461166494835960825006205216115072954723393480593143924532902574748572724604831752696840629768799845033371960068963932365790471221612367208060418742397296059430579717454949824429027623848042276169602331998162829707769748046359624446527550852942532555379704026944273564338423668875878986704528119155391886584740736666476358661418193969673767642890e-109
0
3.8051585303535024678834313516702741918616482938268167343336732823613219059647740096908177692527843347993913700581551341055632453868553030171303380025547583481348822501501803679773172511015829786867163026765934835318689472838580193626505725626404168921987350271788920052429196342606966458376165430346832587966081585304751138961305485543358064578273389838922436351345855e-109
0
1.6395360196185105134244850444983645028414417900430683879393023228986128550345627692397259351123505179682778061685808648224577144678319328711221836803878133267897057983306397196187220338563663199023417622486133972414667426626478562690555966940665549572824970274485343927079600580411893192478968735535899196816295156553290909287361867113054251200012069938844255312400718e-109
0
7.0751638637041950500564979841558576890864404366099612078334979644177165815681785508902863116255783088583194948736272593844754792099785117259303572764630310277239625148684235396576635808837066612764096415402620574466729242653369030182523377377948790616597169723989657294591076983165108760215440404761417650202806609172065055626749701777197012137497718079110050940917643e-110
0
3.0578395845052074124196054394303749584612839919989165927820467453621321072432016158236961136100226963231191227339794388561321445830038204032851572234732860692826932045030374347310030148374396088215391842724145795961262049294421981565602423941387481118472411464370556972994814819730856458541764140388912748141328252598854892590524939134827472624628182289154997158011784e-110
0
1.3235822293254178761209231213496982593476372667653912963670432259751803568988193493630716332924472208395951906137970833704810656087971143022177520954946114490393214944538909998443232984618016989267797768190603881704234312512031858087331121883141840403230549929849664643449814956095796388317190868467405208835652531618175530412725712608122385747308610657302087484508041e-110
0
5.7377368198484537394830333445906023825722252996956928152276520426788185733396837957417392998546318096598109635501727477010368220492082492159685289602754530560373139716125333258154374076378866038467898042221941634844036830332578295164485805798679633205305623457803510872237249134450316496125265633603535129819249907251750840074555319513920518905025441708978258252779669e-111
0
2.4910318235272945788967976336520846933827135152948247109563740474740500340927319095275135464788528841100950500251254198345568902890018756465142122212620563071110013222714820422270556655361342226663467011738356588666508225617980200794560973360257720290068489747420735578814017238119893310386933538850793197034543148983652681903746562713863892839364501114048138162312960e-111
0
1.0830847090605429072533661022704078919155678467128413714276803719911105883615358686792254244202950580332477499901331848814754403666541658592228659004252907316608147865841552322319429498784442770032282337472435678999136497416310884252918408185251228146419541544590731445592854904505673268155559023392297704095671724366173965316860893673157978606991443909341050555754504e-111
0
4.7161288770243565026964678362471754378028062008817303674140236618679542504447221227653377596640181312632651205280192109378152271654939520742598332077161074910088227656364866986989472938343996905157059711361424114329606660682123661172967793531936646114265888185253492300893595312717192329656530541284801374143094378264543680962640939137974338985580863729416997581804032e-112
0
2.0565754238690912500563954493329415202184154383880522535962564474030133976823176468664201962598488939814778573579993028341061927531466024383703512649389089100427171048603164233659003844053011458883773302274221303503955817510958042058001803881574253095061883506510822601656315003639913496349757586192555475924053249664489314506236163411104113594120595724029552172976247e-112
0
8.9812141707847542902570668455821719407740324382440687597246226988398309698638703941030541875889064814303447908660435321385814002940696649213360703510294042196822958307720165194676712632033784095741481551368654693899341466338352895898525818254351774641240706770352398012909452574506753305476576451173043491777991119300062189092922634288900703447491057546711559338503251e-113
0
3.9278296592113575798925748786394907107045468168009073441079819653810341605127868424892293523698235619858151698051890621925387806225318049808566943685291416545521020676401975883645591027639004202932525255778047195971147003667791513513718442798586953624775502496316593468598490554847709624564954433582562714168293420137455584726674789095212295468296794699092562131468828e-113
0
1.7202565280287262224388093124894661652676006351532281494055082771118194185793435782148592651812066287783111825604973343910264031296919853101725051687274271752954350048519839170386947412849493324639353509842631494687059471238161632014205894709753771402663317244380584103858922096077023825066200310323590862268044510315135861236388951454864489975410887771596579005920237e-113
0
7.5448846712134662312270478284975545906815275049281902981181982492417058314091764655246168384983844316267118105784249197978950720741321883098853586240376486265060504300502264121441188073614944901635387660396908050433806836310973995406359518930420709109065517483900288552644595601524156648594681883808577988972234058065082952424428045852264496693465114036108459221132633e-114
0
3.3138031820944129493074894616165915062169059274127535527336039442684778541100111062267106271776336756100819150785920309653244643612230823939077798946387487079794660534340572809935729258071955208740525720846199017363734995974738635002788009690993132003460575258671539815898970484888759071324149003680300383772416319743710274717776271365518863753754702973411204137681006e-114
0
1.4575097496386914178004323894499924639433400294578803970741161566850264555699512386128189267272437970654790216575026152022848383500169795184222836108902083082820308591132423773951120950542394889495207023281345466365585206467624768318940613733672135092804193734748081541613747952223750158912717284988007451209637479220657698715200735596256447310279989971526586324150426e-114
0
6.4195245570327675564752703074999742278057280906868043503059872402062033464085541517739358677754471616647113477438957518078568250973098137643330537690346009230235108379106536297061779446285309667147784888511952079225566378544994330764702309575007675159220274956344901783329799578294555227805715386807715074924673333888426538343028827071649871347222026620038022882404661e-115
0
2.8313719752997519889237353767196829392166102206889105623885002256945602887088294967841721947581009794781701447070697892741234699376719553129615490769821366096504795991473223482700133503986764277931506582404115252560727577876217240026536026329306635003366356176685856850996110261308893596573506770231063197054128222505117511601468340406089219432876545925335269469316799e-115
0
1.2505173957713092909078732789579299633969028829020350311425335591794257019063664206017485868635700210678898348081896909183911041801568639984149593608234821697508384712711798659236138478684071631676658817614784136622880528605593642841619816529125628220679264618652756891503690963267480109051727322640545611670559832519881733498877300422116630955529748682939367055369793e-115
0
5.5306657046868609341359484316975561299787910649416573105465671195196818323395063710376378135967605124806004890813849029311395390652152336032309206008485119426818465868380926638406506743480593847203759001455456926541994693181163517114814503526858283059100763854602157914272530968297107884518631814859779322042181934746380178180714284395701092018769998777343166775430484e-116
0
2.4493796498851343367255845304026616273971251758596253457663263873351863442550846604117718264502702783945735823694825861725418220652558378453322346799916943012436550100541837063120683967201970821214986551260386606414191195479078623175380617781772529229854038172464781562945537222640558036462046291872361633609215342084138310611031350907853983458703509535448931838077414e-116
0
1.0862305971539842323694257404434015078685958153999556864597236112119574011084104479731695801981830841207561488163016837467223932991668212451624309908076868520617755001346952150121999360321696196424524502335595567203336661181041175234473969293028728580383724903410871033161255107894114478899310770362145670881675651042885818213588859069474063223184366853432615523393547e-116
0
4.8236016549719564033874891867072108412060864418174207911367597816758297475994323675696975108739366636979256265518947201364720460955140437669494863288304794332593373643367088061391711508950342529368618956244637940502760253462360080498773908766027198267546109187199634927874592768735991357157160893120908758581504329745065078134650860146241470062094838385561880171859473e-117
0
2.1448681687335786114858270754315837976506024133630903583785689446980524011170974019949532946973568745379335835368072016458359539591136184265463281525265478285314067548813001727564482374271523771753415400912090548553823213850228518354634295630247324557519324108668503991289811201272946566882057186940919226922944985071312301763668812271185898458267273591266247080725521e-117
0
9.5500548566948656260231458670917465067834104972587028137278908573197909580612378904384699650153830570540524690413601134551451478842599831876413033354309306453692529972235651022096672548360433062563302352425338470730331903615265352506263690328951629416577991687485290672179244560686847086364817940990976513433953017356760576665958541225514003032669048965491129904220940e-118
0
4.2577836571316656513999931475060109598982527297454663295190874097023167929207266801719004734995700260001832856938221462887561508349121624746525820112122479747928243619974092647047485853511484962221027958391481925579671333250458741200764195424524411125806407800637482386109070933626429393745758183797450551426308517173570898630806479323456162907641893355342698327611488e-118
0
1.9007726980965143508960374327305233849437617554068219995914585009638073175448025230604829195671884358530951878199931478703030669193919123446832416147281150448333193797933872263250317659249014555049323868181419261946463851556141777169677551165618263302724466653400586296514605103069079206161847694976776894946112868349827257541952983644957400910940311443466412525621200e-118
0
8.4965398166121311864835282272903959904364118956812753828407043503613059996428826995584011564658653455235301447414077399787479073991064292487188127782211016384776753174549817958515185678647756352442788776288449899691030008139817398585340342508414332228831270885950994049223806927519073225284857238561041291495242961524174790245114788289953728673239528825193461367575957e-119
0
3.8029079244432880226801340697472080191662840758629873431198880362163005221268020582898332837537685499598411620774789717443058647614954934461348711556530585801661408321504394251774763850667955473441279890987776836186886995883386559227459223868938684106085506494385117756219144079308012489322116191163772089450126054426693950845710667872844851687866086617537829345099433e-119
0
1.7043070807379339561204735687539297991613441860217898994014893476486084117055068110415053576465261536829642955827399292278116894423204260141090096310243176490917818459524195687032351870776508230617629179733474152813515176204539035097158356062735361915091122743885773821846740522239979493797908654392273094977950823092333441397093739300661483967084220506728864989669065e-119
0
7.6477691486091164937259122270687167190392624665680447969991015140633994853171571742412997437227342148374166964308514409534617052580907910581245032695161856400505889480138236799438465762081645129614339592761372795472774499594239436151192306659658486820804057073450430477851013109533725385466006419425022059947000109671372810594383062412975267960429751915131769228530301e-120
0
3.4361583683412310075363479916573032095283798240074182736553653824424831087801022956710934260300563503866291240121351222881646064969686405624859284820840698267163966772774162580166744274650723934685856304082123610187064979096402900006117116083499884667441464781471473629570845889623795241464423060363893573130005009164585658651824941379980465869559799558606518381392792e-120
0
1.5458227164367398244864146881135571083539413959846048844938625713115265531149268548101062516569709627499548781709608361303017976485418179683859819975604113039610724857041264913527591065834895763602206525611822903201328079151653062959623692283648258349564721275817486400100943221932661840279503332108055730688298298476833690198168228670739311793348513857017624641318323e-120
0
6.9629131408815715135912944089950031423443732936546441697819662381003617757784078008439120904664639179312799918047977815300541215335534717731066231521512930573657566325964640249264721369747916030169448254877801123743474176563621407466126682482122393074150020576141972144795001675621760497099895807327619323267926205395611737228106892186318211913649850916523034358959272e-121
0
3.1402465796118978707667417993784042234500139601831404561240934281242818964367255273885163557828280970447918633080349624722962369680517948574776702126482554070456740160581953482448067447819211946814902997704593835769452165491095054875827111325066304665568072763539777848662091784616676313766692184254864072698485916751944348119362031346738691719515483517491016337794817e-121
0
1.4179951407493493073592619960230157295386107718822608515905298236716831618770690379394335364680687443783332794886823463342800374178609365085728145243114725560120283047389339486009553687293318882018107199723308641263179066411958495113676169529222816435994726714052101870133796975572112631317267112921767866366289004050135582555165407925516424550876080752030019772093710e-121
0
6.4109253800644263477288533959179411560679001804507671116701769140950669402334621950336014632744739511254997777544558368618888357903415776008468299027693094106670513764442098470588075224246067447494265994113581812006632363458000656823093130266029579973364922220790932289776170946212738276255040975875827979334542307588929895602465960198422508627898937648742528586763590e-122
0
2.9020072492727059848782625167300359088427043475786049111705256333851628739364478783073056765782392061235241326107060554890307362862167747540989448156841719769089041583184356847447433504421178731492067340426344186679831850443001203843227334161972088755144614825261450176643257455961020728373824169425238743532551612755230504386098850442790665178351608250561677535516001e-122
0
1.3152396479566848784801498376749054763654620089364149427268368655151884980442975653926059339284122232759569043896836905959853111990182153715430248588952089939771193554603947270382984001415537795967042258552315786075445870384458235261850049358146305597556338130338372457065708092822025505890634827677748713998720222724776091539792738629479842200875295619724701598748796e-122
0
5.9681095797865974231423871922415875349493860118499941843414492731947783368240841107634162183893483953624213258249421354166202056216815727569460183297423363292292970797665906543701218293372678263841087815395190785113612481440568939067033052675980497314998954084917391265903106795280271486444489706615551427588568975583301217045154988249793655451238565553654777036341604e-123
0
2.7113843366106049345072591446576903559664623999873615268171279458002534842101603375740715845421329660321412118432835658791654574590670491430261606197686002572579512236426831999479040201196217401116554643659675188730036637103689289879903333570545519117410124552935803290937579848951626961932225330100136382293644721995368803741468491792243622540816862446100010763466309e-123
0
1.2332885722780121146361856929689276260760371659902631933258765640267994125781353472773327046810408821850403248693102088117290626587037194233794746056620660218361554777477097886563338792569267512742063402035650072334470972727151868739470277205365903736985064598896888686557691461241560627771505356678459453886361493233679993218716012663675971157869023314959395511091031e-123
0
5.6163559605500171149800658888744501359029844255934093054871324796000495640606485224239496027068191271832671289741209673535710181491862864773383237729649099493909349320790677194763406537087612557201259951735421972906125151979825784134201670233538972432766618845458776148633371171756863681196547515441711027993577931191357088114676653135606403045053433652413367861394099e-124
0
2.5606948645192343866536099290056462103658348693231127771726514972101312894151764770678855482149198885241747890489315735980123879609778993913916878608537920545855043949549627153482875774726404963791230855452660833621608677841562162798386236562478314327796673123852341443854948750669440726303493266455323912898166260977839246112433077974047248254367643770135105184629277e-124
0
1.1688838198092814322344446493869414732464181508322358482073701080737356181945300254306480815305563333775967310506360758725757573621881149987873641095482199904031070381550414056969065407414886713395904304075219201141071159117489888574183233158274700833749302848043082566432508814675591816838893389791186655937022006947663348083066975456852021812408217238921978376247851e-124
0
5.3418566367881674034119489753195046078907811577179122200474245196364128133266872218884921084077478657008871053652673645070134456499602077265271532825491749127142422222563913788075932412134381895053776738642801122629169686043726747285365071767623393216268275191042256332402762300089965246293111709255516202834777991734895075883453050243424446218337065400457651837082694e-125
0
2.4440920455234514483338317711794256866051022663577912858597138402168304309973248235821171531387624608514924266459591899015899818421692614491274456910101772704499102740027473413377904824945780662329381875481540148742272634848495654916034240721490347079690944622945764963440026873623341292627951561661128319953580144532867205044576413164256746290917000280347531012040806e-125
0
1.1195524545102546243702153558744687996429203670924641963730767667132125849403240656874057587287771126651088440035745238787375887146919077929235171439972729943705805816775394422145911897618264550756077410279942868930218133169592435882736686403243384677298583346189236942755251986573259773653596462857754625979641757151116433299199544616691559321283886936434187964883740e-125
0
5.1341675229514378580448240831616961522321966842962581685174192066128764915976264703837615758185879998853753060881269637221780511882744124794692524271133814958968620972244160505886951369633661684963139659216527822904418537982826073957446724621914783014853752934783197500971801850951444085184029376774549649077505051409134786374586924551217490809531557193263370886981794e-126
0
2.3571731860234079181919233775659925584512553101837194501177109320945324339636013752836816586282874400167639457896660233660898808443277570185687460195972896864960115898005113950409285325454668015697513363681903121273990230328175331954395978242413185792529113648144855068463758100103309956951747587118466417544062882985542950048540256425479711057412648243497927583735912e-126
0
1.0834428636467895298253742539670222360316950216274855423301317869269493676469852881073020054984295382927574392935158167238100965788453512020546571678199075721267206859286737684436519538447371231907719023305843523453763647547114532141723504906022007374782489216116371858587597779040424584252551836809426016984344087009974471164245142643003559107553290211656595432213741e-126
0
4.9855241241856578129182560008799376027287010337802549044533830294463415795641381557076623765462599795664197849182880354112032584590365144139987803480586380250391442181945282982245046710314686890091075603679135748214591751461246825687593899136032956264176660333454616293382700761096017591598484465919269895160829112256738501563842010381141092104566840741761291884019805e-127
0
2.2966941732448622261071974415097653008463441969475936207376866806709552292700299665306267143901205991804795978485202566633204447023818951505716093923327473597597253323607253584804477773536018355244973873209822597803672204673249004895401855805752324159611818194441415588006838918131296393167171282319030159298490431324635014653329056166710689684573727713896854616535125e-127
0
1.0592057498357060157084021793963345438538755347045154761245985327110852196776321608690215400334937872925687050439499446701107623307425972531766341120985870559094681445485882346624851049008322679896934782284545650460555222357614695338046849689913187297046726522808041085305121663772916851618369284896430582668122345200469566828037646928645726750084326418042850147706284e-127
0
4.8903462360089391351968465486607363521385110728238086833153633220905075986692703483578046496390265096554390479490774272673565294508984456990877490755756866254884234586535761519500599861534422221713624001217245425679128157102376735925696882437862963006435318750046189089576221268678272750779045779023318310538719400095000693668505891549058845026616428650099917219123855e-128
0
2.2603637464319577986637246359181617517886892158037823521683074820639123004632581213663348257009779646288403497850498905868634699651170325540287371420362886665379992066686574726039107639765133235744118242684328514203375774499607489921399160610959577260140952227133626245838773937067756688007555087001741747227438666323524303682543742598877696996714668775694735034474871e-128
0
