-0.00969867371306468023795036927090518867594716012439634828857510305905476761098051440152197858503612647208185974779833478751
8.49343888727621837547982678044454325024586939269850461543504611604750984058424912463438899473238269493879403911560577634e-6
4.64437759046157994965733636307820524935984457831733033902119243078738869592836844802949311570339612877935075888467574026e-10
-1.38771337711237428592931680920058325760433343979530746619663086537939770949271483361748241809621112311597522289701907397e-14
-1.14573685459146104605667883065188498690053693143056418274893727702672887386647763199234950598511317504441970561169168536e-18
-1.95411925634779210246404635999037616836051979168165416508391312839751094400517263685349498013902195735593645200060078506e-23
8.72700197904669378340036977568983328956288922507378554051876082669297651196729965378689196806064286186834549409292339858e-29
8.14222776650254936442626993447029969519493101269789002229492518687677334162561464269423646443274472556445364798677216278e-33
1.48807059510363699336240161082517956849912718441469880392463127139922753122106059825232895840144633846234126802972779723e-37
1.60386524141635217474068685138205034541839842582777828723296975371431287938140476472445594152340524753326813448512458569e-42
1.20582098899212687207562021702884269977870510229728695702863472927268640002780588615160374981893644158946424025079729844e-47
6.79266619744797010275867699518618268055609752444047885313348332675668316052448425910777327182552054706877511148778832811e-53
2.98882512042496160531178709561436221140959270995269475825311350619747392292782322252425841099863649109491361310327652710e-58
1.05657599615646724219465305815998654382935455890815532835552632416951415321532881263666411722430198730360789384342889609e-63
3.06406954816752002091346295458313787503052208411712981181448666149857398236040620565624213040307581276494905158810030050e-69
7.40942791947508623423882425029879666309995626452119356820257534549698908777741575176847804620534095364184674855971050513e-75
1.51399780508647189616207138604920099658631104788719493557259775535263858200600986996996149203519001452476356826415611348e-80
2.64326113265400523733564853541828371068645928049117881081909828593660542398338722534071108989223338692370070263801445969e-86
3.98053575059950455476244977238526884110116922679416176907497232458409671532555715339074431327062079042322194503399104954e-92
5.21308907135805252060115034502738048037868032048976571123174452128229579378208718653711930295721427750663770548006154860e-98
5.98042787521291743154689878849728914498610689501270450658413046723436319817183045432275448709917552343268841777916991208e-104
6.04828153144895088032730710784067418802141401884783573374460643652141104994945252073346975567490927822189666478585370070e-110
5.42353851594827923755622509228337772072641794977398386500078940750523923670562841009380479508970632155950903880635232969e-116
4.33440204446667238764831740228258810471415692694353370836619550628983507792588982940437253349359293866385932711790387520e-122
3.10176910755534737814677511522531207208188227535208051947810370795112326236685286877879598467446813389456161569169280262e-128
1.99610974298741982807815668368279245536726220035411990618733859382350992333178688087438772091982783437945237805466852310e-134
1.15974237308394687801552768347043326976537871080999199560046152632565724027517074450555834926286643415082804011674249782e-140
6.10540459743271811429936674000450842693259650943533906696160401386940589464038744773266332509556125192156343980037319157e-147
2.92212778155300454665770996712918878780638452405318730063596365812262588490839847959410740568162440230082315678225498214e-153
1.27546262819028040732172134411069843837410644707985406492759863312226105834574246763663527561033150800691576178605710529e-159
5.09189464902816187849742417437432331601224710854069184709425878135277246303140776124781039920699336335021167120511032894e-166
1.86427832317491560556040991863533990640234551576636602215995057978089023112480658854671863318249989848264719924910888769e-172
6.27572426883417756885734419634926591583579098131487807057885667059056792578950504869782206523746370297577490785036646813e-179
1.94703440673274560504709283769678967334938968813054257430133211780962516942844098528366732795634926585318236497341134941e-185
5.57974146503171907367507995118449210091133308509611658462584347798839127483324762335673790017648879352736802160275449398e-192
1.48014351580904753423209752778585198295144418771757031600575341181309014481880996573629450983937805174331219508219598959e-198
3.64175684941487755878881056118262917725725106412336040926613479735002121355724402533276658211036944600501123420238936480e-205
8.32639895239049024710402767524727605239584031570481426512063328455196602209730945676730693131682361758514353524002251983e-212
1.77223748708811647897570868483755163145834846479431250357862610826108839390891955939997128884321059894078439238669081851e-218
3.51758986241279087302658233548763384122677767688600766168433817615456542789992897938298063269040956709140952811309489729e-225
6.52125352001745952233304477477527522918351883472629358015412198308491186344492268957322336118112326696894600412296099628e-232
1.13096759528169106597745205915368606645419178170294358475896342436954433003058956541412509399034556430753631514547573372e-238
1.83756210284434856055766833424671388326635953611705230944119793094132146673606598781059424515846704431501459838265185587e-245
2.80102804229694514535980768268500912942947358815541603416471401567503561431377461172145460968229847128782592503698304391e-252
4.01107152370855742216476395731670348269939290462896632441323672869654809602959854291094904193053134320017152172219079441e-259
5.40293563227540843051712185595809635784095201830183864678443819898965383524497384812217759582756814575840036992444449101e-266
6.85426898565343168727479619695459109557864576600335669392568830232885639010980691183461523733897065498724565658531795258e-273
8.19913577976016160410473124675897961573852728207212431942108583093593109458689450791595811825454164408593314652559855546e-280
9.25856504639155317161125216689084052869334170785944681821180112365577311794196860427561793225788712633607559079592120620e-287
9.88010932977777219677005638893001012716620498613340964483244440510621650416450710096697865327227551720847628813823703560e-294
9.97419694257252408407388049885745462905939649398503538730106471817598417953376069181393369368007223062164964819641832449e-301
9.53522225172604012918747490442533162544321498601387522146133381851671447883193847281126189935564360801491844948266972983e-308
8.64057918211500301708976401037849732094386345851234862735673073906238894140202855042588284892727572387119085277778447402e-315
7.42884489093833448768893515021509812958967158704546423049908738813873339918627691526587963768421847341995243209807309502e-322
6.06539372392531798292644448930077065313603094696232858871320121658792465092316180541582527492644778494653730267008327139e-329
4.70690283773598006833074048938838513827294816414714616275525523150488296233483669416736438127814368591609420329181250707e-336
3.47469237946978760179737558432322400375093042111406759476971847991959408437010708874326329338180890157732324582652748098e-343
2.44206104085565012220378901459278852007351713042541553869692401059532775333620222732351727517947243190573908704473859773e-350
1.63530292809116144607658869966475507534813204919184110008330935998256229364964638470031146789430369692534864493199993567e-357
1.04417416659420406255881496409105988533869568952425663770709840121327052468614269228404677654296927594381915402473996793e-364
6.36211760228691693762619468920573648320123005334298683775826445904568806929830738424916377834674365028032173956318181774e-372
3.70165084895424945394853344418781515801950259148737940334749734951425491607410460183086508598042518591064729179688666490e-379
2.05804891300364776344595983123757061220620667826933190655309689692634894430606255265529521838317754335281521547497422386e-386
1.09414479353295188150456558183527535936279713240370084350350218928659581608253436871516138726082818810906486418516680204e-393
5.56591392314762185955096650802311294128499325374582618835726807578446358400850037436674903908540953134272493569047780374e-401
2.71091680179700068630066464623497876346580904665074892999767417103681054223850488505841810654828184128159520193266035330e-408
1.26497349661185488752903601811026664502291830845370728463804749894420247107428195675328032486828859023090745310211236022e-415
5.65838040659716295205652752949228226027253917578680401145578328074134368407881459737213292264559407190755642118931795416e-423
2.42773359422834603405361432234989022056026956795382623704876149600774439910989398407742334820115592029709627754939287732e-430
9.99663500922315235602992128808112901869737658947279048629395481231061155596789950137443471493996559398856910148444678199e-438
3.95266179486520100141959428532441208856332224144287481866056099822318894396718023519780935587821306936378038415246271335e-445
1.50155482814805494924207938446058825446597804330288801496158416148862374723420522738416173235406560755825937625623700004e-452
5.48321189243338504902257599694674505520939453750902271045760758731718852264320666253807586041725278689671779313574931710e-460
1.92571427597992257145518888906040648990105984240716661052885663781464832934745573833258841968918024141278726073824129216e-467
6.50768754926454179590216894898224744513275038855146506115740310355052708359934460584248565080526662331992858871295128050e-475
2.11713794726532419271427790762348392415832730936125929790180796627573187283714655517967811662305432144133537294322658858e-482
6.63381883233153798936724138401329411813916165920232968243784614094423449901549400264349331499192820290742258772178562023e-490
2.00294662855113269092901043151941845299391722493293970195924944167635081745199531144504523145266177181697995290090481383e-497
5.82989793234784172843223386926941129261268777131549062186403076336388314728195737263619071894297002878289563314189548936e-505
1.63654572305328678827701684215885789996474057942256140381884955234873661224390808622198455493158088903532486835431929872e-512
4.43257675449545226250775500843447919477882028977638400189387674620232572230203539683843341290677900537026855415002198210e-520
1.15884748887953854152204418228166356578405346040984927695931154950423638859578969901962801958152981731941596041028061189e-527
2.92560023301762219927185205976393843874451326425649081860580472805293983936025929152910019664201188006403586985643520199e-535
7.13501835669853891925399383398694804495901261199431725138773704270563896552281060249208105157150350418252152729259913686e-543
1.68164939104727119270538490575283816182484238035834754803144386570843848955051931527086863557007996871566484206169551678e-550
3.83178488557489190696066203103628569971038579645211457705686113959911430471879556582379444266589643509304134157228401024e-558
8.44410267197547625469838451901011988172597332900757316565026608745917102227775608798169358384269183173345940277768141279e-566
1.80032328433785878772983114594529039677486564107843113111109923287900235183748123415168995918436616102794955517338164005e-573
3.71489530027988554416835962388845514690351967240454725252947514065809306468372996230799820925749591519998340185888173851e-581
7.42152105648448095196930182621415968592405644462095486362480152114352656818246509117741386367995205547664284403942310726e-589
1.43594405982457140843205016808887592404155846344247259111920102408660518096356759213060131466314683857817426898514780041e-596
2.69169137909570028518482310058464488742379987448374688448970831321352113409013187460268440247193697188274446042785388343e-604
4.88987826994232376589843045454007452976474890809549780075492768873256089824168659370434235889505907775348811315153419336e-612
8.61181850550299518541276598781049287632016833986091195733336378909079215486934100314445737338884338327513957625260679044e-620
1.47079419080266369373118143729148686372642971319646362895224087696013296321270098257459984702875369038335928838223649548e-627
2.43670307621045034281792742703644140740108230830150293610715905249663812088462208720564172260595898194008253381504994659e-635
3.91721844045782255881432070444444255949933114275157348893415923967073134397000642691327115413840213728192403566545741856e-643
6.11231430777848677850514741963849743773688043389736569578283934990111172944045557593309868910882850195240859885308244386e-651
9.26002202501007624999664156920673120011144631933529172960555568994933800099301202780420600410493496514066425506161204435e-659
1.36244863200170799126428838389007731705077401375139732220246800579324718480081312491829389959973014445602851495968754877e-666
1.94738133767938434467856104957561336814492529900548679890438600938536633368881786425988154247308892868319567056417961518e-674
2.70472620265428406298330341011358690978021829965851299361679816305977952620977674247459682261944770593435435360914517828e-682
3.65135047841560433915417978140870755725745445026428713225746331246838618296736397222063015927714438056258807115999513570e-690
4.79243195078706971815818042299634151705716410574315642317566280701708523159398473192649784297859912478753046943210146387e-698
6.11706119692455658532567483632048414152452303567002354969980572546275589511704545362820424137215531340830031202362793662e-706
7.59493931632800166512286082604869965009328652062313975370888648010786297388174468797436186083643919799068132721274771612e-714
9.17505328078897971642914607478798528825911100163038529851350110338066318612860557087540670972536588563151194943896210536e-722
1.07870314780429266746148444142727330704789776284162526938222542534275213716833943952271005770619038226581953581625526648e-729
1.23455016722208491433990497691856125736377440747779929648436108621620293677978528075121174933267815841142222817447087653e-737
1.37572470374731983845075585985019107239495199669554844792886327626511507373575487084009627267372391343650028268410463696e-745
1.49303880487765367133963326389818087902700297805260221672272199692647111332764760418880003070262385419717731845853845834e-753
1.57843410093073432526561365040765718507644657369317059065027124173387061925838533347489569020595750706624749473511456511e-761
1.62590421719941394348776149705971589827130096765058935975708969065121103121739593594080638733744507838826439914557625396e-769
1.63219595868014756222320453360747941158424849368865180642366325098752003193442502673205086839335577845279823789116402017e-777
1.59717522918856417958237626472741398196247794856931772257715737181924405163576931869196626195639968145224758459936961273e-785
1.52380110486240789829058448535916741555469798297577320577352885557469043770144826128826775862940644178925157797192481803e-793
1.41771994306432225503114748217237239817243086641514586686315101113584105193270805470549731110165132188500815794575079130e-801
1.28655562022886865007072717167654094963974110239887823881438061533924270431280013818338672669189579720002001357973371619e-809
1.13901827214175189581429655620163333451614547233037586494190701180498823351856686674279514499322714718384565971548340600e-817
9.83973628501791336512775478793222518208156484666156379547726672529876576045369252617955326835990457375476814985612707416e-826
8.29606455220172654413995075528512963164703034395262155941680816730417521278717376992147271808418267659058109078969737288e-834
6.82779673703729583191095269480739880538959370765719054759700691917079073461491548876527355048627942335335456638093726844e-842
5.48644999491895232659080022494591237946085088536472595959183794743198546136800020903056631299176473207006649152730783448e-850
4.30512675227532047261944114542201011043655157053126019249746244123446176285106249778638436361269688561011453813790063066e-858
3.29946991662642022447548734484643409849226902533228548971243945070488452236095222010213631008334603068589149720435904118e-866
2.47027284976601950230401862911233692410033214214150562226202843344472426282962719658449852092765691978496230829366689226e-874
1.80703184900311106223619788718682223555571344327840533264005179046977492014304048687730173640567127067619812172612228378e-882
1.29176422687663643020023726936267403111400116739090611036903339362717744324537169810129860147772336873344816455350500922e-890
9.02552662517231908938738102776116559547129854559683864772710225028066853462934737599885950919339461716419807962175406006e-899
6.16464211125516467004461229131157063503943118312015986952183536655033935883564669786199670921788285318287588796795179602e-907
4.11682375102118645084678596724057335719680334608095410498043746479707314429276929780811116507094714225806519697354924165e-915
2.68848592451309754245129077665813480621625855675365344934316093288426268795098833213981151922515818267048586866046172541e-923
1.71717792189982530493311086416606598071968046110199982814614465967993730522695136473944680919762180125064437388306892826e-931
1.07288898065761980255091664099257528022519260994838289615219719955320223171800009960860147759118526611495207412611383397e-939
6.55835850425251050802163215460059008817999846876179588741811921811627148975927999390815973941963867252223367751644539204e-948
3.92287381396047486390898350867026186359279883634422186830527032718035599704080877551414657602703956189295563829050047848e-956
2.29640940592006295998956437115006933403913604394038716239197814298738368418239972731356950347383818072335762122875121160e-964
1.31581891055685547924005648215244277229171798901538096187617920642710114131481032105616319476822715227002078508588775019e-972
7.38090935792180332919353094824981212677993477225050887950240071517525053837359412874386900315233055156478375165563653954e-981
4.05372957346119614005310004956366661310843096951412290438810956789858401558201183143107147136315524986508404101003489205e-989
2.18018905694629874740171808647818976587584114259768580907648867084754222716578026313630262028896710503906135877890713942e-997
1.14839285228842326903439137187333516609211328010557372271759485363732874361444596179224256961948756979549683698000067041e-1005
5.92523205495186852786570677233998849609117570210330672498764728297765172528259338687835844442065357449607411542944187527e-1014
2.99501904285709638308283810294218033030112307071019301084288420096306633137579260312111843286575033525339448733531040010e-1022
1.48331409571744751573854886510282071896277598114337228577735579756665344134660890351148535146575515528668077322949016095e-1030
7.19888345996540978689500890264545949303506868467112329737722201549149559544903923295130736900482594060677995612572885816e-1039
3.42415989164393253073428566219695150991020745681020372007718066749196720852457868633350731903366593559706888431511909741e-1047
1.59645773834621264458808182546185707438653749810661495241557610675962871099716850835545747538094530747922549314527472650e-1055
7.29679569400225742766838294736107785322118023874563781452972533707149265531138356211151347987984524492835851477377668334e-1064
3.26989985180609743182292554025735571011081245954064739358933915061096073644411816068619102234843683417751966762873738295e-1072
1.43687713695358097161916572485014434908652804974125222569670410905525915876797040319301270424483370130883326296669445758e-1080