-1.36415007915531819472390781657563615191975175027193520937566723558997310431777900106516197649843100416228912774169955149e-8
-9.36542010114030150768961632377368152390057855774921842134430231321746039516404392196518906086932539635607020915271016874e-13
-2.82133747877147433386213950947469130674125202531249601099400887393101139818387080798225644065068283315480157594843773786e-17
-4.21993434712894911824679801795724799279917682985611624844872532375257845146528848151250236078658444197758337009798985270e-22
-1.11147294392751730626507460576545204170583048653203318044481592755509282244334050078462991229549830016753021956365512950e-27
8.51450757437726122548766160150333532483884160965502200784977669796450575351342134929453925598704202420418901593837022053e-32
1.97721151919899186852561206300754986319690025413566393953532851932684903775970559415404725244267356967174601496767517833e-36
2.40013444869310434139195394185260179118351247552283462537333572989575233267592681281907167313374148595429380163420691460e-41
1.76021828413289289936900359984508576344447872936124434240373577103844452652349369929378669199917940262832089231144595711e-46
5.41893558709519343645766476672277486280329724676113789170605613840929812255831649562231760646810175303746361588259127331e-52
-4.75759389955359798854093672446390307219185308435791972278211443157234276472279131390761828763802966979321548697057097556e-57
-8.90082744505050971344508831746436586710768927645502142998892785299555879405711063198291007898869976338651735091118725904e-62
-8.01538684674603891046996632479196423979853458158703488789901502218985905976200239215084561405775545885819447721882987533e-67
-5.15299905627827610694412179426318152406384089593423897520722760504552450201058039106313649586361670423081506748938184973e-72
-2.57453198055642693400263805963847719681763668653582904079650218925907789491758327741195137280687500894350353262886186751e-77
-1.01957344364837289677905079446073211808706734539084721124323948005884591503900367977049523150021932010349925461243499667e-82
-3.11654143858042664631363244645099922843267498696533896901851445276333415236034655072098665362293965003224029434888951339e-88
-6.37890238353423575528535478890609795719683161009335374228714676853412648119843505327769492080919631109986856092703673770e-94
-1.07468283696969854842057381511684269350793850698327077577436913313792821194089323153218513064334165310944911982463827243e-100
6.53626091339322637254734610389699924365640194137142863108251974657688191102901863615341291937136179645133948610257411736e-105
3.86126958127218778637657997277319348410768045007772508638801917862274737714395928471061792722240658288885336777311594598e-110
1.52778469190455588224416589375469032342012422010020044020579943465332917336247978755986252295665825221930242420581803934e-115
4.88656423799576208834951662368072963985003349194685375477128245000928258724133264746062734231907044117033676258432322645e-121
1.34182315041995947062261793511518595889529288116513110532675165778841142662929651700948075409334131273733044425163734974e-126
3.25444687859233186158361355469467608334804340323911192770151341394205871865051328245408145100109769499741853696205231520e-132
7.08741264994249169740410884408811784496547144243254831806362219383188666647993204548818664025930103265253024332846345367e-138
1.40094292766241004559969441643071686635450944869137926237760311561206828419632066011431929173120098425459993549623951667e-143
2.53304954256191569942666278145871168518493439491465766050753641346974731227230667755775388863294092758243052556864102890e-149
4.21435049032822810028677167439909561450733235706901739396080469287674948998526855733662100510946674688585790262094835495e-155
6.48245599876451956655059899607775183446258525956544512460645646042096609012448802770080757412266397163902438100266352467e-161
9.25496151386165105786330949679020873474380025610556574257921944761733833818878840402851173689655604335893038884833986381e-167
1.23050828911204065316232178605490033512458051755175577257071518424002548602365890475142328132073454603939926498489941450e-172
1.52801149381548003604029563161492479174853116811390332407415553808046270576062453688361900845467456998782914996295903661e-178
1.77668245835515822026232745991618386028245807194816080638674036158014489732655873050723723129019997427194572433102129545e-184
1.93876486204501701995127520883636441209088871808582310262291375928050721030662787654354686503452143397735149184271233780e-190
1.98960871959444956537416596155376174668081552926785832028130122841268674666569122863337816482476648781732889938220794874e-196
1.92376921154144667570002013468210785317733682893382321440083177721792074953236939526824571431796522092199261305248113168e-202
1.75561617063969889926316835459336541325896662761086280392391805577426444237715795713805423963044579230714837210917264816e-208
1.51456809296568222008802778353359022105216146642067929186017067638812273749439829755067744927030514584768887885419575934e-214
1.23700801592678666485259418901685895155465343782066210097148355219989272845799997283360486829025787544367622809159210598e-220
9.57809960773524231041850755096442458561905890507210832348035130290890666471662099455033414853660415866159213477079596031e-227
7.03995492143542741005090589681741029290467349735974924795996497049727540486923071811144197274228373577697134599110904517e-233
4.91779983687805934045369258175228284037557377500616804087723906049485054880839670374323128566543302690288049802071882097e-239
3.26872777546347180949604513222608453033976595543737570696859482524356062653549760689829992138330943735689225853707549510e-245
2.06948775150150136437372900774180627895725040779198123510033669292741878523429413102596742008449555424525664774891344528e-251
1.24930303498184468796662264713680046052563277983259781490144219354511990612398086738515820900862509609827589576086962904e-257
7.19806516988489629128731243350773001820503108936043256608924488809102626850352485482995573154068251287595020306921109906e-264
3.96194593394797265510925325641487921258902999298190031790426496863058079456968101788291597828873523819878500216002902050e-270
2.08511051309008641330529892544762121136749234665985991582007573464488337230674164608239317884938746994188776679693416961e-276
1.05012999678673467952794065148384214668513375261546753957277880531539486245442730002530446422485583334259430553671354027e-282
5.06524238897764129386892263964649199450121358399749598686782804713673020684230678147819493970127271074133421501845458161e-289
2.34172303095386255380755818666666377792859686008062711532072354973117944647837215756926966956019441845292467796089331098e-295
1.03841309737539255162042998141313990084317239836513281723504393957830178565090297020575159809285399231727948926677903481e-301
4.41990098023606236355808987808378245402862452748122025611254463358699898328595088746284596138622413162247177085990599998e-308
1.80700415493889173121732012405691052061966159998978316807767509900660208846433929274088284200815904348655267328864856708e-314
7.10060402206894831226540702196523134833653886235564555507425656797502903637619490226722211535636335281653702895651728242e-321
2.68346414694954911114488340077717051903639058751751688146477557410808794217130700784511261376836149974060929114130659342e-327
9.75945688212923833150201100486614504112497312038492693852169544543629897007041514594028065867956799650221912796665393352e-334
3.41775228555311360382324371467984414731724721101910855307517911717107962581942073431202248955904000525449775818074563209e-340
1.15315476859358438221217344031433430855463306519634725279345955530594973645962698026088087520868631622294664637222482457e-346
3.75064072929937650522993813868885023976906116457713730325609120036723318219308627360221830241743257526344512435958146135e-353
1.17659001043134171501654176340158576842309924510361227778783031185879295436176482231768910957849412551736168206869828078e-359
3.56180610801564668360637094559855614759202994263670757480027380261913615888953029685184615604137641078124994886939958894e-366
1.04101605528084513464700798000314465720943768553527139730029714014807001609314546187230992759159251615891416288804465395e-372
2.93897972102251912535982665169905956876639496277251922855030877736202013691328768605241014883954365650238187536459366206e-379
8.01846847412683852429459896360321077062727233323144835248162771720764232913417161954283672147942913145899274281292215685e-386
2.11514235958358341353777648689166240718294126092571946461042899975960002857750268675197812269749843255384575088242422471e-392
5.39675957029095667262077057925775515323260807507159353120994282183794560395663453284753184050828541364378478820804563551e-399
1.33247273143164087631931856619939627082141973229038967258319715340163821225023105827215028413998504472297769510449583820e-405
3.18490647524650671434686031346432409193750019881305052017834208262431107154241604125049451346691857398235981842856373836e-412
7.37266440780631017312352183633846134055973942107168748441751588787633055904601513872655527177403293650436921672330515778e-419
1.65353450562639968625968287356645488912654412496642393078861494942459529641530630919126152411152127132218647978788608612e-425
3.59443069007840859041677810543277236143664105120000644626930926414753504671164448790892660362817558295184527954505131574e-432
7.57596065091885649196532363265906376154380491839109595748254179095876947107926376248498131930666488935384161135734339340e-439
1.54879725634819126744622149564399144310394978490561655078943681897171702664076398508490755443789909328606837930201505760e-445
3.07224052130066103680911513544875008403629131816647963207268608660214348841199452544926777255657468658733377404631554910e-452
5.91521202302970732544989864420814331861376219287007217847534266312349032385119039569071194461044205573736934856872309191e-459
1.10582618667709623533508456524291300091164949102545821146106202598868735690686351945645634049231864917854163744113108939e-465
2.00792885683005037820474114492811817071924983169414441949784456082574512118685836010395131914656667477247456132984002081e-472
3.54237640044877900254581110733546795101016717741576453986424365334666080901176158096876068003975766097917165682093703658e-479
6.07383206512246304071716458122572966739057412606546841305151860807020680358799023823623516188343881923841317434799036429e-486
1.01247926975131129384616156360997144090772668666873812759706611817664430384985356961299972571782503105729266969927227565e-492
1.64132784859421392422624420032589242055154081143380799845961874674421896835865905207828698806810405801097866469591659377e-499
2.58832014925290003781536137411116027889038612689803914117737773529901205282590376792123882466752309162363354707480958842e-506
3.97172245504310835687288611181911747999711906315604587853546894361800530186672725718807635711787368467338848445699569461e-513
5.93198564765751783901456830727557900757751775849402128362805062471555187427029790272016433760423699927075953927044847884e-520
8.62583228361541318164321092612796296954832374908223664130004478919804947395464584932573340060001560075779017295665202720e-527
1.22151419225684794262910828231790227542194685361243839392793484294868547079075854065495082007122738976370112255724734912e-533
1.68502761360987531604258732303939138073300579218186971128240792643344924171034818127214499140635239447949129783391440410e-540
2.26484534730067291331905741324386387883721286693582855328556643258717336964243592955363269878465879495326582672806536399e-547
2.96689946200086939417621920982416129147802910638137756841109909588794022277034210680911089751105276519327705019728113018e-554
3.78884946054694123099192647452298327846685196204070746076798270480970216872698139015442120863997918202053716619330436719e-561
4.71799470198801249039501266313291462556527059866216363434630380716389301760543870779745629698498602020194873480047006358e-568
5.73002308134940209461775992071408124469123157768352426762436304517671370935380529998672657178191143386221961327699371812e-575
6.78899262973293148366324232817340806099321565678610514731281250477309241273788086834758910508638430270309880928261846169e-582
7.84880613454940023531003922883556386824930327464609039804234633509287906061123283002934043395369684150035772181105117997e-589
8.85622247291086578779874600443671722802771206939479464089918420276258365633797510923735310417913070483764932638563924741e-596
9.75518675485798852170545130406396065227028004735651356954792583053879489081066112036323294227433267727129671256907911552e-603
1.04920058581401543423512393028306105378548042950380275186177494430161612274760245904627534956960755468700703893229212467e-609
1.10207029800371539154648093794924760007252148820410376110030959481458231862951922195260182175040701740403053282683534060e-616
1.13078018378819197628342377534652222550259064444490595381121181279716866660986290994713678730069147645194943216855891827e-623
1.13358433900847403828490296868579725663295897396870531307769135728489509083872019742484003995731458463791469962728712299e-630
1.11051207664778273299233197193957451241111842648112461810415229386179197759730558891144111230928279279622589127033716728e-637
1.06333969647009394703426938036388907078063611414296164742657698464029051823011750289499577457153733012825061691998138157e-644
9.95368851534933913177174921831316062207127634052178214350792307962762923523837831514796113024975929979825554066223410784e-652
9.11049260847047013614841895916678616691289181529961014184366709685521953681758622271005137136364359671357803590060719040e-659
8.15504871894392072210681708577448081370453126588779031216566092672501569636326722390588668893022712043235504034130047926e-666
7.14032282110637582561095598411757158992371588215155750301406677277497785497629180034299791329192683626468682544609033022e-673
6.11637453223197220370381457753959241943021887047800262594176582432288843372650609136424146943192762759016356520384807423e-680
5.12663343254773279492310253749776458947909803209070227865174718967074668580566432242171597698531256028513225433109892868e-687
4.20540841924505712136950307523387071611352468894506864037780238153613122642222113026618009137842316719405742227347416774e-694
3.37672983960358134698129932708008319235106302733436073635294168911669416923255075057113962677605601315336726599042429778e-701
2.65442192663969997793928178609749271098998055439245298146548791074655456534355764590944958689476948092565596669423634672e-708
2.04315444943612982536929751107858409878785169780444224418181345265774108776847865622549397384112035709597665228325823445e-715
1.54014276333296998514704186150341269510432104657061111306070970807271870579377434777839682528025066840763339803804095358e-722
1.13715355133202627016410445006104838500489698469488237818025846788729920069500634579368001478468385841787752334171424746e-729
8.22515904626968742762429463354032515048728366130059330123870562965523179650289080139485335566967081156253128039138461259e-737
5.82913605533664978131975364591566789009644498736270807497886423576888788585394584489702526366358069798258687707142169703e-744
4.04823170337069880064224166177145410483950150709550398428677347486501561674542924178857590942176691651506243567054338073e-751
2.75545534038816095612110434735824226219046392072459268275152572229245777609343673961571869209127394370711264881348641951e-758
1.83845413875480261598596080915613065376896544735768002152877859813271990816403836476872061723888578277972093495261681333e-765
1.20256129654247187593199875694441119836280675924973089183528032182352506695983454149757714472356144835893004455289824539e-772
7.71292798950093574387928212798303007434250338023361951462012743786532479839762121934629270276199886683919391772598045307e-780
4.85121662014770447456120235657485451850297115231001304026477784528787925678349622049101916405217321408708312589774024027e-787
2.99269314396545011929818274590252058220404953207735304489705918889844360982006562291107892653754016916140555129640987406e-794
1.81098037795832757123233266514408060016178510983396693068953753513151645019774813848906796497333926559082981412157119364e-801
1.07513839284650009576165907514143972374890488823188145637149146057281926051093270619784465635622006630153761706968941040e-808
6.26285347871538506148844513399177532286771193307092399972038663672759353298927809845689846659256512968868463784629776539e-816
3.58009656167408911459277103173088205277221835885197301529274789120937333346327603807330493936470581984559288801024454930e-823
2.00857650601879701727718676947788573641523419193574002605182760357487382084808586802218918552958867924103549667137383906e-830
1.10613697646140541892668522908679434570794540650827349287875287486716611915426813810441530777873590664241579970548468165e-837
5.98013933033590120193710311557447724856815427176754841249688056798536465272438224393484978533117002040480934287642754805e-845
3.17431309196611095017966408082868569210663584881490307530590169304412790158505462588609163604547098275251292946157725883e-852
1.65454179608485679122315721179604823442350520994380262498296817116832442264974064256320421457585685089976123719265762638e-859
8.46930901018691168380707462832211733156244581377363697640347130700750386200737977151884063027462316017407742312494735467e-867
4.25806693144380678733007480398079121667369475216270341149327708078873569200721847864018092594753249052831334449437060657e-874
2.10291913219540868247928808563738720983452083646027724374048897725641665696879835507539958218502977054118201016209335783e-881
1.02030231859181850097738762350329177116812254803544258271227164719123242097751671301795598510004394095425268903949384221e-888
4.86386313375093163006591823675503564986959390442601944585049861167429569639064376518515720117778320033840318414347146720e-896
2.27839641365079283914850350775851684525942039574229946732913657299031578436817453180323323142980032097015802637507285560e-903
1.04886925878326068894033829357052165814013591929203426104089868583089446173924252600371284772839932747973071698853064419e-910
4.74575784894334672003560095354363025997353279963985468246173310434958201199030094655231807758057088399372510117362311979e-918
2.11071378137171793957851261270818407948451418038025570474254281028025919033863942559170939375376867577939300542938939654e-925
9.22867744511620353169376550238927140280252427247347865742814738367810025017923102488810459761295028198010850213193017244e-933
3.96718214078426474152910166571274763100233596771304655196288803135857339643510239907810166222176754933943831085942380216e-940
1.67688385378847893895064634698951605991804382603767272736213595299485939726178342634297727687502948667350624265917637782e-947
6.97022890865084264385052512348318135474002175822027653434859432273774662485466256734340402994661089323078036703510488244e-955
2.84943528330707737529397087159730657518809383135728545400044632785738586790487558643883824508555453457062992740121417062e-962
1.14572973927251339470604028197729046806560199131080201921156460424676937491488865049550415587798097850688345032695109292e-969
4.53169422644582134317522565813111677752248719376706552198155065291509082689416686464445567886858816799576260585078996999e-977
1.76334339979599578179661948057382300020292476491014408833325298947805588291740326536001393742125016830507432368344695512e-984
6.75077171334415692608311636493051067646767793634645094315652248333760951632068914213204817012753025997127415243630488437e-992
2.54303305283156632158766966053866181587106335738531573494926900187834311368653049070435374690519039073687795964081569756e-999
9.42701014052028473319188965242461841176188312931282842980408482002041532117376932126195847347442745200357416376263355430e-1007
3.43922165277738503371845899174247915581389524275377970333989360865998583840214872750764272853867419277285249248437608370e-1014
1.23495443509212255260697171685003968784002101842014317274814330629469453058283378843956745444766046023456310478167217289e-1021
4.36501917331873789194438206168957845264053707357802738631207519584680734567508684919433735297773912445705666571715051519e-1029
1.51881627671202827547768959969283282481832164017760090792969201878146391993670990341329383489403717275786591553544733455e-1036
5.20292000798199866686656584069025593705000966451812946579677591555694435547896280634301208112681671077712691420843544241e-1044
1.75489193487884457468988381177347812500199630390616928508578975055470803992177760679951167795203123556512052757489354451e-1051
5.82844888079198267985395240580842210767485441656700074279023279870604246160896739229520634361092403812670024123879601441e-1059
1.90630601148469339413699912623000582894864593216062583852019297425615277496664625856083303297861272184364277213108462429e-1066
6.14053845362792712088427700526026185006750035897204904536881926964987150479127234446892732709346803928637038904332681005e-1074
1.94818989602379261278594218597328490978935842086055649783347251098281962874768954585155850063830419453050906965796313922e-1081
6.08840424031308517173322724311664643380898570582354292586831030013497780739560269242703345591840993412810546635270326188e-1089
1.87438585442340890054072634169719760507629943321481575185545940770375306308675836791787866917041777214229970905791104974e-1096
5.68503845109425488044170341544696625980068806460573495190522460329539507180674827585334778497399099764920286501540517255e-1104
1.69887676937254749326529172314307048704392369833653469471731452523394471619448385746606677266259733618551745782664667506e-1111
5.00240903469825699142618012754910368473672873222362550896457580060216692007223459450094286642516346227135574758597784762e-1119
1.45150916411192825092943351340134923206191480574913523257675568918087369284387475934056124855704021862619580473988337337e-1126
4.15066478428352542225987569056142944637905133884814234389005336880299061310063901792277627952827011478050768462696006474e-1134
1.16978622949118758188593098353840359912232483972091557983254974489951948831582168803343660588148202353788794252936615860e-1141
3.24952306810553871705842411234324012925679915344308700790255551577412548061064756284913052401547281575475307087166744458e-1149
8.89795026997099668942117450644823801855752603486651723377799713907647532540008220659192710385710108888823664613915636150e-1157
2.40187366212940134910903948066755777598768378342774011339323128346229132762336311570870954221637045468565790773036922374e-1164
6.39193638276813514856644365344535952482367414520506918959115006395666732889749248601991403039699821896008929801784478844e-1172
1.67713781300811511783080995678793869971696899478482664069505244559590293694874794963061064902927085880510591456364484233e-1179
4.33901021266029481497328864854274999952266454044423088477246089009284776785275337015399347719690588868003965535983157860e-1187
1.10695374376883582613585966291173344379029991957188732296340481686181152277851231735889679766447430929769334532770914864e-1194
2.78494162592705980198206526425057350090750814382588226358705794963739468011095540390427347519407908342624667729072843890e-1202
6.91004963722175310405494343580097423791142541016868277026651242168040240114700203450927829665047752718892455816246832208e-1210
1.69104435187791590599940076680301340986649023641292861981325923132367064059703828600154131803998901251932584893553592039e-1217
4.08194920097270614783607204626294598823706339708958943139128188020909835135634368640162936472708564477772460799292731689e-1225
9.71960604866849358572525502654968912515973117806734937965157161624862229997531449324261399976779542674281293693791903461e-1233
2.28311403577273156883135512242770644025999943637535191171417300686177526383106651499220156053720533823434592309350651197e-1240
5.2909484606528576581159445449479535659639588461846760569529214382064976724480048180327660818398317267884266839990745272e-1248
1.2097489847006502709583758463038420446958367624031954983991792248296496949180901435051286849627932031257518286887826887e-1255
2.7292376080244725021934976377478017733884328542019873139282991981123624001769652227938641240172100864676469532346252854e-1263
6.075751886324519353933761258588125796737049629804411571686595231000528016129120293670494830033515273702270680054301035e-1271
1.334748055324759435444403784937595841648956366433213698219324162064199132297950271164874426926191125013477357098885993e-1278
2.893788953687633859084113772997204713183777369137763846325727047462260966999782811105268217526422287258809348230798698e-1286
6.19198853468675298019574884462200162193027034911990337930535265990605778386174673679418637645744819384997179706947213e-1294
1.307724738456518367740297411544151342783259420009662415442508764558779248029447698987053580224116562507596294297384707e-1301
2.72616637808712488896236862442052923002190242226872682639220910019556237465075099992264464264809294948152971490365845e-1309
5.61002576050448551429622174514820349365786533161276798167146730756640440888328372212503856677263166700806763569280445e-1317
1.13967294658746108530724593761805248481505512938449864133967752928315504931759711796848462256043787975413273425797349e-1324
2.28572860942588115858446841496455507249204661564642117065532030304617447925621143182301168825573513962154635370600833e-1332
4.52609891020970897183530176650425936558661940400362048472222622208408588022588042170945506706418885975718321356814108e-1340
8.8492005081812981882462364138476301355042185637868704251325236914671493054550841876155202930315628829328596632663182e-1348
1.70840202725846450529159293149189666504483145617021908524394572878998931910995665910725713133563929847846267385126349e-1355
3.25692202381977121901630917894654672570959360281040407210152039361021595662213641650632402393810493943221231385633051e-1363
6.13169924312438247829327104131786765613493983147353218529085896564967904421485455120147794339550903069355220484360212e-1371
1.140079826838487874725613324769005247976273691531052180642164246468389852602122831179429897864457635306599870647178533e-1378
2.093606777697017552637416068688944783487764213791359546268010996162376888742504880550609252208473011491379867417390985e-1386
3.79738552864711047903258468809262791377617792638820886923812977953808498278793650585315461933368659583072399289220259e-1394
6.80343203244761555842085340750091169033741178772704017438480279330662017388656565502453135227325339847404546936605553e-1402
1.2040625264021103479167052261071613380119916854454726738143407591201312406942118899779147301005863728419839954692509852e-1409
2.1050930274569094224036879157436366829381812126919469858960576086963350173489006346574507371824307739276477330134513012e-1417
3.63595274038561232660364286330133083953293866457963349752833014989236864210327321575937094121504070408638593460967558668e-1425
6.20458965553962304520308782824081947490542476580027382632243572984459381101997773492849049909196124338317719370489382836e-1433
1.04611349652200875960049357344467684134370554840137890379343634121568595650714611628474417422819648415867588655998307996e-1440
1.74276270552097037717515910565581770345485083751005366148482845743690604831680037026769827885703613974641957051061424040e-1448
2.8688908633416011144564829131180343666303395954801421795477032869260720784208747208054990240116741050678445935876871159e-1456
4.6669002994251496286969782093196361423146458990542718079685694399039610942407738275662738671757569813117793074765917634e-1464
7.502464659086579843241722079740478248055824026486648556193487968984729885498402567480468555894766665889830499184112347e-1472
1.191961848697844239729367029093641466320812219291742820378890878792196884857080203422621093583159199182425137194532156e-1479
1.87165390832909720271746775119650256880959731282122526533429008933586608653124141543533096459974770448128308270080193e-1487
2.9047929004566731220567213778920266970568151139484623222681963087287886205129059461287753042977006502849019538064688e-1495
4.4560771600551807776764403560794827712293760946546751651564920227265955712007270302844581151212862663188747735190547e-1503
6.757085388049730755531754130215118953365427540834949888462578542287419586450616225226276421765530365460700176209353e-1511
1.012876246857659391781723177271908861628413141167240257922193015499877595523540755639981379307620713792949132348352e-1518
1.500944248422114793689241908364766650218084414788060866271188294514467693149559420407278438643703291982582080470002e-1526
2.19889592817214821107978319884390729613317711362124725062863507062772673792740126623056612697772174658324542406682e-1534
3.18491099648950092693334460890825034074887018276998363030676834078223608775725230164744734374106539079476762174094e-1542
4.5610290370841589243725073140181902314414775089973021788642305872752914853878373010229359080037645765435834353375e-1550
6.4583491032642158456403653520438861833234896476281064566552140705616829607978619854445078844374521648157787471572e-1558
9.042601751523677761692002582998149567778352117333112510319038709479512379129850031796301436890516244200597533723e-1566
1.2519829060304068757225869279392898183918264827461040816789979029877084994039921548535623812945924662190256856494e-1573
1.714179270273532117529123902489193081684344984427466572600236041019427226001333996596532229458255001567017790870e-1581
2.321060706760116546007229760721528030191422613257435758563385741368836477129888965977408042333230505073467060623e-1589
3.108197443035607878156098850071368675050737646689141978312076929464261853213686631927681225963517229474323133407e-1597
4.116629650618950640910714328640944731761367316067670602428247731597794695757212928625314456397818239461455168195e-1605
5.39268685582762089999090808566194903383287434038245456177564958097661895821362124973437502606538899926507874504e-1613
6.98743474699670715703915112399385980684996166891791922881784848571616025125566843372235053700870641705821277575e-1621
8.95567424861555033600594106692354774540787381941443755947737262002688467363536048956384788569107212206514863965e-1629
1.135443226448609580878165040255417720288672986338687498935949803961470685335148695017745748186483300072830723502e-1636
1.424090786374192857713023172700435175093968370369760595623660283849173285138226903809804605248274888033892870381e-1644
1.766987208375399059563906100558100681972763156282203783230176749130221920962043867299733235760337754075825298800e-1652
2.169056303555895828847912752031125720848259468256387121371083919433393578860199786983260545263965098218513244914e-1660
2.634316842753985930760237310107396065463375251847723489891201284215596918692843547843965857991300464202875295485e-1668
3.165504146380313742979545324526318233620690680588634465937242790756299079693997280472873391294461737315981927304e-1676
3.7636848632147457009628064146111710584936693499393313088886600280717847811744795761443197469605468379951687574258e-1684
4.4278893613053434745059065669356472682518033804358455191138271207600898835733032585716647642939572246063040839102e-1692
5.15478944902213060128387637878039870933509225252474890156108016285259971220785612844367729551704171054549845677916e-1700
5.93845059818601327119773050881200270193374695659730987759019638955429650775394315525445634571795060963056982132697e-1708
6.770186991101941477931736976604308707800478040449767612587981390676787817813899689642582093459994978441483037590203e-1716
7.6385442702647556483008777751978375331184155863685783977099552704922354033970309068496652824679501413157631509996983e-1724
8.52942877999671152073774608054918947912037299097782964844393090105421428139271815815327880543709420519099543461417483713e-1732
9.42639357582921168350835726823887699297216611078084613249796914298981665638838126322289086970186917018020285474883024798e-1740
1.03110810492734715755478495608068716904275798382617327686879614008880823383195364553860739715911491516773000613326816419e-1747
1.11638104443120706358291616320406646537079195095814602162027943316506143941217771871383488260125588616091229220884786861e-1755
1.19642868012367718853050196673175439130403685619242510087432993149869801445171688048535151852294185768503672508299847604e-1763
1.26923970376244886454407696367839611091765775692152614868536496300514764153379176728462032407342259058321203485165480528e-1771
1.33290500463030254998027360983322642903617455601407238826814949405412869456876262431887071180011203710839428193181851459e-1779
1.38570118113945089151191915416955074721642606192899787156153959468222680093946903575627204196624482633506659433142654443e-1787
1.4261684329910786333732568575512763667524077262051795998955954158150210203912834593728213212811899161936689851755543639e-1795
1.4531778957605045363399462693842737118698337985713488297974149392790179010442424623107569256039751578612071188386280076e-1803
1.465984066225459420879094942164194130079528313906256828839791719153414291227874282226248907482768379754144781808343307e-1811
1.464258915019641443293663977812663145713824410446457778728031231193939214692573852176771193017141816490183931242775745e-1819
1.44810551498664325290540854990716490850579406968760371375724178710362472239239690906346042887066987754720179579859116e-1827
1.41805042184156591121267857720330792108129797182050751011499716584953501924722423532277269865260177551566137926985479e-1835
1.37501550396091644154292161371135377315477108815146062120644434755030176911810751674543016734985012005700975118693038e-1843
1.3202713019187226781319195724182784578873762863438102361403192705161912269228436089384221614877668436534281877409085e-1851
1.255375187153309338893015579012423235336416035516573343933597759285237320645355064804362974890532694688654369103783e-1859
1.182098486341785965049064568512388857274786726830651248927279518572931478724064769202686128665419430486228593268443e-1867
1.102347278578903949390068207035766513746295842431320811470201709728303643601443919045434149682989006377913304956134e-1875
1.01808172805673735836355903783537092873874362224762929121207183460539681517218440200102603385391703615958329639867e-1883
9.3123859519526567855286993919583335072381149086323283163495099456151309029858877072101780467685022762606854362788e-1892
8.436610181356129456639969880971819071987755528714243770184420314289004287737941599038295336844735194718457667006e-1900
7.570388457502874171343007026803277902366666697737260447565861476665326576614829138471314436730159833698078996248e-1908
6.72861822462130825506977885956659069461155886094029075054102742440664065923455580886546325330332603342003537078e-1916
5.92386871199050229853672481855022392031643239527349538246842006081490710654724177029103255875532229151408647790e-1924
5.1661968768448126506035514196619133365939801421882027914696102831882847826076040059731849223021493709625805029e-1932
4.4630992880864059013682413631197528694331457763343770470721572963972103390279227546362487047082775010669513080e-1940
3.8195851305014393911868851532284112368603817513658236462670182262307244163820518400592285431990087659017442227e-1948
3.238349921082253203429957921031147662399337734230403105678480180489232095041995814678629980170518564414965614e-1956
2.720026166614982624241902396263072191836396315140600600342913091681664386684700616013352340855606787282776438e-1964
2.26348600079577729945771851894068317074081992043645025388582533156525074629964951667981707269011019172665599e-1972
1.86617158316982975591170716796613304702626595273601566224259148747136510646610589847871445284848163163823123e-1980
1.52443135299827748819072632511386327434086500207701517088313726928062394839389156328789129202354861037781371e-1988
1.2338436656020010168491889856334618000055985250597343821482212132105110394539307258434775561965787416135520e-1996
9.895134334711705489525068897575745994519894864823424416379178939569798790107078600548954549384154141510917e-2005
7.863317132094373697947102271812327078726074989238393911298507923964051042971231240218292438329920857896544e-2013
6.19192348881288780274404025106730054617815711895973714623985327639737555947747299658709866388989029426250e-2021
4.83163514793580517197008152028353222390134532606522898335826535669134571303830352175348372843301329089278e-2029
3.73615103482572461809655375002581479838753643897409525996740862976925076354434601363760480087296308063124e-2037
2.8630527809144538517294453372070682323592147870067736719788319634175021693529504066354785790191943310291e-2045
2.1743113502380219091149594994382967629471165666458102516829561721499756154270824124913176703181293153843e-2053
1.6364935093607493514623952709776299778082440468572557117408549184842965779570446888991452095569735150800e-2061
1.2207301220577309333030346368950796447176820365756968831499637831730911209554193742014903671219495450472e-2069
9.025066626193610787277652111053035640814781297214181733476917280081501459246919870423978259110425382663e-2078
6.613312338578049140473454253373745346771267709651212066783760593644663048500329430213545461797840180657e-2086
4.803280111268862625147678510588280117758026659252205654744541175577127117864140051374391274465914278182e-2094
3.45795530420249518885032224530806480293498285395228809374473540687382907220136950011789142864863518733e-2102
2.46760510394044912983745931179124469841615826595385300376897209835353080686053881599991032073855897514e-2110
1.74549628836273383834023348587623046501656127136372084286455915261301491216662372536559888602816092133e-2118
1.223943217373428495242151756667228388417509648388508071193843722121226299779034947084945033444309800776e-2126
8.50774939921499011267750240893344590078996052291425732871521702111214672663847569936887162672795322954e-2135
5.86261154567939885403354462920939609659151715393936127266775794342553477565177506641368022647879658635e-2143
4.00499904242218800439166710166785316914798153387821527965220423178901889204883011637943010517470122066e-2151
2.71244139779342330571110906898059388311421597610224057339796051742698805315481878018722755262378778767e-2159