0.994167281202157066913557434761119576359054484635323546712749636381153189708886867698383386274898712179924958238262832455
0.0274229749303419194479297090959572094264867557160898029728454486349217227193375477224076075139789225181616783216025375988
5.82410227930242649818580542788295619315363402093404430023163728957140878219418320542352588611458533291807840708559188017e-5
3.46838014386019059158238644560398342812858454635543483867163354695549251504387642842501446208078250535947969610419925833e-8
8.56136168528282326791540459464998283309357496829118250129993165079164917211418746941297326502697435924298655778275243361e-12
1.07351211034756256764790617611828014840393932128474838836830781430743121021520606772422418112920327481675190590652451495e-15
7.75717563313895667000322209469734132976583778345369200450432581421207159914666835013148993485495673930730638924509713820e-20
3.52105681090477917499822711670182807685344159053069352077910572269274801572662270969735227203758952368563566945809279173e-24
1.06897269319814782166063446034687866673135899273439168494681669389089064970768262714820382449580027540090263061832704761e-28
2.27680243699092812469303406004239971194870264415289353119716387759090315100336023433188818844982455875548695609567477818e-33
3.53241412126582557033343945008342051120867032797845139638043885248532064858396640464791206024197122907015833673214250774e-38
4.11518202189125768905510072231636585252808376156568932486918513943781223633766280725955552292275375177177630959638955097e-43
3.69105524566178206758353518540348434724315222371524470191370060544409937955815174485890221913138277437052319017112987980e-48
2.60302269314243246511033399820603983249502341591507907938223309509861217011661342806160347428388842182186791598779322339e-53
1.46938045137763995358488449549851822391654987935254219041189427746014542461485481421844999444229245222857743101851438423e-58
6.74227695008844393535686270284852812029330356011861085617433005314381096282957193071351450401904029939682960761442579284e-64
2.54868203783165930031388964417610313376778955009510937582361846601709743806447381043606764213489465044712209824889771194e-69
8.03108250458078153953388655876852815918501507429059948482388105335232362595481304921915910355710708493034367309934803305e-75
2.13161283610054046046735903118429073648604625132730280881143348880972992395698839737369123086304648116285634372902244451e-80
4.81009980959522707605098575971372252552518192452570159300871368755491434686417439829287046807359150409361171653726543965e-86
9.30533705288382944455337500306002667298554941088441765613821533390796240433636205989958464701733466407626909614208681233e-92
1.55492365648263811349308420865868290936150092537071643535662281829096914843347375406221214018961807874312810526060608101e-97
2.25968107331367126782525527084940413776895036956242523359241188737668492490652041893694929289617596065292908331466230116e-103
2.87372171467496051490131073379231333818891151631650053160857962071236572699774526561771587672923772076309321539228753188e-109
3.21640019206832226844772151078352152509033213455981750374613664784769477661416290215443787467113005923371480062812421449e-115
3.18485573667520341584859582332846554772222304605632293548509513407126026364770644741028420548934565147161383567009912961e-121
2.80344634799569664722095672188018384107621475232596658047457051316012095685254721053046506957511494283434075173331752420e-127
2.20347526413761441328569520372875643125960847677153904230390037331491718652902399846671452930043895761475675092222682961e-133
1.55284324832033872574206836864063886637069552748092870599759006755658419279684112883261935453704704880847324876686628996e-139
9.84951535837153837041910468749949909613856200360345052059800245455010784145916917163734503870876219697101726411215069446e-146
5.64314554397249626937788557219872566010111417000123100004950970882234013403563580327401282529459671497691378780846585061e-152
2.93019348180921816576051609590026185211620154709551248369894681329651816142924350767103554339470001608446657345441746337e-158
1.38323953220755072897940176953776611921771839226126849489940818067886637089037427796406571053218024285409461404869938074e-164
5.95385590554314624836643213451331423005424783319952338048276110558895419826018207483949256420015555818852984469803858312e-171
2.34313199716562798118983037565339655931987653894834020384098969103481878927850200038484078276912494913706130313733945356e-177
8.45319498822963970960012879512035832042311088743079640456406264009130900968109366933312079007416321563770171864456100636e-184
2.80243338968131216781064065077183913064256653936947555419508387174395263558646340483948922986523490848642814333375500875e-190
8.55748602475535349421338105378373051219179750127605367686991802368450992304803848963941206503760080140264784999394029740e-197
2.41215990593484252613376093843069205708781344244172431475116619302581210393822443984679847532557919160164918244426281807e-203
6.28952695448508243096330179893485001294225185360149222273643676163748018756026547350907195394992527848969488435877785921e-210
1.51998432975379760205595947235848393203636773951000098770031075033999323743814340474046863881129920799801322561063083541e-216
3.41102080695912391029967154161690195546178681646721923744806323047238216277870476449162234045562907037283048684540577184e-223
7.12080927664131367581350169308071514289199774906734434616515044319319426250109117161915150082197085286302947760533449052e-230
1.38520211531320459344482859470471211262437561365184009680085636051935002149520113626556565682865869521713826005233487795e-236
2.51501643740427009186410534777752004689725068100318240688274831512899834856849932003009086822117544540395795026006517730e-243
4.26860312031746648383223443629720864541841853277567587287540739985331503767013546288833513400552627883111912168630166444e-250
6.78253059244629920184492201226917363070974834117320405443799960113239360819964902077702752568231510298932297139616489955e-257
1.01035697664169348595288434142672268222189043535603941792486914615500473910179314982895140945326033267118940690514922833e-263
1.41294462861184905831526627889913776998729928586919941943661728825656379120564672523840164307951956243474012802868386826e-270
1.85741276796638637078612231737531228278504891126807890727946800025971409771979452540554272433047869824032971169263610356e-277
2.29809299553374423143678730019541709476801298586446391486798619222412429793808738815461486902181133451586147002740890613e-284
2.67931671919370994894876749010356388015774190507314833454103687624353776225935335704534447030237569672098635844374777689e-291
2.94699182099942670369957442676503152897751938434353323140294778906160833101921830656121030008226687704713013653180640372e-298
3.06135905607899997705632865765257405025882188155035713278468362244385898325946217022896833028754651898377173935354796086e-305
3.00672761378270438390302915839606966078104192582412636055072527696684881952798603142569506800492493155829605146948083184e-312
2.79489413600099907197355753180138244368643287891330245453910546334869249928409629533930892147710187318865139597361537511e-319
2.46126835528152629559390523489938766319865073826787075272957154080011183818876446791912891922264815219777387296453325463e-326
2.05537237804961373596141246205265439502281170849497763137833913356525932201155642540562970711137067883137607580636480044e-333
1.62915032329210052038583693860862035437449078032150353319684221559388049139998350153672509255154792386943623659951735451e-340
1.22675639919383484536730580687495400430565385603699734443843203874970392084634688061330081578685765897266909855196511135e-347
8.78327425246554335909608022942301755380636402718040620680065436090502473498641110585573653244128726810554106998636493217e-355
5.98435738091863889067176692501585995366145551842293930230839312366442770568787137397505028238983598350561486813379368186e-362
3.88321840492462969601901254488367904028722142657799036382816295668646879512950677623491318650165723877313770061566331594e-369
2.40169786975867662456053929255364479290967317057244784822926719380692811833394645140820459992030351011976896979970047815e-376
1.41685545998723659890705029714634887620813259042520023248290479126994518010748232794041741400256566470674253420009621131e-383
7.97868867569152378465936329252479000503698211634244685022560682356607184033685360326056842184308529207551320999204277366e-391
4.29185208404933633800676855656097701356091435464607056403929213977731237228669289327137926373211069841680470740769638669e-398
2.20680727713930355033650053885441733514972054236384913384648268824941018798007527943688950408131954713387834137214510422e-405
1.08537750853023649869393458335169394599197576053293149015716559613226421138535109313068017931705804915271605456191893172e-412
5.10946951907088490330727868439614062287663842043110959852956161140779755671503793665624415924698471333071407774585731737e-420
2.30368511365597988378401495330379457781238921271899193192226678953648821723540356206809650229805072596602781855268427086e-427
9.95379482841621690852600402822725729906981435682096261942621621919455812073616208993530226910246461845975501960209248655e-435
4.12411754820183286025227452933326488998605914850045934905943167058181687715883890436029708543106935204515574337898393139e-442
1.63946274279283770908496535127671990801175363501409167342481353000086693085793192026835940841329118282884940016355550047e-449
6.25669199281819554524110578807582591217615608158860111433114582692949833233867392828252033352935905174133029190094048341e-457
2.29349968138461219115638011624071949564718097932847954150677279694797339943091787508669630695943972386865255000800285329e-464
8.07969464188886642473304502001343264253306215036336395732380880666449796432608202163183974772464817926050214917639136114e-472
2.73690157790043227934447841396568510564045078345776955588813039906310831458637904359459332479630019782027451047754506636e-479
8.91889746878607576246075044106592185618280717001455488904619858999782190472167113072712472074923696826726851003952108001e-487
2.79746789763066129522629102991300847916636694220690839199431406377145062298691556977027326096638730158466449503216033279e-494
8.44947647155741945261477109652539703350962086495531141147202911876689404761658643841620715645798380964435827123543405549e-502
2.45871874333314819432068169253475506364889290217048484140387640635307400201668276274079905357562255690137866130855881520e-509
6.89605758516426757587260835526997158816319488821255483570755129510709184113083809666167455002936067663709846560332371874e-517
1.86508952343812945244084707674021451423205093756866775256048345354068181744020082420356248834895142365335067975813142450e-524
4.86625001850646497885397848767969962753694397773837802987082162313542512837363049941468648156238052051054855542351565858e-532
1.22537711701961056094880437654011285290101554596285359850166337653983661036000516475783662449596855343523005720323069846e-539
2.97924407263042507645456616530928075277341025979310226688052443793344171214577653893839632775307344246590240100620700111e-547
6.99647941052197044853706406152309689544402660504604308338223436042324783769681552589714035153403419262630770969196473772e-555
1.58767773948366972859478995751451874796669324239293076319017531438425056532976222047310007729841385379695000495068581297e-562
3.48275351342063444626614297989905287752681443926595896671753260823974698871169475486292697320845433741121366332378000862e-570
7.38797163053615255720399494758727170171177350807413341616223630802089139019921401601577563489568252036894360740206821337e-578
1.51610984756498018288545900708533399543359392559880445811197830727353210148738827566391007294868996394323975146457626187e-585
3.01090077551571718443429465720039449040388998584301294858846773872023822951294827645858200341479631068872760988863834659e-593
5.78863941180401643321038510469920681342950666577815434803378792846087971252801178819945444013170496134530317688563946314e-601
1.07775858102567956210750030975901745565198003042049370833820492715843408845761487825367191349851884212608023203414630815e-608
1.94392225163028633714247220159373706232077309268027863529171431220752508228270928272156125540577926002341864974229194633e-616
3.39776301371337405615435135408110669881079480745022235169452270858944513263827902846350716531578451134479519727087321300e-624
5.75712235252775725015534838834882485411764321419820135686321359406777845163718388475224696160703683002176198635416458394e-632
9.45920210081835058824179465662261472401052269143602412534909383502258073210223743081192681398734547725066513825946449119e-640
1.50756448125365408791608599425959855624383838027504114525794393002628431493592325182353957026183306391789607419686274711e-647
2.33132373659121461163688264635425593445069489373720986709670934968281429243144419854349567193670286268023251519331948516e-655
3.49916864464975259515223472108161540224587385295755529155595219458854411553529203972495631982795484466286397703473427694e-663
5.09906441198837589659596701692970792613370837443078716685642279872570540862374925476891481933283704796864525680860847365e-671
7.21613584700540267634568812725295133347671629175945257081691959703800957629602651602172695398453957347676165664054029982e-679
9.92042558421368785152548999476419683246064850258627342630033047926262598293346223846483461456519250308030432809883112876e-687
1.32521938399260996344320224473081203721194006657029636644515239282637385595734714094070530267492220400594977646524168600e-694
1.72066100338535668779428988524053448952007267224573773236053233651254650698062267550924486019261109572538045802237253002e-702
2.17204531156929825731403697754148483370864651578897072083172347342375733133903079046229305380646967651967956323462659261e-710
2.66638148259602844060255410185683428577518559355974492538856266964456050000991414139811559913732494999618361983400425017e-718
3.18395733327685345541612291887342055967154690663080527888672662535510197455117765811233580581086250193241870707496444458e-726
3.69924773767193584366040143650084868314008398740302198196084579006339212299202268922088373950272469691826499851419709907e-734
4.18281352679627092588783354275765751487786074617356544632006053140794123167986704812894998765994428303486436146637531955e-742
4.60403116737378000166685085755903766811489405172553497943450802749718897003638606273543350359263023034208694871948534317e-750
4.93431129743397932897199269244200295943957506317628272552136523052688569037719764850031737930610685544096773625121893399e-758
5.15033428210470243965793932638565769109233176763754663174240900576154457592791204015915541924105513562700149540230428209e-766
5.23678971651816442403467437010104189640456621709398800368651122012158922431843951742426888481788561694108490284350978594e-774
5.18817028790427511644359319353982219174422989609038299708434922117524126107321050540911480605344870825815604789277102605e-782
5.00932850150683873960940376526052712380499939807766286643766157925682961263816770624978449047569349970336301379678887738e-790
4.71472310993269275001599693619420563337792283911493096169106235371784593703820064870389674460865182331154589821947303897e-798
4.32651127052846621446221139480793159425817527904233479352928309167409321280953541748127261664300317609238637897582045265e-806
3.87183166039413218212275582763945780007293174178325745334247475757869311644920633949145740843312274408243815541026308642e-814
3.37973430296068225954165362118095244380883376032835145539355627180313766396004860331541136941981994831542358391772376579e-822
2.87822746941465677730524533633733384056898248577721123994657878499451955835842755966389882797696330793693549404171573241e-830
2.39183750527521181146696771527456763703092058321124986797573028537967147603688973594091389804427220366767603874450415887e-838
1.93994026854980612663200703643086157686722890348958510720287526562456023404369903406609919008824380383407474242260664319e-846
1.53596003040119101631300558697497160809388916012057691782956521577540512984238694075104254559604967505027074178115805118e-854
1.18738000489761094019642593988608955934639363008288130809097176137360417686394739989119878276230528656369902147828597712e-862
8.96395940066972178627830391654713206024934967083364261915182544032100240122179534776002881176705341244272441550328939710e-871
6.60984305865118223921153273363972261600488362529479370472271424328031574010507250850447146775064641458924245573912204792e-879
4.76149200717544075499876771859799650964902542966168071160409733856262355165045133817667879119457729288307857366075051476e-887
3.35145903291329571382355769636648799565919402288315041393187628279625261179743947121114371266748771448818683507615596183e-895
2.30537093352861885837017948408989125109110195094566384819459852362148780189282951734205303812953012227510413891091794668e-903
1.55002848838643476049155807165676353055362761638844338986642417031333660260719637784063627265986382347026500668014982083e-911
1.01883837949731749697874817240564576663682011912322169448996912649253381128117681832143573392828125765750350246580900713e-919
6.54803996607826918618583389638555448842402990008926336674312781683057167685618068413838826096208194579463384707869915253e-928
4.11557309933618568803707268099842456357886612802453122960361199960259495345214858287537332498145154282107063314480573208e-936
2.53007726980033060605530698638466924588180335934229363654879665813299600932853560920848119746833870725786666827909457018e-944
1.52157079007219532945601558133179534706360667420689407442853903860893450294712664738813168970312949181902459550335756374e-952
8.95312964615680700273278164127337159436225011647358373182134040117126204146210975038916891511024307999996294235488859464e-961
5.15525718558259448364233860993200034888591500602458373341057081145160584678921439313794597624014744456398825383263247336e-969
2.90526658229117130657818823383888661208944131008760297972320624707395812001523545012188400634281386327175147033446401001e-977
1.60268550156404521906649553857374277590957486259897647832295603641055897484685947802016699092219437709540021255777304395e-985
8.65571269445130794959353601104957013060841492009312845684264321216110821680233547011565939186526415710522235432267850955e-994
4.57735061928268527371853769524593845102118501863985889166837544245001902894320318340590953524780419461399901805136013211e-1002
2.37053334108359879892523312644410848694012032625735315159943927942673189906017720137108031958477980010059739644798831969e-1010
1.20243423199749542587343184695007090478877128733849154192585657950528210809433086033552028756922640413465172783156732633e-1018
5.97478033410496752131676796004598235049559595902542738453408903007859650921201024435362222097645271379269121527559598568e-1027
2.90863367033043946968769277065795326068884031561929810162316269630508223213066160078943757768336974485449901962494059095e-1035
1.38746769954238227044982630206137146946933443524130849532898886163244829453514789212677719829409538984895997512410025827e-1043
6.48609029465773582520133749842589412679682537474224653618606364660881531131881519581217945416455319916668397977141531228e-1052
2.97185791962245600947215330142006155728829827823839671099602420689762175032827635046170734677099660632098640349650869285e-1060
1.33479922904985341346088408782015876932901479124118787759232257850864913899699983931554068719013191627679148202647277629e-1068
5.87765172028520673604996282833199651592959310521408408663398581913500706099596404970980948263210135288815765972877372680e-1077
2.53774593813106537958255408726690361457627403086313966194200623597439996258353802996020974257000909019736994899219974516e-1085
1.07449521540058996612689800794866398975817734055346715168529951788586359553333574769996352459059606005153822527180880716e-1093
4.46198208167187698205807227929841712664270793135187099884101279446068957299366533868577977343913639113739876584214847160e-1102
1.81749147346477555879171376420281392329342756923157516732670536255698629279095503471680463053249710301572216588510045572e-1110
7.26259299323908846259009423492429279802536269492560148408226668563877349436766637043079851057831349799615179253772897871e-1119
2.84733557650531501339405538907813769821058078637856366802077734526879198697817433674520352827695040522852502511964661254e-1127
1.09538154481139441780582367283603456101365760737211143656934692678190044945064164390502397632482445727888495580328849365e-1135
4.13545729041484173978077423721102653170554533293350508234118962092929826910091995938853558798561206146842144997106976074e-1144
1.53237095541553235855985019146580352442353225128689256058279579790357758785742212823227896066799056431944883850060164972e-1152
5.57361287716135308292280406559092725874994812005359301390851801879180353573346129496805934862407575839562355925372490932e-1161
1.99017769504431823263191680388463714031439068245979851647448837556340037053705054382084194479110411948240239433565520276e-1169
6.97715084685487567878355818877324970928249565755599299330221242211362285284116529314966289691532508756826945554712778497e-1178
2.40183969757084525248264953773255563491652219018376145286240072184306024559601857377633428660493210946605052418450798260e-1186
8.11965227018132771303897105049030303243563159003566252755280119258656730869440821241811182231596390824229286320638788166e-1195
2.69591150552078125769500793825669894121191498148578868630543144602803685420603637440635821750044959516265090623739668377e-1203
8.79215512103029311193274446663040468673488282749017192133549286285143468662971492386347830566877159077355399947841767457e-1212
2.81677867146860589066558928625060522655900816884174089393741133505608974309099578362782680961707366668712043680263401839e-1220
8.86591160686459265802935278038220337989246040796643440157921380855408895611466834979515593605942125619034872041638858386e-1229
2.74190527086531088107619908729716122791868336452277223300969322789462757682597989977196384082928754136392422836470262440e-1237
8.33267474735220145641203062386937001397945130330069934097772629241875901760574291221560765652526859429539857446288738207e-1246
2.48864752316987922911596579655620016093103649791712280142510624085963962061519369246401862371561545227581867384932415887e-1254
7.30521261693561088029072459395097536151744994699886589941241841112276344747306687828252792698162869804722946643884097084e-1263
2.10783143214784888301312826393822372280835052570186324423326232358603757499714393801956726786440755505655344094772321894e-1271
5.97881317261376810410543434072504058079468762905128917595096737394580101529510420439326621839480123739561873538087969841e-1280
1.66729420943146384968828026956256661056372271022371289977854511815287524511822857900210370865596399973072421830599529637e-1288
4.57161072190410952948805501116413681367771247033508775641253817591024053320016783288822840959487461512658420545038050441e-1297
1.23261403261400410594062444855938499248553484432647921617904638255105079705633095797727344920932157403009553427965083807e-1305
3.26833452301064720223293718427123099533615761299280787893251775330903506562056355394737636453168027391109731387841639286e-1314
8.52329730893254575836359757512176935376106437530220099230599078729214987777228824382302371461295105130159682425332785644e-1323
2.18630268152517307311188877311992960469893724066792723294104783426382628845229876586754598258350871138028350722670657807e-1331
5.51662909268075630965922987412777993945177898207344480428148636530485004764338438762675945735998361783119917281091789651e-1340
1.36942117119405386934793949802394976044244351396759356834772079608255676117327964309490780528150020831181805951003007942e-1348
3.34455643810991009975303011588821850674665804947016346314299666445760935926971054494254159415373014458206991891784678147e-1357
8.0374138015830799447384074402170637885182994071138176297085273846341139284504071416396265368740970404673508566632739459e-1366
1.9006760274679108387905085082996899745248598607590792046786160010820798354557591323737317629930318067169377764044188582e-1374
4.42334786523282992358189755319972959454971566474166824916351725723409236040619902475466457587898937660330400722621256e-1383
1.01316968251397425463567053346411439554932546613427607956390889488145360015016187653147871773344425382148271282580707e-1391
2.2842195523752563973454029186803966343750389279406148907294492185177027716914526630107425723706586112767280411372975e-1400
5.069372024237731742030051669173645335723945948003103764269652664486836161965228514186318243545645810663669685661085e-1409
1.107558968907938813149958358042780383209694462997222233267137064535566706963237406092945149329737922457746460219188e-1417
2.3823813041165211253332394101866699603411369855721791545832716990558859195645663672241620185099086616062202331474e-1426
5.045711143373611792579111462860176226429497297283553853468041031061771197675560388295255883937157687890775461934e-1435
1.052288474900168520391521518052609621830505790226533355491787933679479430591626186784805006873626793780771064895e-1443
2.16113962076463312303577658363515463468209731628740662751405804916503112922943298545968620275995728901005918649e-1452
4.371196554781300644707573041141524760041532986294450165469703346893375836108371481253034543674457541932635311e-1461
8.70805004548729448402135913831114717972017088457642810888624544565951052258878951155631899891175939244475309e-1470
1.70874714754375276961938377218394354906105939560763300421126689724845066599626341459991848277418871096460372e-1478
3.3029644207755872369399587569113421436290928013011070697105804412940676702160277216737037959984600849342950e-1487
6.289726600804396696066729691959359956415283325137554960801803320863263383275789391876403612541932576809864e-1496
1.18003168875183688639705251962250559092894127068413709386359398787280654311826814599506585040139389657923e-1504
2.1813308050337247821685520753649830251990167106186545819237022468609939767758864614832390387426362949551e-1513
3.973259888990709878051070017360465536093882532848885013703631487025514023213542911710659057902016945093e-1522
7.13183520552286478951778746937227179330151234913929252698111744370923465667867473926860137523972117063e-1531
1.26158209127315144372233887746857383334119810060843885880241186183140263025709178736708022465662189282e-1539
2.199481553022784429259506447659955313924609088047119355763093592533695992641671160886552259373480300e-1548
3.77960254112716977869684500971915458397852609364777333593836498648617774412214894693512165128495323e-1557
6.4021088826983984713995037801235562899471649820122154876882473481773449743806689820299720789336192e-1566
1.0690079209615163314421369118811782419810643325582389088368041289696585164594403317427959589959302e-1574
1.759743129627468493129237382308752956521583884314938401030601288282453590245334315574522623061234e-1583
2.85599463088784824908992483665705662601561686770437657480323857653169107545675825267944557018481e-1592
4.5701898137663165530998772243544274948310496081761435138569545095460211271846868775965185708839e-1601
7.21121676781688778523023955468751677770153578924752136502642891419970487282013131160205838843e-1610
1.12204112455725005128037185745309202697435137606990194241448695021251375007551738090964640714e-1618
1.7217222702240622784151839501408772381859437137023690160131178197659268507493922518855658986e-1627
2.605550190358641935719405360949127928853434427644527185563742455245850162126965394458015530e-1636
3.88906751713338935450634202639226413677454701302806678011090883904658586313367490421016495e-1645
5.7257005584502170784139775758867883216080748486199196544266808202253666987009776905518169e-1654
8.315264259852650301203251772046349625229973401202826954626932514198105244952660027878071e-1663
1.191282260720868996728350520869257579003691949051356763664063055331640440756692922787753e-1671
1.68372502021196307098397622466906977122749365302497246433598341935793053825705355381476e-1680
2.3478587457473333237828761800114342119451684970134811152877220357186659170481415924181e-1689
3.230303091479332160983962212137602599528320693568146653709402328545781658991132216377e-1698
4.38541862625942566496011931484895785699047142040244426507941690895328739286052368089e-1707
5.874907768526072614415249185627311601981257159267264949969152640972347368725476759e-1716
7.76674006396183136839428475441107284636771708303051804125114237708128889295102602e-1725
1.013326720263018978029787260889440243730502875732871623542793260051031598980152501e-1733
1.3048430871555208252034897018680642106426242912856232506524996379578301078579430e-1742
1.658402711253190467447283069014552696261910761116283614395296084328424227396436e-1751
2.08050734997101143291929366352604513934024547955548296742676318337504319676860e-1760
2.5764426033279939953917016233850977068473979066865316687036059319824563224386e-1769
3.149690340393329445608068791421719693478322654905372073947024911856409942364e-1778
3.80132860560769676755931716299577122244572415653545259515659355208154816733e-1787
4.5294652544299461664223174839753894453772352865778194291637745020529278187e-1796
5.328758121179789872344677507242660683580459726603380152264138848627254610e-1805
6.19007672470702813468879329525633117581450458114742206382510506905013366e-1814
7.1003572792175165571358267611425896093983799456792281252647468965713499e-1823
8.042693530085373755679333804762665701289901930132865730976016094780409e-1832
8.99669080252768550804693009427595502500007306420162616463399250974021e-1841
9.93909054204700255451753806241011272130667340730086845938330616829298e-1850
1.0844649211427562442722377685667132362530849028370802778782373192341e-1858
1.168723098813282722557483722102545283976701246374867843587869422607e-1867
1.2441050953437387075047370630287033016065527467571471481904970592e-1876
1.308198710032690873532611911068475242709561324828901520110293743e-1885
1.3588867906374325235903171714079377876208374780585272844871560e-1894
1.39446391418114427685404966534984564147665709842588565765607e-1903
1.413731978682845252837361185017810803442374209388505466840e-1912
1.4160672096117867114890285265733140859996423591124258945e-1921
1.40145335633175867093466972463180702223881644136296128e-1930