0.357725203429254568175218065965122557576724932684066732307541127250429832840921412652646945172903770917359126362582644068
0.000510323593359939425325103337329427292906318002837152941107805949559291900010539727674418684294706674949644742217615304925
2.80598871620055673135611032794145944476504414326629024693277270714374535752506152935848446336630060415610807135179534339e-7
8.21740573577155553860349348022726222463473932865162226284762565058931047565899871658184085524454027579873014361632763354e-11
1.48150716810573064319924015013028037332092218150495545945186115909338068684568367878281006290673295345990891282686931849e-14
1.79166152170631533643286027139579746911024759789280349216475063598177785989156106015573702667827652949386747869042713280e-18
1.54017527889271119977754670991921741834279397660078266839258572594763578072016617359752247128075930896286565562413645909e-22
9.81792470559663746361032371023456901526405103941665938847927733983864240212421023300140153514466938350204572229909378806e-27
4.79408013762267455663017603371050944882873489385261259742977030655063232633749614850901521909651581899035827416434864478e-31
1.84009969250667541146798780176074989244427631107415623977010615835140121528027004098587824653434100297803889627053461712e-35
5.67005724111417675090567948778182541616168255960330822501112811245078012404269865659628401831212449640306001525017941502e-40
1.42751647440138255569337219268201806776468163885132206925912078390756424454561583433530706238809050268674529777095044644e-44
2.98055653229568503214721967287088916830885055682502351959458760851321460488843672402924997140513119280458381609934582243e-49
5.22758067023835337870516070491120650111212812125444583854689958603002836295524023065337453762106844199613676538332071655e-54
7.78804393641739022297185424874765099983317635646077996972834491288322029880975065756805139577018352893879139684578140502e-59
9.95236132221213514733136128661352081037436354461506162678635751734556225752456109955332592958842499208693113224893193238e-64
1.10040402554081401203193852982996236979495172716793451865066330031095622149113146599492548689333873957580201683306442105e-68
1.06085869186289430414857513463381643948567498158361453030327924593174569829262230077319726681300492529703684112366193459e-73
8.97944691315277356461496073630771366811456967835316534908218522464637865249840472366970181498657506465043718918343973457e-79
6.71494964174491513178265630971416482877652121867558822053885980444212811140534549881202612743366418920508633793296125853e-84
4.46169376118261180238001904333022148478951312541302645830140216513545297555518878652692826185174636309533682323352223212e-89
2.64767859344113114510456612618570838989759090793612254817617013246929624794718883822282229873842647033926077194233314281e-94
1.40991800482552466565600311082601979195580285391110863461725490456220654625382737612041056093951595771732825254510137299e-99
6.76664388405062199993317189513157086636329411445154475257044093759046388000273361886534198691051552767470936989644167604e-105
2.93862572861910044058843505335463929210898620726379015629574601372961905154728635564119854303541639950158711037986968602e-110
1.15908910416633552336590775259488359320346108028620114968155035495504835815800930998594018186308457238575250180571877819e-115
4.16662826893161683646806507950505080954586560200894287220027765337469949109010873329664806192132959194851674794671542848e-121
1.36942350946112149576529041177497252212086616847570968175364128401726811223254122067705517054136351035715393295772323231e-126
4.12735725277413509225687396797653938941442834450380270019086080891399205789211176444002830526478191455155470473273757968e-132
1.14392988490591753348840205093332716241363940530159323318063952206049599527953355144246062658832080259520546551603848220e-137
2.92317793935655242512115498700856273907232956194331897229218354118775652666886510398016225747363621259770350119061282790e-143
6.90407818369270792216487999396418897526384572664735870185266621884046466217924073787821724667203727943011826385506468764e-149
1.51061464952387310378211749310973589761515366491053250589572474283846149270915406960196183412020434951206005987909805011e-154
3.06862964475526517156830911068448491907370363720417041482299193148692576766073683974300018605107689890009455501055406531e-160
5.79923175674971760772699075005317653411911845188433492911798939376053575855851003963968455831837071431350494538253898899e-166
1.02158745958332601775505893174731237674938896618758526362923680639894917350435049555800561012911739532373071956777152106e-171
1.68057919012947732573182263063608992029247879020456988664583401804703925355392868047695046238391897945079625470742555173e-177
2.58629939911975347054650299109884756422355978951978240351480751217321304022544806294649284459041672520913518284000148724e-183
3.72953746735627064379427784658999588691435887634765338725037537026168587740296090151276912106833016501882487225121155662e-189
5.04745207976645048103560073931296566388835725406975846094224067038672641771092807493310774514710795955135775005643602342e-195
6.42070103849421847779834165526570058775753246786077886785982809776153689690185723758198403288969564432662957315085473858e-201
7.68789121852478892062851690469020105955935828613440664828682293841028317774880237691979016612003079685705780196650649502e-207
8.67640308530566939485251700677922404467636227406698852779586600475087064530904013927448499495454488807042949285499754946e-213
9.24158889755094170004036775878118908474561491771642869748959371219665663508428943252177148597960039992072557675853407851e-219
9.30186468538485147437774834972049959173485540339278969780781249815006293738005509269183344158893492632874889618271278517e-225
8.85785814595550037476751037007738621230265499063548538862527814101288451822689124985321592980126108157902198630544945651e-231
7.98950672445175163636094404304638751713077316234508697376418095972335155041628136232279203092141896569315011685183116678e-237
6.83314481322529841897451997565193198384318584515922704870532930733896770827588199428842257032063520583658821388566250174e-243
5.54738683727212690139114894732497251190049187116768580175415881777700081712624492787012266274576662872351042109910967982e-249
4.27920625361393055703226497963996112495945916478551887332585387056899443081285543486370160304450733236345701191529950650e-255
3.139552560903667530228792009062741053298051669876655980947992687280641222175687304117067700507195467102290402715271273e-261
2.19284996655251736301467604879400664046634882018654208931947311304781663800159282674739452497712622289909005125778886e-267
1.4594138514596665242140976641288803837609849832163208311523805008213243344999733545303290951295845331403865334545611e-273
9.26304761061886023420988694670389759574438349428032464305454152795106437011566077675882285612801982564453695130416e-280
5.6117617345434393738651102060773836841301161170305137781226698875473295666503593342590997060346567056749313272075e-286
3.2476234705614368656644374687382833050397346689147159244920735680197929280650286002443150054489154005539463585497e-292
1.796769423898047778126452449542069406859945889143674584425960197366319122368273812086204934566668905916884925447e-298
9.51057693423725046144592885301927344697211922300897752606271174875325938583810213058115859802081093249984845354e-305
4.81976541249366320263661857333923716581075496035386969195214975145410042535208506903827000047819667061476595736e-311
2.34021502455666411232527869335307904814194858585009782493505048781610985773116426221171676817973794586420001969959898624e-317
1.08941379966094964572575295954953409207016559523581652256914810635361828602740393054651102430316827719839924297265496994e-323
4.86546374998072031932313422351919131287546949764352324306189974516940891345678119042930601387617039930030900626895320257e-330
2.08606539125720585732870649662750858787336206574618118612542362599613726671501730347658955487699636716455890807643063333e-336
8.5915871424094433732734868212005109371933233630749915793379859391168730388348140518040855923778916386910667913499454675e-343
3.401120515004860994704580006269801674461499039053665264580267858468525691268645441866759867185577263378055580730394227e-349
1.294873441408516924739131055691665084585190333534398151253089270913015658079563465012375039741374321618086773818983986e-355
4.74389859445473648279350113732456584528902208825702010351686968036103416708021079823219973760784506056386673752197765e-362
1.6733439074624600790135340301502957617084310365894423074641327629740033999416505742602436148467372659529101504810383e-368
5.68602674658154662070499604842249843518343232656678586009873379924462136827182319295106118306346818313562364990036e-375
1.8622247138706005097189122286814095907676688052106964698346590652544330970082320810311963027121130514861314599588e-381
5.881310745852559488721628617955200430139854022394599324963671924510276042971489612529510757858447838798225652680e-388
1.79204279201285311357635775817002568921067897427828559449864295784759745272308151673375624614897629264502271022e-394
5.270628835530232930990511109641317118037826589071207392853816864895101147575107426716403269067233466074755029e-401
1.496988186524191254027660895132274812502745890018930061788776493823150199322820890153821283835749104498150545e-407
4.1078347061794078749802560656481372896318907905487365267819422652552376646099001436342684730117648784166951e-414
1.0895266536117614638307664994307413893925828168438872798240632938224527436335781494241055620486272074052517e-420
2.79434375994967272829297501517740068177830587493759862621212911065549997282848843113200167838589296000237e-427
6.9329955594232983747835799073813355004803935742159236869106480516785445101484795232823119980558736617033e-434
1.6647101691102327837052529722612832053172984342230506020175361750842688077904592679743789783682734576407e-440
3.869956597788569523599274521062822978583147410861151794245991131853781597281557303182497970242925427663e-447
8.713491798433667593975985119324276091243644472935411746629724842436357832426182713280037188245214983377e-454
1.9009114612778977261477180653172350375263782036669076089732957855956621905888731332244609479089989491079646e-460
4.019536964074989054967776045282163586982465352071305024355641613258517952281032586579383766661246249200548e-467
8.24122570685304518352708103624489311167197412228632677676820960253721024712420122077325584493940941147305e-474
1.63893888376378431767426366948951999786862804446660430703639436080606263728747738343731733210755342921872e-480
3.1625608040135849703973845517102392355797701427939898344239004733848142624397298040134882322067210978577e-487
5.923341765921644427069231049626396436680558832490242946384774106990406516222733334245784742797641756900e-494
1.077183777487902309432324010655229721984526403832678846204635674182254752762594265881695679792847832648e-500
1.90260253865581616232390065293231570913467019251074619230959514496585651042434806396443701341164972409e-507
3.2649660790619162831888621225049996799721518305133320875276147475595129103139192054699236417717319268e-514
5.445223612273575063513106005285606610657574283642796545880554947694948524981831403767946827039338439e-521
8.82857161745931978826158779566073921052104228346511082908305884220390995704925736780063898756195726e-528
1.391974576739544687723330730575859405045135345019787498044438452047779186197967492066268932471698933e-534
2.13483372858758835725037147380305626577718905504778365528341237064557860607919264298117847434091969e-541
3.18575116923349620324277431204117003526154468908230457640685820377355568416796405121425738112178383e-548
4.6269553680298573348586615899153080226677322516797067556775982817365287831299818313248187967844260e-555
6.5423323371049739903032717505936632583772667724285086465527087038468733446612871516175082461426520058e-562
9.008231039276198989156845328827581280166478777625818132268098283472511848012633583792825348694171030e-569
1.208174148935692532101994260654697057290758176864875564937229870243350985221106174058268172797938646e-575
1.57875201132042740363197708321555227651384549511074884132510314504514352400815862118437415588028722e-582
2.0104891094976867993519787414529446746497885884897998572907612619366145188408984454089471577420598e-589
2.495743390152217782986007329106213059956049092875486053286357220831595079152450516279085961181357e-596
3.02074071447602547134956790116147981864924776741878618734525874514356477171601121001402710008159e-603
3.56570337961237023813110026722012010993058055450499171608140937252099936924233729615359096645433e-610
4.10578511413856486070187536688882856348759847753791095850442493422142282507245291580627413599236e-617
4.61281009386504976855778797975635642491244510059285721985210939451092947078998630148166031515820e-624
5.0576710705057783817935111203390236585132309004272278494949262545473271543333012371692315090769857626889897341e-631
5.413108681580644523588227573294494528444443023028676747434375070085919776651732007828839603571247454088839921e-638
5.656500851637126290721722851059037568246594667168206410222185939463401880348343847229417971409424700305630309e-645
5.772261733130542732407423715819438736860526591225213219136128857989537147151830777996437214500002829461074514e-652
5.753494321066365184725207200607773113782063704505204253064240326358697536232240099341950260701475013959362446e-659
5.60265333732041370243002882803197381266251738090926847351564177616213322720723172906726530443326147327354454e-666
5.33113310458516507085920363456713757402459572205262596957530838128111763604092103282922110931163108824772348e-673
4.9578664482430052040478968142599379462420304998165426010445714331763614026221591224932338181650362206821660e-680
4.5071704819556033096775765551243452193581549140926027992297483688961926352720872431802234262073003163881793e-687
4.0061749996659435692805513572630393751582411707524081016451572603544832262024879090035171489065786531492657e-694
3.4822033193868263660109386752389855161782244769233629080145928179799881728281116483119193092246592326239057e-701
2.9604433659914334202734467212954580899156804391026177283441464204629543215532220936768355139024069378510991e-708
2.4621620333071291476658350234376602605915627764731049252734165195718379573085907739188453109239415547707063e-715
2.003601117961532585871799008541712773996718212814710704268992894712134875887095213817896714354389051937581e-722
1.595573889327365744104932308591237840119770130371360654933488689543402648713917520599623438674089252071802e-729
1.243679916354785788791481246591398290282981650761188598513962526276969035565583101862024882639095025174058e-736
9.48986836514885220522053665489197834269352567594279534834636357176610048466964024860818746113920617695200e-744
7.08996790992714914420468020394661930762585829900375805517496384533699510031310729450770967507510355437818e-751
5.1871925033910812775583630802723196928078012793888610140171704283312605288763330707167684970930627918623e-758
3.71701965612268659976731225612868638570733658359005161863080616144323323683519339960864777156438045565248e-765
2.6091619364425807418552176708497029953514845759180108864635199323757658848579965087978044670281747533935e-772
1.7943993998759764460836028711617085447142805987644901703372668854742541285887100918031411789995836263789e-779
1.2092505066648402958610991494336095005762543015607529873094792927194822154356255191014501933432613934356e-786
7.986540161293044886076544745877544681181853724149490580224268370983612083595120955969680679263858377160e-794
5.170249273461009898183694637835232134079107835156903142106328713455687826952335869088393990808292799617e-801
3.281246613417856825324446098964127378238166934603147234927505059568799602816493359527115833111404151222e-808
2.041757154146740824796556186424550466047275877706021058314002451936770158350068695595892809681346330071e-815
1.245860529514974880452287340801639601123680473987325635793644744388642035886709873757449719004456779976e-822
7.45583501860076667797978363987005537018188425862248928213319307173577769360960654842865399993745502601e-830
4.37668385052293655615523721450642180366256182979064797132276485990058082161475902812541541578919521048e-837
2.5204362670459580909060999560911415179378188859823121146714597479288837771064849353898956236799050416e-844
1.424120374321063241398982783362894023395236335334699678910504614867133580953893954318936209665509856e-851
7.8961621937138262592616857530788784119276423945387226445710477431980756047039934625159090724267532e-859
4.296758363415291686964772230426847001690569814939113825937790332654638629086582706978801383126054e-866
2.29497331601215345936697906466003860092114878192140543420810162810323396309243159850304761935550e-873
1.2033216624558094259039227873826833689362469976283147425707427040880174745091658935600347116881e-880
6.194524790747729515061354536125658488880294977601141401173770442283380856617263047506601509218e-888
3.13119742273186799685147329631205743326669236974878224417998082965176663717821188970079900364e-895
1.5543270172666498145238438815763078757779069196637759315241385649564802003745814387564185640e-902
7.578031477797927973571271966419352201635860945915173639147625877734290930323023752795698962e-910
3.62914521572921396136501139600670674663397054446247223507294969033423387474948937324228560e-917
1.7074083350930381693798633468247707056577524724060991406389313859722771402945932007148421e-924
7.89234492019839145539495035402159457442148935663929576941934498508645599227285218249709e-932
3.58476062752334246457466378746164024727868796335655904005831402284699968233317887404140e-939
1.6001065129867810046711767428769502297515927172741984588431235614983954607312253777489e-946
7.01973630982478739228700548553172687831834579415479429648734836365563737573901237266e-954
3.02707929291678095775372392074801281162443643993960407446495768822160684632722361137e-961
1.283232039791382739997964923906901104211393079996196213411992279483172945601831817490e-968
5.34824992591809316605339750085144970060865432941776784177083802175155552618607561750e-976
2.1917418871326668574184186753957531762332245333793987066283546871122857185537160730339810128977e-983
8.832504536350535828332599490017359494075856996643437464518248316318316202022974388877969773686e-991
3.500580286849570329587970670506040218742832071606146600030083901255125245174442004138655891553e-998
1.364590473236463000698675064145933364914326556167610847081012409643904644677597464967240139568e-1005
5.23256467011671741186525896975368935906588650045449215270428877052120702391705743020531187748e-1013
1.97387739208148931229129050829353710747095349403561358893414066645657399866363405925699569627e-1020
7.3259142931764207994042296950564641594301098268439258928778811319509545314266777582207463542e-1028
2.6753577363463304580069425133255474986209100277524050400232404068615905807543347316089156381e-1035
9.614396433079978073287891897637068839459704171345903146677977141680248587646916355492806146e-1043
3.400349764010149940746300935518735744261051968943251241534598504248105457752710881356440947e-1050
1.183660994734578741782138610833017200504995425670124267244409961243986666182670745602284724e-1057
4.05577221852830058626573829211777752868031165326876559755665824446994159476907021598704608e-1065
1.36805031928279186641386395201215088273182462704992979384177669019466885224754219387498617e-1072
4.543099417160511490146286335070040587655498966724133064027775512497177150571903690720789e-1080
1.485466843739419733832256680592038173609777601384483274780454110763322124601747313405861e-1087
4.7826950302002713917227488225205962113653822590102187409203799378399005206286397085756e-1095
1.5164197405668394714882324197059081787075766170727652770212870671513152389818391701111e-1102
4.73522653512372632276217351758437592889333874434927346309608198062473638019921544049e-1110
1.45637707148508579930137407819535771062335739018390726837520581163119679265627941122e-1117
4.412201904828505790089471917991834885668817283724796070278245739078812723490727868e-1125
1.316805751022941035122080313257424608473480363623763567881613253526403488999371737e-1132
3.8717629367535087303625209722109813667583514397696496434022030304176636964727930e-1140
1.1216362192997405107902867846305107651246663946104843529337825249383017020588131e-1147
3.201744261081653685938839474617638643537980376834567653254743087402234369752961e-1155
9.00631935805938508749668782137751200900482330268399132700051951255087245734362e-1163
2.49671226554704522210782255058091572456339616851070518322275688663831550738239e-1170
6.82156598956929848500725072802776454243365474548914034853687392051513097797792e-1178
1.83707858428861080219173955165588143256315777864289274805509684979742636312660151208e-1185
4.87677484759285110226439591190605325851058197337956052240794190553260354046274842369e-1193
1.27623868403383604466229778640621841366587124790941850277636923571838519966353401749e-1200
3.2927434069130179210785937989291703424062785656225537508406582617509393204803785239e-1208
8.376119655841447146010148313410602632566858315885834492192287574444760116123304349e-1216
2.100964586103623362819615477127974752492406357633658325634854925899303455717548997e-1223
5.196572724777172416848520558159456965579029262901764149869632776119298136898332838e-1231
1.267561152478356793677180408562416142808764069394785808646468729731226337413217859e-1238
3.04933654358001030185376421671467843553399355906696161496261682415311765479861321e-1246
7.2353059121825575303877757099934652723423747434658725550120811114378980470647305e-1254
1.69337756708783769619396077003285665673415848258963883178714739530298128293698545e-1261
3.9095432844430181623211901869683278467370019432984825041227115101102076026538225e-1269
8.904370465869318024026431042344236902540961960303891814787345487492259210025680e-1277
2.000850957852598467002693308940218440813200174599425163490491042495772736461504e-1284
4.43598063831445966578319618657766126295147488848894553471502835389242483667307e-1292
9.70413204073365279318812739047933336969020841405261749882576304031457440441124e-1300
2.09480879929406608816356712216418732514054878821748841251823639686764857664039e-1307
4.46252766956596281336889453890754739705017613207690297855777542447246845096162e-1315
9.3819739059125285436535738975654600427879235865148367410630916763414693916035e-1323